2 0.36171875 0.1640625 0.16328125 0.0578125
2 0.859375 0.16640625 0.16875 0.0359375
2 0.6484375 0.16328125 0.1421875 0.04609375
1 0.790625 0.94921875 0.10390625 0.046875
1 0.65 0.94921875 0.15859375 0.0328125
2 0.14765625 0.315625 0.16875 0.29921875
2 0.35703125 0.3140625 0.27421875 0.29921875
2 0.10390625 0.53984375 0.10078125 0.16484375
2 0.1375 0.69921875 0.1640625 0.15390625
2 0.14140625 0.8640625 0.16875 0.16328125
2 0.35703125 0.7859375 0.2796875 0.334375
2 0.6359375 0.7859375 0.2203125 0.334375
2 0.6296875 0.50859375 0.1984375 0.23046875
2 0.86640625 0.7265625 0.23359375 0.20859375
2 0.7578125 0.28125 0.4453125 0.23359375
0 0.18359375 0.165625 0.07265625 0.0640625
0 0.14765625 0.053125 0.04921875 0.06953125
2 0.1046875 0.08984375 0.11328125 0.15546875
0 0.74609375 0.14453125 0.084375 0.071875
0 0.28515625 0.453125 0.09296875 0.0640625
0 0.17734375 0.45078125 0.08046875 0.06875
0 0.15625 0.5484375 0.04375 0.0640625
0 0.27578125 0.640625 0.0859375 0.06484375
0 0.240625 0.7265625 0.05234375 0.0671875
0 0.1765625 0.77421875 0.07578125 0.05078125
0 0.740625 0.7296875 0.05703125 0.09609375
0 0.8 0.8125 0.09296875 0.0640625
0 0.890625 0.821875 0.05703125 0.0421875
2 0.8078125 0.88984375 0.1296875 0.13359375
2 0.92265625 0.88984375 0.1125 0.12109375