1 0.18671875 0.1796875 0.04921875 0.16171875
1 0.10234375 0.49140625 0.02890625 0.1515625
1 0.93984375 0.48671875 0.05234375 0.1671875
1 0.9421875 0.209375 0.03515625 0.15390625
1 0.93984375 0.709375 0.0296875 0.08671875
1 0.9453125 0.80859375 0.0359375 0.08125
2 0.36796875 0.24296875 0.37109375 0.3265625
2 0.60625 0.1609375 0.1203125 0.17109375
2 0.80234375 0.20859375 0.28515625 0.2734375
2 0.80546875 0.509375 0.27109375 0.3046875
2 0.86953125 0.6984375 0.159375 0.16015625
2 0.72109375 0.71953125 0.1296875 0.10859375
2 0.80625 0.840625 0.2859375 0.1265625
2 0.32734375 0.51484375 0.4375 0.23046875
0 0.15234375 0.3046875 0.1234375 0.11640625
0 0.60703125 0.28828125 0.075 0.08671875
0 0.69609375 0.29765625 0.078125 0.0796875
0 0.57421875 0.50078125 0.08671875 0.09453125
0 0.68984375 0.5609375 0.0875 0.0890625
0 0.6328125 0.70703125 0.09609375 0.075
0 0.83203125 0.79765625 0.06171875 0.07890625
0 0.63671875 0.81328125 0.08359375 0.0703125
0 0.603125 0.8921875 0.1 0.17265625