1 0.16484375 0.215625 0.090625 0.15234375
1 0.25625 0.2125 0.0890625 0.10703125
1 0.34296875 0.2109375 0.03828125 0.07265625
1 0.44140625 0.20625 0.08046875 0.1140625
1 0.56640625 0.2265625 0.14921875 0.11796875
1 0.7984375 0.37734375 0.02890625 0.27890625
2 0.71796875 0.36875 0.1609375 0.27421875
2 0.51484375 0.4828125 0.271875 0.50234375
2 0.32578125 0.39140625 0.09453125 0.3015625
2 0.24296875 0.33125 0.09921875 0.23046875
2 0.12734375 0.47421875 0.1578125 0.49921875
1 0.046875 0.6046875 0.03515625 0.11953125
0 0.79921875 0.5875 0.11484375 0.16796875
0 0.2671875 0.746875 0.059375 0.28984375
0 0.33671875 0.5859375 0.04609375 0.1703125
0 0.1828125 0.66015625 0.0578125 0.14765625
0 0.29609375 0.39375 0.03671875 0.1109375