1 0.28515625 0.07578125 0.33046875 0.05078125
1 0.77890625 0.0765625 0.20390625 0.03828125
1 0.775 0.9484375 0.203125 0.04296875
1 0.3 0.9453125 0.1625 0.03515625
2 0.321875 0.25078125 0.5609375 0.3390625
2 0.77578125 0.28515625 0.34765625 0.4328125
2 0.13984375 0.50078125 0.2265625 0.14609375
2 0.340625 0.52734375 0.2078125 0.22421875
2 0.23046875 0.77109375 0.428125 0.3625
2 0.79296875 0.784375 0.321875 0.3234375
2 0.8671875 0.565625 0.16796875 0.13203125
2 0.709375 0.56796875 0.16796875 0.12890625
0 0.56015625 0.0796875 0.09609375 0.1578125
0 0.2703125 0.52890625 0.10234375 0.08125
0 0.471875 0.52578125 0.12734375 0.08359375
0 0.6078125 0.56640625 0.10859375 0.07109375
0 0.840625 0.6546875 0.0890625 0.0796875
0 0.51640625 0.79609375 0.09140625 0.075
0 0.51328125 0.93203125 0.08046875 0.0765625
0 0.40703125 0.6671875 0.10625 0.06953125
0 0.67734375 0.67578125 0.09375 0.07734375