1 0.53515625 0.278125 0.0140625 0.10234375
1 0.53671875 0.39921875 0.01328125 0.08203125
1 0.98515625 0.39453125 0.01953125 0.0890625
1 0.23515625 0.803125 0.03203125 0.028125
1 0.48984375 0.12109375 0.0375 0.034375
2 0.15 0.32265625 0.18515625 0.23203125
2 0.29765625 0.3203125 0.11171875 0.259375
2 0.4 0.3234375 0.0953125 0.2421875
2 0.48046875 0.228125 0.09375 0.19921875
2 0.48359375 0.37890625 0.0921875 0.11484375
2 0.55703125 0.5109375 0.103125 0.15703125
2 0.4578125 0.5140625 0.12109375 0.15546875
2 0.11640625 0.6953125 0.109375 0.22734375
2 0.2421875 0.76328125 0.05625 0.08671875
2 0.2984375 0.59375 0.0328125 0.14453125
2 0.34140625 0.621875 0.1234375 0.196875
2 0.78828125 0.40390625 0.1875 0.3703125
2 0.93203125 0.3859375 0.096875 0.13671875
2 0.93515625 0.51875 0.0953125 0.140625
0 0.41015625 0.17578125 0.0375 0.07890625
0 0.209375 0.171875 0.0390625 0.075
0 0.203125 0.83125 0.0515625 0.08046875
0 0.20078125 0.75 0.03203125 0.08671875
0 0.23984375 0.69609375 0.0296875 0.05625
0 0.29765625 0.50703125 0.03125 0.0609375
0 0.5234375 0.55625 0.0375 0.0546875
0 0.6140625 0.553125 0.040625 0.0640625
0 0.87734375 0.55078125 0.03984375 0.06796875
0 0.88125 0.34765625 0.0203125 0.0484375
0 0.8890625 0.29375 0.065625 0.06015625
0 0.4703125 0.3046875 0.0296875 0.06640625
0 0.34296875 0.26328125 0.03515625 0.06796875
0 0.365625 0.41171875 0.03515625 0.06796875