1 0.56640625 0.13828125 0.1515625 0.046875
1 0.421875 0.13203125 0.06484375 0.04140625
1 0.0890625 0.234375 0.040625 0.209375
1 0.084375 0.5265625 0.0234375 0.13125
1 0.08671875 0.79609375 0.04609375 0.20546875
1 0.83515625 0.2578125 0.040625 0.25625
2 0.225 0.26796875 0.28671875 0.26484375
2 0.41640625 0.22265625 0.09140625 0.190625
2 0.64375 0.30546875 0.37421875 0.35234375
2 0.21875 0.5328125 0.28203125 0.2578125
2 0.22109375 0.77109375 0.290625 0.2375
0 0.28828125 0.3703125 0.0578125 0.0921875
0 0.440625 0.3328125 0.0453125 0.078125
0 0.83359375 0.4171875 0.1328125 0.08515625
0 0.44453125 0.8453125 0.0609375 0.10390625
0 0.34453125 0.69453125 0.07578125 0.0796875