1 0.1671875 0.18671875 0.1015625 0.0390625
1 0.3515625 0.1953125 0.1 0.03671875
1 0.53125 0.1953125 0.1875 0.04296875
1 0.8078125 0.19296875 0.09140625 0.04453125
1 0.175 0.84453125 0.08828125 0.04140625
1 0.39453125 0.84765625 0.0375 0.025
1 0.5 0.88046875 0.04296875 0.08359375
1 0.55 0.9203125 0.08046875 0.03984375
1 0.61171875 0.89609375 0.04296875 0.084375
1 0.75 0.84765625 0.1 0.03984375
1 0.86328125 0.51953125 0.025 0.071875
2 0.165625 0.36953125 0.16484375 0.35703125
2 0.325 0.33046875 0.16171875 0.27109375
2 0.7640625 0.33984375 0.21484375 0.28984375
2 0.71640625 0.565625 0.096875 0.19140625
2 0.7671875 0.76328125 0.1984375 0.19453125
2 0.81328125 0.55234375 0.096875 0.15
2 0.53984375 0.35546875 0.28828125 0.3234375
2 0.5515625 0.68125 0.22265625 0.32109375
2 0.40625 0.75625 0.07890625 0.14140625
2 0.18515625 0.7359375 0.19453125 0.228125
2 0.1296875 0.5921875 0.09140625 0.1015625
0 0.7125 0.19296875 0.0515625 0.1453125
0 0.1390625 0.52421875 0.04765625 0.06015625
0 0.225 0.509375 0.04296875 0.075
0 0.27421875 0.4375 0.0546875 0.0796875
0 0.2578125 0.6578125 0.04765625 0.10703125
0 0.37734375 0.67421875 0.0515625 0.071875
0 0.315625 0.74140625 0.05625 0.08671875
0 0.3140625 0.87734375 0.04765625 0.08671875
0 0.6921875 0.75859375 0.05546875 0.075
0 0.75390625 0.67109375 0.0484375 0.075
0 0.75234375 0.51171875 0.0546875 0.071875
0 0.7375 0.4515625 0.04296875 0.0671875
0 0.88125 0.7515625 0.065625 0.09140625