1 0.41015625 0.20546875 0.140625 0.0515625
1 0.6671875 0.20234375 0.1359375 0.03984375
1 0.93046875 0.24765625 0.0625 0.0859375
1 0.24765625 0.51171875 0.0984375 0.103125
1 0.23125 0.6875 0.05 0.09921875
1 0.2375 0.8703125 0.05234375 0.13125
2 0.4140625 0.3046875 0.3484375 0.22109375
2 0.7578125 0.328125 0.36484375 0.25390625
2 0.39921875 0.5171875 0.3484375 0.1859375
2 0.4796875 0.6921875 0.19296875 0.1453125
2 0.30625 0.68671875 0.16171875 0.1390625
2 0.40078125 0.86328125 0.321875 0.2140625
0 0.503125 0.21015625 0.1171875 0.14296875
0 0.59765625 0.690625 0.11875 0.07421875
0 0.41015625 0.67578125 0.11171875 0.05625
0 0.6375 0.8453125 0.09140625 0.134375
0 0.53515625 0.7953125 0.1140625 0.0734375