1 0.1734375 0.178125 0.18046875 0.059375
1 0.32890625 0.1765625 0.0640625 0.05625
1 0.59921875 0.18046875 0.0875 0.0390625
1 0.80234375 0.1765625 0.0890625 0.040625
1 0.78203125 0.78125 0.153125 0.04296875
1 0.59140625 0.78125 0.08359375 0.03828125
1 0.20625 0.778125 0.18671875 0.0390625
2 0.1890625 0.30078125 0.2875 0.2484375
2 0.71875 0.27734375 0.42265625 0.2
2 0.58828125 0.41015625 0.175 0.078125
2 0.596875 0.5421875 0.1703125 0.20859375
2 0.59453125 0.715625 0.15859375 0.1421875
2 0.81640625 0.66484375 0.28359375 0.225
2 0.1296875 0.471875 0.184375 0.103125
2 0.1890625 0.6578125 0.32734375 0.2609375
0 0.8875 0.1875 0.1015625 0.15
0 0.60703125 0.35390625 0.075 0.0640625
0 0.63359375 0.61953125 0.08125 0.08359375
0 0.7140625 0.5203125 0.11953125 0.06640625
0 0.71171875 0.58125 0.11875 0.0765625
0 0.41796875 0.1796875 0.11875 0.15625
0 0.2484375 0.475 0.1125 0.0625
0 0.41328125 0.8046875 0.109375 0.0984375