1 0.471875 0.053125 0.13046875 0.10234375
1 0.671875 0.065625 0.1421875 0.10546875
1 0.8578125 0.06328125 0.11875 0.09765625
1 0.05546875 0.40859375 0.0578125 0.30078125
1 0.07578125 0.5765625 0.09140625 0.09921875
1 0.11171875 0.878125 0.02890625 0.140625
2 0.23984375 0.36796875 0.2828125 0.62734375
2 0.48125 0.2953125 0.2109375 0.45234375
2 0.67109375 0.28203125 0.16484375 0.44765625
2 0.8515625 0.2765625 0.21015625 0.4578125
2 0.75625 0.62890625 0.22890625 0.26484375
2 0.49296875 0.84921875 0.12890625 0.221875
2 0.26328125 0.80703125 0.30859375 0.27578125
0 0.61171875 0.828125 0.07734375 0.221875