1 0.04140625 0.27578125 0.06796875 0.22421875
1 0.5578125 0.0671875 0.30234375 0.07265625
1 0.85 0.21484375 0.17734375 0.06796875
1 0.04609375 0.65859375 0.05703125 0.23203125
2 0.19765625 0.28828125 0.31640625 0.409375
2 0.2078125 0.66015625 0.31875 0.334375
2 0.53359375 0.3671875 0.390625 0.56015625
2 0.85234375 0.425 0.26015625 0.41328125
2 0.8859375 0.71328125 0.165625 0.196875
0 0.31171875 0.35234375 0.096875 0.13203125
0 0.5296875 0.575 0.1515625 0.1015625
0 0.3953125 0.67734375 0.0890625 0.10703125
0 0.615625 0.80859375 0.09453125 0.2484375
0 0.76015625 0.5671875 0.08359375 0.11796875
0 0.77578125 0.67578125 0.07578125 0.11328125
0 0.77890625 0.14609375 0.0953125 0.11328125