2 0.2375 0.50390625 0.271875 0.2890625
2 0.23828125 0.22578125 0.2671875 0.28828125
2 0.5703125 0.13828125 0.42421875 0.275
2 0.303125 0.703125 0.12734375 0.1125
2 0.3 0.8609375 0.14921875 0.19296875
2 0.17578125 0.85859375 0.14609375 0.1890625
0 0.3375 0.59921875 0.09609375 0.06328125
0 0.4234375 0.9125 0.09765625 0.1265625
0 0.18203125 0.61796875 0.07578125 0.05703125
0 0.3390625 0.31171875 0.1 0.06171875
0 0.2453125 0.9015625 0.07890625 0.053125
0 0.7984375 0.50703125 0.11953125 0.059375
0 0.384375 0.8546875 0.07109375 0.0484375
1 0.4546875 0.01640625 0.14375 0.02265625
1 0.1078125 0.5328125 0.04140625 0.13125
0 0.38515625 0.6890625 0.07734375 0.04921875
2 0.1765625 0.7015625 0.140625 0.115625
1 0.7734375 0.13046875 0.03359375 0.0828125
1 0.3625 0.0515625 0.0359375 0.0484375
1 0.1078125 0.8625 0.0375 0.0484375
1 0.109375 0.29375 0.034375 0.1046875
1 0.77265625 0.36171875 0.03359375 0.17578125
1 0.296875 0.09296875 0.0734375 0.0265625
1 0.1078125 0.68359375 0.03359375 0.046875
2 0.57265625 0.43125 0.40234375 0.3140625
2 0.859375 0.4515625 0.18046875 0.275