2 0.3484375 0.18046875 0.20078125 0.2734375
2 0.55859375 0.184375 0.22421875 0.27421875
2 0.3484375 0.66953125 0.203125 0.2765625
2 0.34609375 0.42734375 0.20078125 0.2140625
2 0.6046875 0.59765625 0.134375 0.1390625
0 0.48046875 0.80703125 0.08125 0.1359375
2 0.55703125 0.4265625 0.215625 0.215625
0 0.3703125 0.29140625 0.05078125 0.07109375
0 0.46953125 0.45 0.06953125 0.06015625
0 0.42734375 0.271875 0.05625 0.0578125
0 0.4234375 0.5671875 0.06484375 0.06328125
0 0.646875 0.27578125 0.05625 0.0640625
1 0.24609375 0.4140625 0.015625 0.12265625
1 0.66640625 0.1453125 0.015625 0.1875
0 0.52578125 0.56171875 0.05 0.0484375
1 0.24921875 0.18046875 0.02109375 0.16875
1 0.24921875 0.65078125 0.01796875 0.16640625
1 0.66796875 0.378125 0.0171875 0.071875
2 0.4984375 0.6703125 0.0921875 0.278125