2 0.41015625 0.684375 0.16015625 0.2953125
2 0.621875 0.6140625 0.08515625 0.20703125
2 0.50234375 0.33046875 0.3328125 0.3265625
0 0.46484375 0.56328125 0.075 0.05
0 0.5125 0.68515625 0.0625 0.0515625
2 0.6203125 0.7671875 0.0890625 0.09921875
0 0.50234375 0.1234375 0.059375 0.09453125
0 0.51796875 0.8171875 0.059375 0.090625
0 0.6 0.69140625 0.053125 0.04375
0 0.559375 0.58515625 0.05 0.05234375
1 0.5953125 0.15703125 0.15 0.034375
1 0.42734375 0.82734375 0.13984375 0.02421875
1 0.428125 0.15859375 0.14609375 0.03125
2 0.53125 0.74765625 0.090625 0.065625