2 0.2421875 0.478125 0.35859375 0.49296875
2 0.73671875 0.3265625 0.2359375 0.2078125
2 0.62109375 0.64453125 0.278125 0.146875
2 0.55546875 0.43828125 0.12734375 0.24609375
2 0.37265625 0.6859375 0.096875 0.07109375
0 0.28359375 0.66328125 0.06640625 0.06015625
0 0.28203125 0.7453125 0.07421875 0.06640625
2 0.55078125 0.26796875 0.109375 0.09765625
0 0.659375 0.40859375 0.06171875 0.08125
1 0.3234375 0.228125 0.0984375 0.0203125
1 0.7484375 0.23125 0.1015625 0.0203125
0 0.66796875 0.54453125 0.0578125 0.0734375
0 0.23125 0.20625 0.06015625 0.05390625
0 0.646875 0.2859375 0.05234375 0.05390625
1 0.16484375 0.72578125 0.103125 0.02578125
0 0.6484375 0.47734375 0.05546875 0.07890625
1 0.153125 0.23125 0.06796875 0.0203125
0 0.5859375 0.4234375 0.0484375 0.07265625
0 0.7328125 0.66796875 0.05234375 0.06953125
2 0.553125 0.353125 0.12421875 0.09921875
2 0.80546875 0.64375 0.09453125 0.1609375
1 0.58828125 0.7203125 0.10078125 0.02734375
2 0.33359375 0.9078125 0.178125 0.1328125
0 0.3546875 0.6296875 0.0390625 0.04609375
0 0.66875 0.5453125 0.07265625 0.065625