2 0.35703125 0.41171875 0.2046875 0.11640625
2 0.33671875 0.21640625 0.1609375 0.26640625
2 0.19921875 0.1296875 0.13125 0.10703125
2 0.82890625 0.37421875 0.1515625 0.184375
2 0.42734375 0.5953125 0.196875 0.09140625
2 0.68203125 0.12890625 0.121875 0.10546875
2 0.825 0.128125 0.16015625 0.10234375
2 0.84453125 0.2296875 0.11875 0.096875
2 0.3921875 0.696875 0.13046875 0.10390625
2 0.22265625 0.40703125 0.08203125 0.13046875
2 0.709375 0.42109375 0.08203125 0.09609375
2 0.16875 0.2171875 0.0734375 0.065625
2 0.2328125 0.2140625 0.06015625 0.04375
2 0.415625 0.903125 0.07734375 0.0828125
2 0.75625 0.30703125 0.0640625 0.0453125
2 0.53203125 0.73984375 0.159375 0.18671875
2 0.490625 0.8953125 0.07578125 0.071875
2 0.159375 0.2640625 0.0515625 0.03125
0 0.415625 0.31328125 0.07421875 0.0453125
0 0.309375 0.59453125 0.05703125 0.09296875
0 0.8046875 0.21796875 0.03359375 0.03046875
0 0.396875 0.73828125 0.034375 0.03359375
0 0.71953125 0.38125 0.0296875 0.03046875
0 0.6609375 0.29375 0.0328125 0.02890625
2 0.74296875 0.15546875 0.03828125 0.05234375
1 0.90234375 0.13515625 0.0203125 0.07890625
0 0.16171875 0.3921875 0.03671875 0.0734375
0 0.6953125 0.17109375 0.02890625 0.0296875
1 0.903125 0.22421875 0.0203125 0.0703125
0 0.7484375 0.22578125 0.03046875 0.03125
0 0.17265625 0.30703125 0.0328125 0.0296875
0 0.4203125 0.65859375 0.03515625 0.03515625
0 0.14765625 0.10703125 0.03828125 0.03046875
0 0.36328125 0.76796875 0.03515625 0.0296875
0 0.78046875 0.34765625 0.03046875 0.02890625
0 0.54140625 0.8296875 0.03046875 0.03203125
2 0.74453125 0.2578125 0.04296875 0.0421875
1 0.45625 0.40859375 0.01640625 0.0890625
0 0.17109375 0.1703125 0.0328125 0.03125
0 0.4375 0.871875 0.0328125 0.03359375
0 0.77734375 0.19296875 0.02734375 0.03046875
1 0.621875 0.1328125 0.01484375 0.0890625
0 0.659375 0.35078125 0.0328125 0.028125
0 0.4671875 0.9109375 0.034375 0.028125
0 0.9140625 0.38671875 0.03515625 0.028125
0 0.715625 0.1515625 0.02578125 0.021875
0 0.19375 0.26875 0.03046875 0.0234375
1 0.32890625 0.696875 0.02421875 0.09609375
0 0.771875 0.15 0.02734375 0.02578125
1 0.41640625 0.94140625 0.0765625 0.01640625
1 0.4796875 0.94296875 0.0484375 0.015625
2 0.5640625 0.59453125 0.096875 0.096875
0 0.75078125 0.34296875 0.0296875 0.03203125
1 0.1359375 0.2140625 0.01796875 0.0546875
0 0.26328125 0.63671875 0.02578125 0.0234375
1 0.66953125 0.41953125 0.01640625 0.0515625
1 0.775 0.471875 0.05703125 0.015625
1 0.415625 0.18359375 0.0171875 0.1703125
1 0.90078125 0.3171875 0.01640625 0.0515625
1 0.5859375 0.9421875 0.0453125 0.0171875
1 0.64453125 0.390625 0.0453125 0.015625
1 0.2265625 0.47421875 0.0578125 0.01484375
1 0.62109375 0.22890625 0.01953125 0.09140625
1 0.40859375 0.471875 0.09453125 0.0171875
0 0.36015625 0.803125 0.03203125 0.03203125
1 0.90234375 0.4234375 0.01796875 0.0515625
1 0.1359375 0.146875 0.01640625 0.06484375
0 0.3390625 0.8390625 0.02890625 0.02265625
1 0.92109375 0.471875 0.03125 0.0125
2 0.13515625 0.3390625 0.1125 0.10859375
1 0.36875 0.0890625 0.10078125 0.02890625
0 0.35078125 0.83515625 0.0375 0.028125
2 0.61875 0.334375 0.10625 0.10859375
0 0.359375 0.81640625 0.0390625 0.0640625
0 0.17109375 0.3765625 0.0375 0.0390625
1 0.70546875 0.42265625 0.0859375 0.09453125