2 0.7 0.3609375 0.13671875 0.225
2 0.509375 0.64609375 0.12578125 0.1140625
2 0.69765625 0.62421875 0.1328125 0.16015625
2 0.21953125 0.53125 0.0984375 0.09140625
2 0.8484375 0.36171875 0.1484375 0.23203125
2 0.321875 0.6671875 0.0765625 0.06796875
0 0.415625 0.65625 0.04921875 0.05390625
0 0.4140625 0.72265625 0.04921875 0.0671875
0 0.24296875 0.5921875 0.04921875 0.05234375
0 0.74609375 0.56953125 0.04453125 0.0515625
0 0.2515625 0.44453125 0.05859375 0.0515625
0 0.34375 0.62265625 0.03984375 0.04140625
0 0.83671875 0.6234375 0.0375 0.0375
2 0.87890625 0.52109375 0.08671875 0.071875
0 0.74765625 0.44140625 0.04296875 0.05546875
2 0.88671875 0.65546875 0.075 0.09375
0 0.82109375 0.5046875 0.03671875 0.03984375
1 0.71328125 0.25859375 0.10078125 0.028125
0 0.79375 0.4421875 0.04609375 0.05859375
0 0.79375 0.2375 0.04609375 0.05859375
1 0.71015625 0.6984375 0.0796875 0.025
1 0.309375 0.69921875 0.0375 0.021875
1 0.62578125 0.509375 0.02421875 0.08359375
1 0.85859375 0.25859375 0.09140625 0.0265625
1 0.865625 0.69921875 0.0359375 0.02421875
1 0.82421875 0.7 0.03984375 0.025
1 0.5328125 0.6984375 0.05546875 0.02578125
0 0.809375 0.5359375 0.03984375 0.0515625
1 0.6265625 0.4171875 0.01875 0.040625
1 0.36171875 0.26171875 0.0953125 0.025
2 0.50390625 0.45625 0.13125 0.27578125
2 0.428125 0.3453125 0.2953125 0.16171875
1 0.47265625 0.26171875 0.12421875 0.02421875
1 0.11484375 0.7171875 0.02578125 0.1125
2 0.85625 0.58046875 0.14296875 0.0796875
1 0.115625 0.8125 0.02265625 0.11015625