2 0.7015625 0.24609375 0.225 0.2046875
2 0.87421875 0.61796875 0.1625 0.12578125
2 0.26640625 0.20390625 0.1484375 0.11875
2 0.38671875 0.20390625 0.0984375 0.11484375
2 0.85703125 0.50390625 0.10546875 0.103125
2 0.4140625 0.096875 0.040625 0.09609375
2 0.36484375 0.096875 0.05546875 0.0953125
2 0.78125 0.52578125 0.04765625 0.0625
2 0.1546875 0.30703125 0.06015625 0.08515625
2 0.8609375 0.196875 0.09453125 0.10390625
2 0.21875 0.30234375 0.059375 0.08125
2 0.2640625 0.30625 0.028125 0.08828125
2 0.86015625 0.40078125 0.0984375 0.1
2 0.86171875 0.29921875 0.09375 0.09921875
0 0.31875 0.13046875 0.028125 0.03671875
2 0.15703125 0.23046875 0.0703125 0.075
2 0.79609375 0.31953125 0.0375 0.06328125
0 0.83046875 0.13125 0.03203125 0.040625
0 0.20390625 0.165625 0.028125 0.034375
0 0.71328125 0.5109375 0.028125 0.0390625
0 0.3265625 0.08046875 0.02890625 0.0375
0 0.80546875 0.215625 0.03046875 0.0375
2 0.79921875 0.37265625 0.04765625 0.0453125
0 0.58125 0.253125 0.0390625 0.04453125
0 0.5828125 0.503125 0.03671875 0.04296875
0 0.81328125 0.47109375 0.0265625 0.034375
0 0.31953125 0.275 0.0265625 0.03515625
0 0.71328125 0.57109375 0.03046875 0.0421875
2 0.64375 0.49375 0.10390625 0.1328125
0 0.325 0.20078125 0.0328125 0.04453125
0 0.771875 0.48203125 0.0265625 0.034375
2 0.37109375 0.30703125 0.13125 0.08671875
0 0.82421875 0.2703125 0.028125 0.0328125
1 0.90703125 0.51171875 0.01328125 0.05703125
1 0.121875 0.21875 0.009375 0.0390625
0 0.26484375 0.25 0.0234375 0.03359375
2 0.159375 0.171875 0.0734375 0.0515625
0 0.7828125 0.62578125 0.03515625 0.03984375
0 0.7921875 0.4109375 0.02421875 0.034375
1 0.43359375 0.30234375 0.0125 0.053125
1 0.90703125 0.1921875 0.0140625 0.0578125
1 0.90703125 0.4 0.015625 0.05703125
0 0.2359375 0.271875 0.021875 0.02890625
0 0.790625 0.2765625 0.0234375 0.03515625
0 0.1390625 0.25546875 0.021875 0.03046875
1 0.59375 0.19453125 0.01484375 0.08203125
1 0.6390625 0.55546875 0.0484375 0.01953125
0 0.38515625 0.08125 0.0265625 0.0375
1 0.90703125 0.3 0.0140625 0.05859375
1 0.434375 0.19296875 0.01171875 0.0546875
1 0.121875 0.28984375 0.01015625 0.03828125
1 0.7453125 0.14609375 0.0640625 0.01875
0 0.8140625 0.4328125 0.028125 0.03828125
1 0.12265625 0.17265625 0.009375 0.028125
1 0.18203125 0.146875 0.02265625 0.0125
1 0.78046875 0.55546875 0.0265625 0.015625
1 0.63046875 0.1453125 0.0671875 0.01796875
1 0.37890625 0.0515625 0.0265625 0.01484375
1 0.27421875 0.1453125 0.0640625 0.015625
0 0.8140625 0.45546875 0.028125 0.075
2 0.14296875 0.171875 0.0359375 0.0453125