2 0.19609375 0.21328125 0.2359375 0.2484375
2 0.16953125 0.72578125 0.17890625 0.2328125
2 0.20703125 0.4203125 0.10703125 0.16796875
2 0.81328125 0.575 0.09609375 0.16015625
2 0.59765625 0.62421875 0.1875 0.12578125
2 0.2296875 0.55703125 0.05859375 0.096875
2 0.81171875 0.715625 0.09921875 0.121875
2 0.60078125 0.76328125 0.1890625 0.1640625
0 0.23828125 0.6828125 0.0578125 0.05703125
0 0.33671875 0.475 0.071875 0.06796875
0 0.28359375 0.87421875 0.0515625 0.075
0 0.74140625 0.52890625 0.06171875 0.06953125
0 0.740625 0.6921875 0.06328125 0.06640625
0 0.16171875 0.63125 0.0484375 0.0640625
0 0.28359375 0.74609375 0.05234375 0.06640625
1 0.2 0.840625 0.1234375 0.0265625
0 0.16796875 0.36796875 0.04921875 0.05859375
0 0.27734375 0.54375 0.04921875 0.0546875
1 0.61640625 0.56015625 0.09140625 0.03203125
1 0.2671875 0.08828125 0.08359375 0.0359375
1 0.61875 0.84296875 0.08828125 0.0265625
0 0.271875 0.4109375 0.05625 0.06328125
2 0.42109375 0.71328125 0.171875 0.27421875
1 0.31328125 0.2203125 0.03359375 0.184375
2 0.13984375 0.55703125 0.12578125 0.10078125
1 0.40625 0.55703125 0.0921875 0.028125
1 0.08203125 0.48125 0.0234375 0.05703125
1 0.428125 0.8453125 0.0875 0.0234375
0 0.53203125 0.65546875 0.0375 0.0421875
2 0.40234375 0.6265625 0.20546875 0.13359375
2 0.3859375 0.7671875 0.09140625 0.14609375