2 0.58828125 0.4890625 0.29140625 0.25625
2 0.56953125 0.74453125 0.3359375 0.24765625
2 0.23125 0.54296875 0.13984375 0.15546875
2 0.23671875 0.41328125 0.1265625 0.10625
2 0.23125 0.67890625 0.13828125 0.12265625
0 0.31875 0.396875 0.05546875 0.0671875
0 0.4234375 0.65390625 0.06171875 0.071875
0 0.4703125 0.40546875 0.0625 0.08515625
0 0.36328125 0.77734375 0.06796875 0.09296875
1 0.734375 0.490625 0.028125 0.16484375
0 0.3203125 0.70078125 0.05234375 0.05859375
0 0.32421875 0.5546875 0.06484375 0.071875
1 0.73359375 0.7375 0.0265625 0.16015625
1 0.73515625 0.15546875 0.021875 0.16875
0 0.7015625 0.28203125 0.0796875 0.09140625
0 0.76796875 0.2859375 0.078125 0.08671875
1 0.27890625 0.03125 0.12421875 0.02734375
1 0.4359375 0.546875 0.021875 0.12578125
0 0.2328125 0.6796875 0.13828125 0.1234375
2 0.434375 0.18671875 0.428125 0.3078125