2 0.27578125 0.40703125 0.228125 0.24375
2 0.64765625 0.37734375 0.2046875 0.16171875
2 0.49921875 0.37265625 0.07734375 0.175
2 0.5828125 0.58203125 0.34296875 0.27734375
2 0.4171875 0.65390625 0.053125 0.1328125
0 0.46015625 0.65390625 0.04453125 0.0546875
0 0.47578125 0.47890625 0.0359375 0.053125
1 0.1625 0.38984375 0.02890625 0.13828125
0 0.46640625 0.75078125 0.04140625 0.065625
0 0.3765625 0.48984375 0.0421875 0.04921875
1 0.74765625 0.4046875 0.0296875 0.134375
0 0.76484375 0.5125 0.0484375 0.05703125
2 0.425 0.33671875 0.06484375 0.1046875
0 0.46953125 0.4171875 0.04140625 0.05
2 0.4234375 0.41484375 0.06328125 0.078125
1 0.7453125 0.6109375 0.02109375 0.13359375