2 0.64375 0.396875 0.22890625 0.346875
2 0.3890625 0.35 0.19921875 0.259375
2 0.6421875 0.69609375 0.22734375 0.26875
2 0.85234375 0.3515625 0.20078125 0.25625
2 0.18046875 0.43203125 0.2171875 0.415625
2 0.23359375 0.728125 0.125 0.18984375
2 0.43828125 0.77578125 0.10390625 0.090625
2 0.43046875 0.90234375 0.11953125 0.15625
2 0.79296875 0.77734375 0.07890625 0.09765625
2 0.12109375 0.72890625 0.10859375 0.2015625
0 0.26875 0.22890625 0.05859375 0.1609375
0 0.7265625 0.22734375 0.05625 0.15546875
2 0.89140625 0.7328125 0.1203125 0.18828125
0 0.8484375 0.671875 0.053125 0.07109375
0 0.73359375 0.60390625 0.053125 0.08203125
0 0.7859375 0.4453125 0.05546875 0.08515625
0 0.328125 0.76015625 0.053125 0.07421875
0 0.3265625 0.853125 0.05078125 0.09296875
0 0.77734375 0.70859375 0.0359375 0.0546875
1 0.3609375 0.22421875 0.11484375 0.0421875
0 0.31328125 0.69609375 0.05390625 0.06875
0 0.7328125 0.52734375 0.053125 0.06875
1 0.66875 0.828125 0.1046875 0.0421875
0 0.43359375 0.70078125 0.05234375 0.0734375
1 0.81875 0.22421875 0.1125 0.040625
1 0.22109375 0.82578125 0.08515625 0.0421875
1 0.65625 0.225 0.1046875 0.03984375
0 0.3515625 0.9265625 0.0578125 0.06328125
0 0.19453125 0.7453125 0.0578125 0.0703125
1 0.80234375 0.82734375 0.0625 0.034375
1 0.19140625 0.2234375 0.115625 0.0453125
0 0.32265625 0.7296875 0.05703125 0.1359375
0 0.4390625 0.76796875 0.096875 0.1078125
0 0.8890625 0.728125 0.1265625 0.1953125