2 0.31171875 0.64296875 0.28671875 0.34375
2 0.80390625 0.26875 0.22890625 0.40390625
2 0.80390625 0.61484375 0.22578125 0.28203125
2 0.803125 0.8390625 0.23359375 0.16796875
2 0.63515625 0.1625 0.1171875 0.18828125
2 0.5140625 0.68203125 0.1328125 0.25234375
1 0.17109375 0.63359375 0.01640625 0.18203125
2 0.3765625 0.2671875 0.415625 0.40625
1 0.91484375 0.6203125 0.01796875 0.16328125
0 0.42734375 0.51796875 0.06171875 0.0796875
1 0.16875 0.21171875 0.01796875 0.21953125
0 0.71484375 0.15703125 0.06484375 0.084375
1 0.91484375 0.265625 0.02109375 0.19453125
0 0.71484375 0.52578125 0.06875 0.08125
0 0.678125 0.875 0.04921875 0.075
0 0.61015625 0.9125 0.07109375 0.16015625
0 0.515625 0.53671875 0.07578125 0.0796875
1 0.69375 0.4265625 0.03125 0.090625
1 0.5140625 0.5640625 0.06484375 0.0265625