2 0.46484375 0.3171875 0.23671875 0.3109375
2 0.4640625 0.590625 0.22421875 0.234375
2 0.7578125 0.3125 0.19921875 0.30859375
2 0.759375 0.58203125 0.2 0.2421875
2 0.61875 0.27265625 0.0796875 0.22421875
0 0.6375 0.7015625 0.0484375 0.15625
0 0.67734375 0.5515625 0.046875 0.0734375
0 0.3484375 0.39296875 0.0953125 0.07421875
0 0.5640625 0.42265625 0.046875 0.071875
0 0.63828125 0.40859375 0.03984375 0.07734375
0 0.5640625 0.50859375 0.0453125 0.07421875
1 0.85625 0.5734375 0.01953125 0.13359375
1 0.8546875 0.3109375 0.02265625 0.16328125
1 0.35 0.28203125 0.0203125 0.14453125
1 0.3515625 0.590625 0.02265625 0.13203125
0 0.67578125 0.421875 0.04453125 0.06875