2 0.403125 0.29296875 0.1703125 0.1296875
2 0.19765625 0.31171875 0.11953125 0.171875
2 0.88828125 0.30859375 0.1640625 0.1671875
2 0.79375 0.603125 0.10234375 0.178125
2 0.89375 0.60234375 0.0984375 0.178125
2 0.084375 0.31171875 0.109375 0.16953125
2 0.346875 0.40078125 0.046875 0.08359375
2 0.6875 0.30546875 0.1125 0.16015625
2 0.30703125 0.55546875 0.10546875 0.09765625
0 0.24140625 0.3703125 0.03828125 0.0421875
0 0.76328125 0.534375 0.03203125 0.0484375
0 0.2953125 0.7109375 0.03671875 0.0515625
0 0.8625 0.53359375 0.03046875 0.046875
0 0.84609375 0.371875 0.0359375 0.05
2 0.92421875 0.45625 0.0953125 0.1203125
0 0.8640625 0.4671875 0.03828125 0.0421875
0 0.2921875 0.625 0.0375 0.053125
0 0.70859375 0.2078125 0.0359375 0.04609375
0 0.06328125 0.41640625 0.03203125 0.046875
0 0.30859375 0.46328125 0.03828125 0.04296875
1 0.80625 0.690625 0.06796875 0.01796875
0 0.86640625 0.40859375 0.03046875 0.03515625
1 0.88671875 0.68984375 0.05859375 0.01796875
0 0.33828125 0.33359375 0.0390625 0.04140625
0 0.33671875 0.45546875 0.028125 0.0390625
2 0.4078125 0.55234375 0.09765625 0.08515625
1 0.4859375 0.4859375 0.01171875 0.05390625
1 0.96953125 0.4796875 0.01171875 0.05546875
1 0.7734375 0.22421875 0.05234375 0.0171875
1 0.09765625 0.5921875 0.0140625 0.096875
1 0.590625 0.61328125 0.01640625 0.13203125
1 0.96953125 0.246875 0.01171875 0.03125
1 0.87734375 0.22421875 0.06015625 0.01875
0 0.40625 0.57734375 0.03125 0.04453125
1 0.45546875 0.6703125 0.0109375 0.03984375
1 0.59140625 0.46953125 0.01328125 0.0765625
2 0.428125 0.43515625 0.1203125 0.14765625
2 0.4078125 0.64140625 0.096875 0.096875
1 0.09765625 0.665625 0.009375 0.03046875
0 0.08203125 0.47890625 0.040625 0.046875
2 0.9015625 0.41796875 0.0484375 0.04765625
2 0.66328125 0.54609375 0.14921875 0.29609375
1 0.66953125 0.22578125 0.05234375 0.01796875
2 0.17578125 0.55390625 0.1609375 0.3265625
1 0.45703125 0.55859375 0.009375 0.05078125
1 0.3203125 0.68984375 0.02421875 0.015625
1 0.43671875 0.68828125 0.03671875 0.0140625
2 0.80859375 0.45 0.1390625 0.11796875
2 0.3078125 0.6453125 0.10703125 0.08671875
1 0.95703125 0.5125 0.025 0.015625
0 0.17421875 0.55625 0.15625 0.31796875
0 0.3140625 0.33515625 0.02734375 0.0359375
1 0.4734375 0.51328125 0.01953125 0.01171875
1 0.60859375 0.38984375 0.03359375 0.0140625
1 0.45234375 0.675 0.02265625 0.03359375