2 0.29140625 0.66328125 0.24921875 0.2640625
2 0.80546875 0.28046875 0.2578125 0.27890625
2 0.8078125 0.59765625 0.26171875 0.37890625
2 0.28125 0.33984375 0.2546875 0.38515625
2 0.6203125 0.65 0.11875 0.28671875
2 0.06796875 0.6640625 0.06796875 0.2765625
2 0.71171875 0.6859375 0.07578125 0.2109375
0 0.6984375 0.4625 0.0625 0.09765625
2 0.1015625 0.4265625 0.1296875 0.21484375
0 0.0640625 0.3546875 0.04921875 0.08984375
0 0.42890625 0.45625 0.06484375 0.084375
0 0.13671875 0.83984375 0.053125 0.11484375
0 0.64140625 0.478125 0.059375 0.09765625
0 0.1234375 0.6734375 0.06171875 0.08671875
1 0.41015625 0.2984375 0.03046875 0.24921875
0 0.6546875 0.63203125 0.0578125 0.09921875
1 0.22578125 0.8046875 0.08984375 0.05859375
2 0.06484375 0.23515625 0.05625 0.17109375
0 0.696875 0.3578125 0.06484375 0.1015625
1 0.8484375 0.7953125 0.12734375 0.06484375
1 0.93515625 0.23515625 0.034375 0.15390625
1 0.4125 0.61015625 0.0234375 0.11171875
2 0.61796875 0.409375 0.1171875 0.22578125
0 0.10078125 0.42265625 0.13046875 0.2109375
1 0.63671875 0.796875 0.04765625 0.040625