2 0.50625 0.3734375 0.35625 0.6
2 0.7859375 0.24453125 0.2171875 0.35546875
2 0.4625 0.7671875 0.265625 0.20390625
2 0.1953125 0.54453125 0.2796875 0.63984375
0 0.7421875 0.86796875 0.08828125 0.22578125
0 0.77109375 0.69375 0.06640625 0.10859375
0 0.26171875 0.2265625 0.08515625 0.221875
0 0.3546875 0.74453125 0.06953125 0.0859375
0 0.61953125 0.74921875 0.071875 0.0828125
0 0.634375 0.61171875 0.0859375 0.12890625
1 0.7859375 0.546875 0.21484375 0.23671875
0 0.6484375 0.2703125 0.09296875 0.11015625
0 0.2921875 0.42421875 0.1015625 0.1171875
1 0.14453125 0.221875 0.1640625 0.04375
1 0.51328125 0.06875 0.2640625 0.03671875
2 0.7828125 0.55 0.21953125 0.2328125
1 0.75234375 0.06796875 0.0921875 0.0515625