2 0.3484375 0.28046875 0.42109375 0.35234375
2 0.77734375 0.2828125 0.2734375 0.37890625
2 0.390625 0.709375 0.0921875 0.18359375
2 0.59375 0.21484375 0.09921875 0.2109375
2 0.28828125 0.61953125 0.2953125 0.32265625
0 0.5921875 0.3515625 0.04765625 0.090625
0 0.45546875 0.5578125 0.0515625 0.078125
0 0.14140625 0.17734375 0.11640625 0.0875
0 0.45625 0.70078125 0.0515625 0.075
0 0.6625 0.3859375 0.05625 0.084375
1 0.14375 0.596875 0.02890625 0.178125
0 0.48828125 0.7765625 0.0578125 0.15390625
1 0.9078125 0.275 0.03359375 0.2890625
1 0.1421875 0.33828125 0.02421875 0.2328125
0 0.009375 0.72734375 0.01875 0.06640625
0 0.39140625 0.709375 0.09140625 0.18671875