2 0.7328125 0.571875 0.10703125 0.178125
2 0.27578125 0.73203125 0.1265625 0.2421875
2 0.2765625 0.553125 0.12734375 0.121875
2 0.38046875 0.72265625 0.08828125 0.18828125
2 0.28671875 0.28203125 0.146875 0.10859375
2 0.54765625 0.73671875 0.09375 0.15625
0 0.51640625 0.3953125 0.03671875 0.0953125
2 0.6171875 0.69921875 0.05 0.0765625
2 0.73359375 0.70078125 0.10703125 0.07578125
2 0.271875 0.1671875 0.1140625 0.11953125
0 0.69453125 0.609375 0.03984375 0.04921875
0 0.621875 0.7609375 0.03359375 0.05390625
1 0.490625 0.36171875 0.01875 0.05859375
0 0.44140625 0.278125 0.0421875 0.0484375
0 0.52109375 0.67890625 0.03671875 0.0421875
2 0.6625 0.7 0.040625 0.07734375
0 0.6921875 0.67890625 0.0296875 0.0359375
0 0.4078125 0.66015625 0.03671875 0.04609375
0 0.4625 0.7984375 0.0375 0.0578125
1 0.2140625 0.27578125 0.01796875 0.07265625
0 0.378125 0.24609375 0.034375 0.04609375
1 0.7859375 0.61953125 0.015625 0.0390625
1 0.7296875 0.48359375 0.078125 0.03125
1 0.5390625 0.81328125 0.05703125 0.02109375
1 0.2140625 0.40546875 0.01953125 0.08515625
1 0.38359375 0.8125 0.05859375 0.0234375
0 0.46328125 0.67578125 0.03671875 0.05
0 0.38984375 0.1859375 0.025 0.0390625
1 0.2140625 0.56484375 0.01875 0.0703125
1 0.42421875 0.1953125 0.01640625 0.03203125
0 0.32421875 0.58515625 0.0375 0.04453125
1 0.425 0.1453125 0.015625 0.03359375
2 0.58125 0.496875 0.20703125 0.32109375
1 0.7859375 0.69453125 0.015625 0.03203125
0 0.37734375 0.571875 0.03359375 0.04765625
1 0.45703125 0.33046875 0.0609375 0.02265625
1 0.27421875 0.853125 0.09765625 0.03046875
1 0.73671875 0.73828125 0.0546875 0.0203125
0 0.38203125 0.315625 0.0328125 0.04375
2 0.4609375 0.7328125 0.08359375 0.078125
0 0.3484375 0.203125 0.0328125 0.04140625
2 0.37109375 0.52265625 0.0703125 0.06171875
1 0.21484375 0.17109375 0.01875 0.0328125
1 0.6671875 0.73984375 0.0234375 0.0171875
2 0.3390625 0.0984375 0.065625 0.09140625
2 0.3421875 0.4140625 0.2625 0.1578125
1 0.21328125 0.6875 0.015625 0.03515625
1 0.21328125 0.80703125 0.0140625 0.03203125
0 0.3171875 0.1578125 0.03515625 0.0359375
1 0.6625 0.4671875 0.0359375 0.03828125
2 0.3953125 0.13984375 0.05078125 0.06171875
1 0.62734375 0.446875 0.04296875 0.04296875
0 0.48984375 0.36796875 0.02109375 0.05546875
1 0.21484375 0.74921875 0.015625 0.03359375