2 0.21171875 0.66640625 0.2671875 0.41953125
2 0.67890625 0.3203125 0.34765625 0.390625
0 0.3828125 0.87109375 0.0765625 0.21640625
2 0.35703125 0.23046875 0.128125 0.22734375
1 0.0765625 0.6671875 0.0421875 0.20859375
1 0.0765625 0.32890625 0.04296875 0.2296875
2 0.18984375 0.31484375 0.22890625 0.284375
1 0.84921875 0.259375 0.03671875 0.20625
0 0.3078125 0.51015625 0.06796875 0.09375
0 0.36953125 0.38125 0.05546875 0.0890625
0 0.825 0.39296875 0.0890625 0.09296875
2 0.46171875 0.2328125 0.08515625 0.22890625
2 0.30625 0.4015625 0.0703125 0.0890625
0 0.8875 0.39765625 0.07109375 0.0859375
0 0.45078125 0.384375 0.05078125 0.08203125
2 0.875 0.3953125 0.1015625 0.0875
2 0.47890625 0.396875 0.0578125 0.0859375