2 0.121875 0.24375 0.1671875 0.240625
2 0.3390625 0.228125 0.26484375 0.20859375
2 0.878125 0.3203125 0.16484375 0.08359375
2 0.82734375 0.203125 0.26015625 0.159375
2 0.365625 0.37734375 0.2046875 0.09375
2 0.62421875 0.2421875 0.1734375 0.24296875
2 0.40703125 0.47421875 0.1171875 0.103125
1 0.8359375 0.82109375 0.15234375 0.04375
1 0.8453125 0.12109375 0.08671875 0.034375
1 0.646875 0.1203125 0.0890625 0.034375
1 0.14921875 0.11953125 0.0875 0.03203125
1 0.221875 0.52421875 0.05625 0.0296875
2 0.61875 0.62265625 0.16875 0.23515625
1 0.3609375 0.1203125 0.07578125 0.03046875
1 0.290625 0.11953125 0.07421875 0.034375
1 0.30859375 0.52734375 0.04609375 0.02265625
1 0.39375 0.5265625 0.03671875 0.021875
2 0.58359375 0.77578125 0.09140625 0.0796875
0 0.8 0.3328125 0.03515625 0.0515625
2 0.58828125 0.90703125 0.08359375 0.15546875
2 0.590625 0.43046875 0.10078125 0.1328125
2 0.82734375 0.58984375 0.26640625 0.46015625