2 0.82890625 0.45078125 0.1890625 0.178125
2 0.83203125 0.77890625 0.2015625 0.26953125
1 0.20859375 0.36171875 0.21171875 0.05078125
0 0.63203125 0.86328125 0.0921875 0.10703125
0 0.78515625 0.5640625 0.07109375 0.0828125
0 0.36015625 0.3125 0.09765625 0.1109375
2 0.45390625 0.87109375 0.24296875 0.0875
2 0.27265625 0.2125 0.403125 0.2890625
1 0.57890625 0.36015625 0.1828125 0.04765625
1 0.81796875 0.35703125 0.07734375 0.0390625
0 0.70625 0.74140625 0.071875 0.065625
1 0.271875 0.2109375 0.40234375 0.27734375
2 0.41796875 0.640625 0.65078125 0.55078125