2 0.64296875 0.33671875 0.2765625 0.1296875
2 0.28828125 0.378125 0.31953125 0.2203125
2 0.77109375 0.4921875 0.14765625 0.0671875
2 0.61015625 0.525 0.2171875 0.1421875
2 0.31796875 0.5453125 0.06796875 0.10234375
2 0.7890625 0.55859375 0.11328125 0.07578125
2 0.315625 0.6421875 0.065625 0.09921875
2 0.5671875 0.4296875 0.11875 0.0578125
2 0.209375 0.5265625 0.16171875 0.13984375
0 0.34453125 0.25546875 0.06796875 0.05703125
0 0.38828125 0.61484375 0.0671875 0.05390625
0 0.6640625 0.4734375 0.0546875 0.04375
0 0.77890625 0.44140625 0.0578125 0.0421875
0 0.72421875 0.25546875 0.06875 0.05625
0 0.7375 0.384375 0.0609375 0.0453125
1 0.59375 0.2734375 0.109375 0.02421875
0 0.37734375 0.66328125 0.07265625 0.0421875
1 0.77421875 0.596875 0.06796875 0.015625
0 0.6390625 0.43046875 0.0515625 0.03046875
1 0.228125 0.27265625 0.13515625 0.0234375
1 0.59375 0.596875 0.10390625 0.0203125
0 0.38515625 0.53828125 0.0828125 0.03984375
0 0.7578125 0.5109375 0.04765625 0.034375
1 0.2328125 0.596875 0.078125 0.0203125