2 0.31015625 0.31640625 0.3484375 0.47109375
2 0.78359375 0.4 0.21171875 0.64453125
2 0.17109375 0.73203125 0.2203125 0.37265625
2 0.58125 0.30234375 0.20234375 0.45625
2 0.334375 0.734375 0.109375 0.36796875
0 0.5375 0.67265625 0.0671875 0.13671875
1 0.575 0.075 0.128125 0.07734375
0 0.5140625 0.471875 0.06875 0.1234375
0 0.240625 0.50390625 0.06796875 0.12734375
0 0.703125 0.5765625 0.0640625 0.12578125
1 0.88828125 0.4578125 0.03984375 0.2765625
1 0.13671875 0.22265625 0.03203125 0.221875
0 0.11484375 0.45703125 0.06640625 0.0984375
1 0.059375 0.69140625 0.03203125 0.1640625
0 0.440625 0.66015625 0.0640625 0.121875
0 0.41484375 0.65078125 0.078125 0.1171875
2 0.43046875 0.8125 0.09296875 0.2265625
0 0.43046875 0.80390625 0.0921875 0.2328125