2 0.7671875 0.71015625 0.33203125 0.259375
2 0.26015625 0.71953125 0.3359375 0.23515625
2 0.84140625 0.31015625 0.16875 0.215625
0 0.46875 0.20546875 0.1046875 0.14296875
0 0.796875 0.20234375 0.09921875 0.1265625
0 0.5390625 0.7296875 0.09765625 0.06953125
0 0.540625 0.871875 0.09375 0.08515625
0 0.45546875 0.575 0.1 0.0578125
0 0.725 0.35 0.1046875 0.06171875
0 0.19765625 0.62734375 0.06953125 0.053125
2 0.84140625 0.465625 0.171875 0.10546875
0 0.828125 0.6140625 0.075 0.0578125
1 0.77265625 0.8421875 0.12421875 0.03984375
1 0.65234375 0.203125 0.15078125 0.04453125
0 0.63984375 0.62890625 0.1109375 0.071875
0 0.79765625 0.39296875 0.08125 0.0578125
0 0.38671875 0.6375 0.11015625 0.06953125
2 0.31015625 0.365625 0.45546875 0.3078125
1 0.3078125 0.3640625 0.453125 0.3125
1 0.2328125 0.8453125 0.15859375 0.040625
1 0.3546875 0.2046875 0.14453125 0.03671875
2 0.3515625 0.5640625 0.16015625 0.08515625
1 0.2296875 0.2046875 0.14140625 0.034375
2 0.640625 0.41015625 0.23046875 0.39296875
0 0.8421875 0.46328125 0.17578125 0.1015625
0 0.34921875 0.5640625 0.15078125 0.084375
2 0.18125 0.5671875 0.196875 0.07890625
1 0.559375 0.203125 0.059375 0.03046875
1 0.29140625 0.20078125 0.21875 0.0390625