2 0.7859375 0.40859375 0.2140625 0.25078125
2 0.78515625 0.16328125 0.2140625 0.25
2 0.3640625 0.67265625 0.24375 0.2796875
2 0.78984375 0.6203125 0.1984375 0.17890625
2 0.52890625 0.61171875 0.07734375 0.159375
0 0.72265625 0.8921875 0.05703125 0.15234375
2 0.46171875 0.42890625 0.43125 0.20234375
0 0.5375 0.71875 0.04453125 0.06875
0 0.70390625 0.32265625 0.05859375 0.065625
1 0.89140625 0.3734375 0.03125 0.16953125
0 0.671875 0.61875 0.0578125 0.06875
1 0.30703125 0.33125 0.11484375 0.03671875
1 0.36953125 0.1421875 0.03359375 0.20234375
0 0.703125 0.240625 0.059375 0.0703125
1 0.24453125 0.4 0.0265625 0.13828125
1 0.890625 0.2109375 0.0296875 0.15625
0 0.859375 0.67734375 0.04453125 0.065625
0 0.46484375 0.7578125 0.05703125 0.0671875
2 0.52734375 0.18671875 0.3171875 0.29140625
1 0.24453125 0.6390625 0.0265625 0.13125
1 0.89140625 0.65390625 0.0234375 0.1
1 0.428125 0.03984375 0.1078125 0.03203125
1 0.6359375 0.03984375 0.04453125 0.02890625
1 0.88984375 0.76328125 0.0171875 0.1125
0 0.35546875 0.27421875 0.0984375 0.071875
0 0.3921875 0.27265625 0.0640625 0.06875