2 0.62734375 0.5953125 0.12265625 0.215625
2 0.6265625 0.38515625 0.1203125 0.21328125
2 0.25390625 0.58984375 0.11171875 0.2078125
0 0.27109375 0.8109375 0.0296875 0.04609375
0 0.33828125 0.2984375 0.034375 0.05
1 0.4375 0.1515625 0.02109375 0.1625
0 0.675 0.8625 0.03828125 0.0515625
2 0.46796875 0.7484375 0.06640625 0.11875
2 0.21796875 0.7359375 0.034375 0.0859375
0 0.3859375 0.834375 0.03046875 0.06015625
1 0.19765625 0.375 0.02890625 0.16484375
1 0.1953125 0.590625 0.01796875 0.16171875
0 0.24609375 0.75390625 0.03046875 0.0453125
2 0.28515625 0.8484375 0.04765625 0.13125
0 0.61640625 0.25625 0.02890625 0.05234375
2 0.33046875 0.4109375 0.040625 0.15390625
1 0.4359375 0.43046875 0.03046875 0.12265625
1 0.196875 0.81171875 0.01484375 0.04765625
1 0.5640625 0.16796875 0.01875 0.05390625
0 0.62578125 0.80546875 0.12421875 0.2015625
1 0.56484375 0.378125 0.01875 0.05078125
2 0.3296875 0.575 0.04296875 0.13203125
0 0.4484375 0.7625 0.02109375 0.0390625
1 0.19609375 0.16953125 0.02109375 0.14921875
0 0.33828125 0.6671875 0.03125 0.04609375
0 0.30078125 0.77265625 0.028125 0.04375
1 0.56484375 0.809375 0.01796875 0.05
2 0.68828125 0.16953125 0.24375 0.209375
1 0.56484375 0.59375 0.01796875 0.05
0 0.425 0.7734375 0.03046875 0.04609375
0 0.44609375 0.65234375 0.04609375 0.04765625
2 0.31796875 0.1671875 0.23515625 0.20390625
2 0.23671875 0.85078125 0.0453125 0.04609375
2 0.3734375 0.7515625 0.121875 0.11875
2 0.2734375 0.7359375 0.08203125 0.07890625
2 0.62421875 0.80625 0.12265625 0.209375
2 0.25859375 0.38125 0.12265625 0.21171875
0 0.43984375 0.7671875 0.028125 0.0484375
0 0.2546875 0.378125 0.11171875 0.2234375
2 0.39375 0.48046875 0.08046875 0.421875