2 0.72421875 0.73515625 0.315625 0.26171875
2 0.2578125 0.73125 0.2953125 0.25703125
2 0.31953125 0.56015625 0.1625 0.09140625
2 0.784375 0.3734375 0.1890625 0.14765625
0 0.50859375 0.89296875 0.1 0.08203125
1 0.590625 0.16953125 0.16015625 0.0421875
1 0.25 0.16953125 0.18984375 0.04375
0 0.4546875 0.13984375 0.0984375 0.0796875
0 0.6046875 0.6828125 0.1 0.0609375
0 0.509375 0.75625 0.0984375 0.07578125
0 0.73671875 0.47265625 0.09296875 0.06796875
2 0.7859375 0.52421875 0.1890625 0.159375
0 0.428125 0.571875 0.103125 0.0625
0 0.73359375 0.32734375 0.08515625 0.0640625
2 0.7859375 0.23828125 0.1875 0.13828125
0 0.3578125 0.63984375 0.10234375 0.06796875
0 0.653125 0.565625 0.10703125 0.06875
1 0.22265625 0.86328125 0.18203125 0.0359375
1 0.71171875 0.86484375 0.18125 0.03828125
2 0.35390625 0.34375 0.52109375 0.34296875
1 0.790625 0.16953125 0.0890625 0.028125
0 0.19375 0.5859375 0.0890625 0.0578125
0 0.31953125 0.5609375 0.1640625 0.09375
2 0.175 0.559375 0.13125 0.09375
2 0.48671875 0.81875 0.17578125 0.07265625