2 0.78046875 0.803125 0.4125 0.2671875
2 0.1953125 0.790625 0.36484375 0.28203125
2 0.87109375 0.496875 0.23125 0.35546875
0 0.403125 0.14921875 0.1203125 0.08125
2 0.61875 0.37421875 0.28515625 0.378125
2 0.87109375 0.25703125 0.23046875 0.15390625
2 0.19296875 0.61015625 0.3625 0.09140625
0 0.44453125 0.9625 0.121875 0.07421875
0 0.809375 0.35234375 0.0984375 0.05703125
0 0.63203125 0.69453125 0.1015625 0.06640625
0 0.2140625 0.67890625 0.09375 0.06484375
0 0.796875 0.5890625 0.10859375 0.0515625
0 0.32734375 0.6875 0.1171875 0.0609375
1 0.83359375 0.178125 0.140625 0.0265625
1 0.215625 0.93359375 0.246875 0.02890625
1 0.63046875 0.17890625 0.23828125 0.02265625
1 0.23125 0.17734375 0.24765625 0.0234375
1 0.678125 0.93515625 0.17421875 0.02421875
2 0.240625 0.36796875 0.46796875 0.38828125