2 0.371875 0.29921875 0.17265625 0.20390625
2 0.6296875 0.59296875 0.184375 0.1890625
2 0.5875 0.3 0.26953125 0.2046875
2 0.67265625 0.453125 0.09765625 0.1015625
2 0.37578125 0.6046875 0.1875 0.1765625
2 0.3234375 0.8640625 0.090625 0.1484375
2 0.3390625 0.4859375 0.11015625 0.0703125
2 0.58046875 0.45 0.08515625 0.103125
1 0.37890625 0.196875 0.12265625 0.034375
0 0.6046875 0.47734375 0.04921875 0.03828125
0 0.49765625 0.61875 0.04375 0.04375
0 0.52109375 0.4796875 0.0546875 0.04609375
0 0.55859375 0.525 0.05078125 0.0453125
0 0.503125 0.184375 0.04765625 0.05625
0 0.409375 0.42890625 0.04921875 0.04296875
0 0.4109375 0.478125 0.05078125 0.0421875
0 0.4984375 0.7078125 0.04609375 0.0453125
0 0.4296875 0.38515625 0.04921875 0.04921875
0 0.3875 0.86328125 0.05234375 0.0453125
1 0.59296875 0.20078125 0.1234375 0.02734375
0 0.4203125 0.51875 0.04765625 0.0421875
1 0.62890625 0.6921875 0.1109375 0.02109375
2 0.33671875 0.4265625 0.1140625 0.05078125
1 0.3859375 0.69296875 0.103125 0.01953125
0 0.41796875 0.50078125 0.05390625 0.046875