2 0.384375 0.2328125 0.2046875 0.275
2 0.59765625 0.2921875 0.2390625 0.3953125
2 0.640625 0.69140625 0.14453125 0.23515625
2 0.41015625 0.5390625 0.05234375 0.1125
2 0.63984375 0.52734375 0.14921875 0.0953125
2 0.33671875 0.5375 0.1 0.1125
2 0.35859375 0.4265625 0.1515625 0.1140625
0 0.50703125 0.09453125 0.06015625 0.15625
0 0.46171875 0.62109375 0.05390625 0.078125
2 0.38515625 0.70078125 0.2078125 0.21953125
0 0.5875 0.64921875 0.0578125 0.06328125
0 0.5453125 0.83828125 0.05390625 0.0921875
0 0.54453125 0.74296875 0.05078125 0.07265625
0 0.41484375 0.45078125 0.05546875 0.06328125
0 0.36015625 0.45859375 0.04375 0.059375
0 0.4578125 0.340625 0.0515625 0.0734375
0 0.55078125 0.54296875 0.05625 0.06484375
1 0.41796875 0.09453125 0.128125 0.046875
0 0.45 0.5375 0.04609375 0.0546875
1 0.390625 0.809375 0.128125 0.04296875
1 0.66171875 0.0921875 0.1 0.0484375
1 0.62734375 0.81015625 0.10859375 0.040625
1 0.5796875 0.09375 0.08984375 0.03828125
1 0.621875 0.09765625 0.1765625 0.03515625
0 0.41015625 0.50859375 0.05234375 0.1703125