2 0.8296875 0.2640625 0.27578125 0.3671875
2 0.8375 0.675 0.25546875 0.2625
2 0.62109375 0.3390625 0.15625 0.21640625
2 0.903125 0.49609375 0.12109375 0.0984375
0 0.17421875 0.0890625 0.07265625 0.1453125
2 0.14140625 0.440625 0.1703125 0.08203125
0 0.728125 0.41640625 0.075 0.08203125
1 0.36171875 0.79921875 0.12734375 0.0515625
0 0.09765625 0.75859375 0.09296875 0.096875
2 0.22734375 0.8796875 0.1109375 0.1671875
0 0.7484375 0.5734375 0.0703125 0.0734375
1 0.31875 0.0921875 0.1890625 0.04375
0 0.65703125 0.42109375 0.06953125 0.08125
0 0.1546875 0.509375 0.06015625 0.07421875
0 0.6640625 0.25546875 0.06171875 0.0625
0 0.8875 0.56875 0.05859375 0.0640625
1 0.85546875 0.80625 0.13828125 0.04296875
2 0.6171875 0.159375 0.15390625 0.14765625
1 0.6265625 0.80703125 0.12421875 0.034375
2 0.6265625 0.6703125 0.17109375 0.275
1 0.809375 0.09453125 0.1953125 0.040625
0 0.0984375 0.89375 0.0921875 0.0890625
0 0.13515625 0.903125 0.09140625 0.08828125
1 0.65546875 0.08671875 0.0625 0.028125
2 0.62265625 0.7484375 0.1796875 0.11484375
2 0.10546875 0.83203125 0.1375 0.078125
2 0.26640625 0.23984375 0.43046875 0.32265625
2 0.26015625 0.63828125 0.4375 0.321875