2 0.28515625 0.325 0.2171875 0.3375
2 0.85078125 0.32734375 0.25234375 0.3375
2 0.26171875 0.57890625 0.1765625 0.15546875
2 0.10625 0.32734375 0.14453125 0.34765625
2 0.40859375 0.58125 0.12421875 0.1625
0 0.75234375 0.87890625 0.0703125 0.0953125
0 0.7578125 0.76484375 0.0625 0.07421875
0 0.58828125 0.13359375 0.0671875 0.07890625
2 0.8859375 0.71796875 0.171875 0.2484375
0 0.1125 0.5296875 0.06796875 0.07734375
2 0.84296875 0.5546875 0.0828125 0.109375
0 0.36171875 0.40390625 0.08515625 0.07578125
0 0.82578125 0.64140625 0.06640625 0.0671875
0 0.7609375 0.4734375 0.07421875 0.07734375
0 0.32578125 0.57734375 0.06328125 0.059375
0 0.371875 0.69453125 0.06875 0.06953125
2 0.2609375 0.753125 0.1734375 0.18203125
0 0.77734375 0.57265625 0.06171875 0.0546875
0 0.29921875 0.63125 0.059375 0.0671875
1 0.4265625 0.846875 0.10859375 0.03828125
1 0.853125 0.16171875 0.128125 0.03828125
0 0.2640625 0.878125 0.06953125 0.09140625
1 0.6671875 0.16171875 0.103125 0.03515625
1 0.50390625 0.16171875 0.128125 0.040625
1 0.17734375 0.5890625 0.028125 0.05625
1 0.30859375 0.159375 0.13046875 0.03984375
1 0.6046875 0.84609375 0.12578125 0.040625
1 0.87421875 0.84609375 0.1296875 0.03984375
1 0.975 0.575 0.0265625 0.05859375
2 0.55703125 0.32890625 0.3484375 0.35
2 0.26796875 0.88125 0.06953125 0.09765625
0 0.3140625 0.60390625 0.06640625 0.1234375
0 0.26171875 0.58203125 0.1796875 0.15859375
2 0.7390625 0.78984375 0.125 0.10546875
2 0.93359375 0.553125 0.0890625 0.1078125