2 0.28515625 0.165625 0.48515625 0.29609375
2 0.296875 0.75546875 0.48515625 0.2984375
2 0.58203125 0.46171875 0.68984375 0.29453125
2 0.8421875 0.70390625 0.20703125 0.19765625
2 0.74140625 0.16796875 0.421875 0.29765625
0 0.6484375 0.90625 0.1484375 0.15703125
0 0.4453125 0.28203125 0.14453125 0.0890625
0 0.6484375 0.2796875 0.1375 0.08984375
0 0.70703125 0.8453125 0.11171875 0.06328125
0 0.70234375 0.75 0.14140625 0.07734375
1 0.06328125 0.75703125 0.0609375 0.19375
1 0.06171875 0.16484375 0.0609375 0.171875
1 0.759375 0.02265625 0.2625 0.03515625
2 0.79453125 0.85859375 0.10703125 0.0921875
0 0.19609375 0.37734375 0.13359375 0.08515625
1 0.25546875 0.49296875 0.05625 0.16796875
1 0.25703125 0.46796875 0.08984375 0.2578125