2 0.18359375 0.6734375 0.234375 0.40625
2 0.18125 0.3078125 0.23203125 0.3265625
2 0.3515625 0.2171875 0.10703125 0.2421875
0 0.8 0.5265625 0.08671875 0.13125
0 0.440625 0.3859375 0.046875 0.09609375
0 0.36953125 0.3859375 0.04921875 0.09921875
0 0.33515625 0.921875 0.0640625 0.13125
1 0.07109375 0.3015625 0.03203125 0.25078125
1 0.0703125 0.67109375 0.03125 0.29609375
1 0.8296875 0.31640625 0.0359375 0.3390625
2 0.65859375 0.34609375 0.34765625 0.4984375
0 0.26875 0.40390625 0.0625 0.12265625
0 0.271875 0.54765625 0.0578125 0.12265625
2 0.4484375 0.24296875 0.084375 0.2015625