2 0.16640625 0.21015625 0.24140625 0.27578125
2 0.20390625 0.43984375 0.31875 0.190625
2 0.66484375 0.440625 0.246875 0.1953125
2 0.37109375 0.16328125 0.17890625 0.175
2 0.628125 0.2015625 0.3421875 0.2484375
2 0.45625 0.396875 0.18984375 0.10390625
2 0.896875 0.703125 0.14296875 0.184375
0 0.30390625 0.28203125 0.07421875 0.06015625
2 0.4078125 0.4875 0.096875 0.08515625
0 0.70859375 0.63203125 0.06640625 0.05390625
0 0.51015625 0.55703125 0.071875 0.06953125
0 0.4046875 0.27109375 0.065625 0.05703125
0 0.77421875 0.5734375 0.0734375 0.0640625
0 0.715625 0.7328125 0.0640625 0.0546875
0 0.9140625 0.940625 0.06796875 0.06875
0 0.7125 0.509375 0.06796875 0.0640625
1 0.21171875 0.53203125 0.12578125 0.02890625
1 0.21328125 0.071875 0.13671875 0.03046875
1 0.703125 0.07421875 0.125 0.02421875
0 0.61796875 0.58046875 0.08203125 0.0625
0 0.425 0.43125 0.04921875 0.0453125
2 0.8953125 0.85859375 0.1453125 0.121875
1 0.65 0.8046875 0.03046875 0.06796875
1 0.39765625 0.075 0.1125 0.025
1 0.5796875 0.07421875 0.1375 0.0265625
0 0.73671875 0.825 0.04609375 0.040625
2 0.740625 0.796875 0.17421875 0.09609375
1 0.65 0.690625 0.03671875 0.12421875
2 0.73671875 0.87890625 0.178125 0.07734375
0 0.34453125 0.40703125 0.05234375 0.0484375
1 0.65 0.715625 0.02890625 0.059375