2 0.8125 0.28671875 0.3375 0.45546875
2 0.32578125 0.340625 0.42265625 0.55
2 0.81953125 0.70234375 0.3140625 0.37265625
2 0.5859375 0.2125 0.12578125 0.3109375
1 0.971875 0.28359375 0.04140625 0.2375
0 0.125 0.4828125 0.10625 0.1
1 0.1140625 0.28515625 0.028125 0.32109375
0 0.66640625 0.4390625 0.06328125 0.1046875
0 0.6234375 0.65703125 0.065625 0.1078125
0 0.58046875 0.409375 0.05859375 0.10859375
0 0.6 0.925 0.05859375 0.121875
0 0.49609375 0.4875 0.0703125 0.11328125
1 0.971875 0.703125 0.0296875 0.23515625