2 0.20859375 0.2765625 0.2640625 0.39765625
2 0.21171875 0.66796875 0.2578125 0.4078125
0 0.6359375 0.27734375 0.340625 0.41328125
0 0.3703125 0.91875 0.06796875 0.121875
0 0.30546875 0.73515625 0.0796875 0.1046875
0 0.30390625 0.41015625 0.071875 0.10078125
1 0.0796875 0.33359375 0.03984375 0.22890625
2 0.4046875 0.21484375 0.12109375 0.26796875
0 0.42421875 0.390625 0.05546875 0.09140625
2 0.8765625 0.27421875 0.1421875 0.4109375
1 0.08046875 0.61953125 0.0375 0.23671875
0 0.49375 0.40546875 0.07109375 0.09140625
1 0.80625 0.2171875 0.03125 0.2453125
2 0.8328125 0.37890625 0.0890625 0.09453125