2 0.671875 0.209375 0.3484375 0.26953125
2 0.28203125 0.2625 0.41171875 0.3765625
2 0.3296875 0.7375 0.1328125 0.1875
2 0.32890625 0.5484375 0.13046875 0.18984375
2 0.1625 0.64453125 0.17890625 0.38125
0 0.44609375 0.8359375 0.0921875 0.196875
0 0.41640625 0.5515625 0.08125 0.08984375
0 0.5234375 0.28671875 0.07890625 0.09140625
0 0.4203125 0.72890625 0.078125 0.08828125
1 0.846875 0.16171875 0.03046875 0.153125
1 0.075 0.54609375 0.03359375 0.12734375
1 0.165625 0.83203125 0.075 0.0359375
1 0.07265625 0.2640625 0.05625 0.32109375
0 0.8734375 0.27890625 0.109375 0.08203125
0 0.80703125 0.2828125 0.0875 0.0921875