2 0.321875 0.28671875 0.32578125 0.221875
2 0.25625 0.62578125 0.20703125 0.1859375
2 0.6296875 0.6015625 0.1984375 0.21953125
2 0.6171875 0.33046875 0.1703125 0.31875
2 0.77421875 0.2875 0.16640625 0.22734375
2 0.3 0.46796875 0.1140625 0.13046875
2 0.7921875 0.60234375 0.13125 0.0765625
2 0.20078125 0.46484375 0.08828125 0.13203125
0 0.39765625 0.1484375 0.06484375 0.06953125
0 0.765625 0.74140625 0.05859375 0.07265625
2 0.45234375 0.8296875 0.0625 0.153125
0 0.38359375 0.7734375 0.06015625 0.0640625
0 0.7 0.52265625 0.07578125 0.06328125
1 0.75390625 0.17421875 0.11328125 0.034375
0 0.7640625 0.53984375 0.05703125 0.05625
0 0.7046875 0.68359375 0.05859375 0.0515625
0 0.328125 0.60625 0.06640625 0.0578125
0 0.70390625 0.4296875 0.06796875 0.05859375
0 0.76171875 0.375 0.06953125 0.0703125
0 0.3875 0.68828125 0.05625 0.059375
1 0.634375 0.715625 0.13828125 0.034375
0 0.2609375 0.47265625 0.0609375 0.0546875
1 0.6375 0.17421875 0.109375 0.03046875
1 0.2359375 0.7171875 0.096875 0.0328125
0 0.396875 0.82265625 0.0625 0.05390625
0 0.33828125 0.478125 0.053125 0.046875
1 0.28671875 0.17421875 0.16796875 0.03203125
2 0.7953125 0.67890625 0.13515625 0.0734375
0 0.79375 0.603125 0.1328125 0.07578125
0 0.29765625 0.46796875 0.11796875 0.13359375