2 0.15546875 0.6390625 0.240625 0.46875
2 0.6578125 0.22734375 0.3359375 0.33828125
2 0.3859375 0.16796875 0.20390625 0.23671875
2 0.153125 0.23125 0.240625 0.35546875
2 0.440625 0.7125 0.0875 0.3171875
0 0.31640625 0.87734375 0.06484375 0.2125
0 0.4109375 0.32890625 0.05625 0.1203125
0 0.24375 0.346875 0.0703125 0.10390625
0 0.24609375 0.46875 0.065625 0.09921875
0 0.5125 0.33828125 0.06328125 0.096875
0 0.378125 0.66640625 0.053125 0.0828125
1 0.03203125 0.6203125 0.0390625 0.2265625
0 0.740625 0.43828125 0.06171875 0.1125
0 0.828125 0.5140625 0.11953125 0.10390625
1 0.0328125 0.25 0.03515625 0.22890625
1 0.71640625 0.04765625 0.11640625 0.0609375
2 0.6546875 0.6390625 0.34765625 0.4859375
1 0.825 0.69296875 0.034375 0.24765625
1 0.37890625 0.04453125 0.0546875 0.04140625
2 0.33359375 0.70546875 0.11875 0.3296875
2 0.8953125 0.62734375 0.1359375 0.4015625
1 0.82734375 0.228125 0.02890625 0.19296875