2 0.3296875 0.2921875 0.18515625 0.20234375
0 0.36171875 0.1109375 0.08359375 0.115625
0 0.459375 0.1125 0.0859375 0.125
0 0.44453125 0.60078125 0.07890625 0.08828125
2 0.321875 0.65546875 0.184375 0.2109375
0 0.44453125 0.4453125 0.07734375 0.08671875
2 0.5953125 0.40234375 0.353125 0.71171875
0 0.45078125 0.2703125 0.0875 0.10546875
0 0.46953125 0.7703125 0.09375 0.21171875
1 0.334375 0.1875 0.12265625 0.03671875
2 0.36953125 0.44609375 0.09296875 0.0890625
0 0.46953125 0.70078125 0.0875 0.128125