2 0.87890625 0.253125 0.2046875 0.48203125
2 0.34140625 0.7375 0.14375 0.4671875
2 0.209375 0.21875 0.19765625 0.3125
2 0.47421875 0.75234375 0.12890625 0.428125
2 0.36015625 0.11875 0.10859375 0.1734375
2 0.7171875 0.11328125 0.11171875 0.17734375
2 0.59921875 0.753125 0.12734375 0.428125
2 0.190625 0.6796875 0.16015625 0.6046875
2 0.5421875 0.27734375 0.1046875 0.14140625
2 0.44765625 0.2734375 0.071875 0.134375
2 0.453125 0.1171875 0.08203125 0.17265625
0 0.44296875 0.5421875 0.04296875 0.0953125
0 0.09609375 0.14921875 0.05 0.08671875
0 0.4328125 0.3765625 0.03828125 0.090625
0 0.56328125 0.54140625 0.04375 0.0984375
0 0.36328125 0.37421875 0.0375 0.090625
0 0.71640625 0.23828125 0.04140625 0.09765625
0 0.32734375 0.54375 0.04140625 0.10234375
0 0.67890625 0.43515625 0.0515625 0.09140625
0 0.678125 0.15703125 0.04296875 0.08203125
2 0.5765625 0.11640625 0.16796875 0.16953125
0 0.396875 0.16171875 0.0390625 0.08125
0 0.36484375 0.24296875 0.0328125 0.0796875
0 0.63046875 0.171875 0.0375 0.0859375
2 0.740625 0.35859375 0.14921875 0.30546875
0 0.73046875 0.528125 0.04296875 0.13515625
2 0.359375 0.275 0.10703125 0.15
0 0.5734375 0.171875 0.03671875 0.0828125
0 0.80546875 0.2359375 0.04609375 0.0875
1 0.11328125 0.26015625 0.01796875 0.17578125
1 0.97734375 0.16796875 0.0171875 0.12734375
1 0.97734375 0.3546875 0.0140625 0.12734375
2 0.896875 0.5640625 0.11796875 0.1328125
0 0.9 0.5703125 0.11953125 0.13203125