2 0.3078125 0.29140625 0.1859375 0.1546875
2 0.140625 0.42578125 0.153125 0.43515625
2 0.5609375 0.5421875 0.13203125 0.2
2 0.77734375 0.55859375 0.10234375 0.165625
2 0.30703125 0.59296875 0.06484375 0.10625
2 0.575 0.328125 0.15625 0.23671875
2 0.67109375 0.55859375 0.1078125 0.1703125
2 0.7953125 0.296875 0.0609375 0.16171875
2 0.43828125 0.415625 0.07265625 0.1296875
2 0.2609375 0.4421875 0.0984375 0.1984375
0 0.1375 0.67421875 0.10546875 0.09140625
0 0.33125 0.3546875 0.04140625 0.05703125
2 0.24609375 0.59140625 0.0640625 0.10390625
0 0.3625 0.66875 0.04453125 0.07421875
0 0.74453125 0.49609375 0.03515625 0.0578125
0 0.8703125 0.453125 0.0453125 0.06640625
2 0.70703125 0.2828125 0.11171875 0.23125
0 0.70546875 0.4953125 0.03515625 0.05625
1 0.40234375 0.2703125 0.02578125 0.08203125
1 0.3671875 0.215625 0.05859375 0.034375
1 0.1453125 0.2125 0.08125 0.03828125
1 0.54296875 0.64375 0.05703125 0.03046875
0 0.2640625 0.57109375 0.0359375 0.04765625
1 0.55859375 0.2140625 0.08125 0.0359375
1 0.4046875 0.61171875 0.0203125 0.04296875
1 0.31953125 0.64296875 0.03359375 0.0265625
1 0.68046875 0.64453125 0.05390625 0.028125
1 0.24296875 0.64296875 0.0375 0.028125
1 0.78046875 0.64453125 0.05390625 0.0265625
0 0.25625 0.52109375 0.03671875 0.053125
0 0.321875 0.515625 0.03203125 0.0421875
1 0.68515625 0.15703125 0.0796875 0.03671875
1 0.8984375 0.4109375 0.0203125 0.07109375
1 0.74765625 0.1828125 0.02109375 0.046875
1 0.82890625 0.60546875 0.0171875 0.04140625
0 0.54765625 0.4296875 0.04921875 0.04453125
0 0.76953125 0.37109375 0.04296875 0.046875
2 0.36171875 0.5125 0.08046875 0.25546875
2 0.29375 0.50234375 0.03671875 0.075
1 0.625 0.18046875 0.0234375 0.046875
1 0.78125 0.21484375 0.03203125 0.025
1 0.24453125 0.59453125 0.065625 0.10390625