2 0.17578125 0.1828125 0.2125 0.2953125
2 0.175 0.47890625 0.21796875 0.28359375
2 0.6125 0.25078125 0.2578125 0.43515625
2 0.17734375 0.746875 0.21796875 0.24765625
2 0.31328125 0.26484375 0.06953125 0.13359375
2 0.43515625 0.184375 0.10234375 0.2921875
0 0.2453125 0.29453125 0.05 0.0828125
0 0.4265625 0.365625 0.04765625 0.0828125
0 0.40859375 0.15625 0.05078125 0.06875
0 0.34921875 0.871875 0.05625 0.1796875
0 0.3171875 0.3625 0.046875 0.0765625
2 0.346875 0.11875 0.0859375 0.16328125
0 0.26640625 0.81875 0.05234375 0.07265625
0 0.740625 0.33671875 0.1265625 0.084375
1 0.0703125 0.396875 0.0234375 0.13515625
1 0.06875 0.734375 0.021875 0.14921875
1 0.0703125 0.21640625 0.02265625 0.14296875
1 0.73671875 0.16875 0.0296875 0.24140625