2 0.68671875 0.80078125 0.24375 0.2296875
2 0.28046875 0.246875 0.23125 0.25703125
2 0.5296875 0.7015625 0.0890625 0.1171875
2 0.4375 0.24921875 0.08671875 0.24609375
0 0.63125 0.71796875 0.0546875 0.0734375
0 0.434375 0.39921875 0.04375 0.059375
0 0.58828125 0.784375 0.0421875 0.05390625
1 0.80625 0.51796875 0.0296875 0.16328125
1 0.16953125 0.1765625 0.02109375 0.084375
0 0.80625 0.3015625 0.09609375 0.0640625
0 0.58828125 0.72109375 0.04921875 0.06015625
1 0.80703125 0.75703125 0.02421875 0.12109375
0 0.190625 0.309375 0.04921875 0.06484375
2 0.2796875 0.45859375 0.221875 0.16796875
1 0.8078125 0.221875 0.0265625 0.10390625
0 0.1453125 0.30859375 0.059375 0.06796875
0 0.45 0.56640625 0.0625 0.08046875
1 0.16953125 0.43984375 0.0171875 0.08671875
2 0.5390625 0.78671875 0.0671875 0.05546875
2 0.67421875 0.40859375 0.2890625 0.59765625
0 0.53203125 0.70625 0.0890625 0.11328125
2 0.60078125 0.24765625 0.41875 0.23984375