2 0.85078125 0.6234375 0.17421875 0.28125
2 0.85859375 0.31875 0.24296875 0.3328125
2 0.09609375 0.61875 0.1296875 0.284375
2 0.1203125 0.4265625 0.184375 0.11640625
2 0.59765625 0.6296875 0.1640625 0.265625
2 0.3921875 0.6890625 0.10078125 0.13671875
2 0.60234375 0.4125 0.1828125 0.20703125
2 0.3171875 0.6875 0.05 0.13203125
2 0.3953125 0.55625 0.09609375 0.14296875
2 0.62890625 0.2390625 0.2296875 0.1609375
0 0.24921875 0.9421875 0.0609375 0.0828125
0 0.328125 0.58984375 0.05390625 0.06796875
0 0.190625 0.13046875 0.09375 0.065625
0 0.70546875 0.40703125 0.046875 0.06328125
0 0.6703125 0.5671875 0.05546875 0.07421875
0 0.47421875 0.87890625 0.0578125 0.078125
0 0.27421875 0.68515625 0.0515625 0.0703125
0 0.2515625 0.78515625 0.0515625 0.078125
2 0.55703125 0.88125 0.1296875 0.14609375
0 0.7171875 0.2875 0.053125 0.08125
0 0.18359375 0.509375 0.04921875 0.07421875
1 0.68046875 0.159375 0.09296875 0.03671875
1 0.971875 0.45703125 0.02421875 0.0703125
1 0.1046875 0.75703125 0.0765625 0.03125
2 0.26171875 0.3140625 0.45234375 0.3
0 0.3734375 0.60625 0.04140625 0.0609375
1 0.4765625 0.45703125 0.0203125 0.071875
2 0.546875 0.43671875 0.065625 0.10546875
1 0.440625 0.59921875 0.01484375 0.040625
1 0.565625 0.75546875 0.09296875 0.0234375
0 0.92421875 0.571875 0.0359375 0.090625
1 0.103125 0.159375 0.0984375 0.028125
1 0.35703125 0.165625 0.2015625 0.0375
1 0.6828125 0.75703125 0.059375 0.02578125
1 0.440625 0.68671875 0.01796875 0.0453125
1 0.43984375 0.66015625 0.01640625 0.06796875
1 0.515625 0.35703125 0.0171875 0.09453125
1 0.1828125 0.7578125 0.053125 0.0265625
2 0.28125 0.8375 0.1078125 0.1625