2 0.76953125 0.196875 0.37265625 0.3140625
2 0.3734375 0.2015625 0.40859375 0.3171875
2 0.828125 0.51484375 0.2484375 0.3421875
0 0.121875 0.30859375 0.0765625 0.0984375
0 0.5109375 0.31328125 0.08046875 0.09140625
0 0.8421875 0.8109375 0.2125 0.19296875
0 0.64765625 0.38828125 0.071875 0.0984375
1 0.94765625 0.50859375 0.05234375 0.25703125
2 0.6546875 0.909375 0.07421875 0.175
1 0.94609375 0.19609375 0.06171875 0.29453125
1 0.06015625 0.5453125 0.05625 0.31953125
2 0.71484375 0.8578125 0.0671875 0.0703125
1 0.17265625 0.1953125 0.0625 0.2859375
1 0.95078125 0.8609375 0.03125 0.08125
2 0.36484375 0.62578125 0.6421875 0.56953125