2 0.421875 0.246875 0.1890625 0.37734375
2 0.20546875 0.24296875 0.25546875 0.3671875
2 0.88359375 0.5953125 0.11484375 0.32109375
2 0.33125 0.64453125 0.20546875 0.2125
2 0.675 0.28671875 0.3015625 0.4625
0 0.41875 0.4703125 0.07265625 0.08828125
0 0.171875 0.46875 0.07890625 0.090625
0 0.328125 0.5171875 0.065625 0.07890625
0 0.7875 0.49140625 0.0875 0.0796875
2 0.175 0.7453125 0.0796875 0.178125
2 0.4765625 0.64296875 0.08671875 0.19921875
0 0.4875 0.49296875 0.0828125 0.1046875
0 0.465625 0.52890625 0.05078125 0.0515625
1 0.42421875 0.05859375 0.18828125 0.0328125
0 0.85390625 0.48984375 0.078125 0.0796875
2 0.6734375 0.64609375 0.28671875 0.21015625
1 0.6796875 0.06640625 0.26796875 0.0421875