2 0.33125 0.6546875 0.23515625 0.19296875
2 0.1890625 0.4171875 0.3046875 0.33203125
2 0.13984375 0.86171875 0.2109375 0.2296875
2 0.1296875 0.67421875 0.18359375 0.1484375
1 0.7890625 0.25 0.18671875 0.0515625
0 0.65703125 0.2203125 0.0953125 0.084375
1 0.22109375 0.253125 0.18671875 0.05625
0 0.30390625 0.4734375 0.09921875 0.0734375
1 0.37890625 0.75625 0.1296875 0.0359375
0 0.48046875 0.6390625 0.0859375 0.0625
0 0.55546875 0.78203125 0.0734375 0.06953125
2 0.521875 0.40625 0.3859375 0.2953125
0 0.24609375 0.65078125 0.08828125 0.0609375
0 0.2796875 0.853125 0.0890625 0.0609375
2 0.5671875 0.64921875 0.24140625 0.203125
1 0.82109375 0.7515625 0.1125 0.03515625
2 0.8328125 0.71484375 0.1328125 0.07890625
1 0.5484375 0.25078125 0.109375 0.0421875
1 0.4546875 0.2515625 0.10859375 0.040625
2 0.86171875 0.653125 0.0609375 0.05859375