2 0.13125 0.7359375 0.24375 0.33671875
2 0.25625 0.10625 0.22265625 0.196875
2 0.8921875 0.2375 0.14765625 0.465625
2 0.128125 0.39765625 0.23828125 0.3484375
2 0.58984375 0.2359375 0.4484375 0.4375
0 0.2890625 0.2484375 0.053125 0.1
0 0.2265625 0.61953125 0.06015625 0.08984375
0 0.16796875 0.15390625 0.06015625 0.0921875
0 0.7875 0.34375 0.06171875 0.0921875
0 0.225 0.50546875 0.0625 0.08984375
0 0.8484375 0.34453125 0.0578125 0.0859375
1 0.81875 0.190625 0.03359375 0.23203125
0 0.3359375 0.90078125 0.059375 0.18828125
1 0.01328125 0.70859375 0.02578125 0.24296875
1 0.01171875 0.40390625 0.021875 0.215625
2 0.07421875 0.11484375 0.13359375 0.18828125
0 0.3359375 0.95234375 0.05234375 0.08828125
2 0.334375 0.54921875 0.17421875 0.775
1 0.00859375 0.11640625 0.01640625 0.0765625