2 0.29609375 0.53046875 0.28125 0.5984375
2 0.675 0.7484375 0.14765625 0.17265625
2 0.75390625 0.46015625 0.2265625 0.41640625
1 0.78203125 0.246875 0.1578125 0.08203125
2 0.51796875 0.5765625 0.17578125 0.21171875
1 0.5578125 0.2453125 0.153125 0.0796875
2 0.5359375 0.3640625 0.2234375 0.2203125
2 0.80703125 0.73671875 0.11953125 0.14609375
0 0.675 0.428125 0.08359375 0.103125
0 0.7765625 0.6296875 0.06484375 0.08828125
0 0.3890625 0.2515625 0.0796875 0.2140625
0 0.51796875 0.71875 0.06015625 0.0953125
0 0.38828125 0.740625 0.08671875 0.10625
0 0.57578125 0.72890625 0.0671875 0.09296875
0 0.67890625 0.63203125 0.06796875 0.078125
2 0.47265625 0.875 0.071875 0.11484375
0 0.47421875 0.8765625 0.0734375 0.115625
0 0.38984375 0.18671875 0.0734375 0.10234375
0 0.52109375 0.72890625 0.11171875 0.11171875
2 0.3875 0.7421875 0.090625 0.1
2 0.51875 0.73828125 0.15078125 0.15234375