2 0.7515625 0.52890625 0.36640625 0.240625
2 0.24296875 0.4765625 0.2859375 0.1328125
2 0.65703125 0.3734375 0.17734375 0.0828125
2 0.51640625 0.86953125 0.29375 0.16484375
0 0.4453125 0.0984375 0.11796875 0.134375
2 0.25234375 0.2609375 0.28046875 0.31328125
0 0.61796875 0.44375 0.12265625 0.0640625
0 0.33359375 0.37890625 0.1328125 0.06484375
0 0.59453125 0.76171875 0.11953125 0.07421875
0 0.45625 0.6796875 0.115625 0.07890625
2 0.84140625 0.3703125 0.18828125 0.07265625
0 0.79765625 0.4359375 0.08984375 0.0578125
0 0.54296875 0.38671875 0.10546875 0.05078125
0 0.32734375 0.51640625 0.1078125 0.0609375
2 0.6359375 0.2171875 0.6140625 0.2375
0 0.425 0.4875 0.1125 0.059375
1 0.246875 0.09609375 0.25390625 0.03046875
0 0.44609375 0.54453125 0.1203125 0.071875
1 0.65703125 0.096875 0.28125 0.03125
2 0.24609375 0.59453125 0.27578125 0.1125
1 0.7875 0.64765625 0.24296875 0.02734375
1 0.30546875 0.6484375 0.15 0.02734375
1 0.24296875 0.5953125 0.2875 0.1109375