2 0.7546875 0.64375 0.27890625 0.20078125
2 0.75390625 0.40625 0.28359375 0.2703125
2 0.828125 0.846875 0.11796875 0.19375
2 0.375 0.5046875 0.49453125 0.4859375
0 0.72421875 0.79140625 0.09140625 0.103125
1 0.7421875 0.26328125 0.2046875 0.0375
0 0.503125 0.19375 0.11015625 0.11484375
1 0.61953125 0.3796875 0.03515625 0.128125
0 0.5078125 0.33046875 0.11796875 0.1265625
0 0.55625 0.3765625 0.1234375 0.11484375
1 0.31484375 0.25703125 0.26328125 0.02890625
0 0.7140625 0.88359375 0.11484375 0.1296875
2 0.59921875 0.85078125 0.3359375 0.18984375