2 0.52421875 0.378125 0.25078125 0.465625
2 0.3125 0.36171875 0.17578125 0.41328125
2 0.78671875 0.328125 0.27734375 0.5921875
2 0.4 0.84609375 0.12890625 0.203125
0 0.58046875 0.1515625 0.07578125 0.1890625
0 0.2890625 0.746875 0.08125 0.19140625
0 0.60390625 0.5734375 0.07578125 0.09765625
0 0.10546875 0.11796875 0.071875 0.1015625
0 0.36796875 0.71640625 0.065625 0.0765625
1 0.784375 0.0421875 0.2546875 0.0484375
1 0.47421875 0.15078125 0.1421875 0.034375
1 0.1765625 0.15078125 0.0890625 0.028125
2 0.13359375 0.43671875 0.15390625 0.6171875
1 0.31328125 0.15078125 0.1609375 0.034375
1 0.22734375 0.29765625 0.02265625 0.15703125
2 0.14609375 0.29609375 0.171875 0.28515625