2 0.671875 0.6875 0.35859375 0.3515625
2 0.20703125 0.2421875 0.29921875 0.3515625
2 0.16171875 0.765625 0.21796875 0.18125
2 0.15859375 0.54765625 0.228125 0.2703125
0 0.31953125 0.8640625 0.08828125 0.21640625
0 0.521875 0.56796875 0.08203125 0.11171875
0 0.3140625 0.46015625 0.08125 0.11640625
0 0.2921875 0.57109375 0.075 0.09453125
0 0.28984375 0.76171875 0.06875 0.0828125
1 0.24609375 0.0703125 0.16796875 0.0515625
1 0.44375 0.06640625 0.1140625 0.04765625
1 0.84453125 0.67421875 0.03359375 0.1921875
2 0.3859375 0.6859375 0.21015625 0.3359375
0 0.8109375 0.43203125 0.08984375 0.115625
1 0.15859375 0.54296875 0.225 0.265625
0 0.40390625 0.46640625 0.09375 0.12734375
2 0.6078125 0.2921875 0.45390625 0.4390625
2 0.90859375 0.278125 0.12734375 0.41171875
1 0.846875 0.240625 0.0375 0.296875
0 0.45859375 0.4734375 0.07265625 0.10703125
0 0.88125 0.4328125 0.08046875 0.11015625
0 0.59765625 0.2875 0.4515625 0.43125
2 0.8828125 0.43359375 0.07734375 0.10703125