2 0.1390625 0.3078125 0.2484375 0.51328125
2 0.3140625 0.203125 0.15234375 0.303125
2 0.909375 0.36015625 0.12421875 0.628125
2 0.709375 0.35546875 0.29296875 0.6125
2 0.15078125 0.70703125 0.27109375 0.28828125
0 0.3265625 0.83828125 0.05546875 0.2265625
0 0.2640625 0.421875 0.05703125 0.109375
0 0.32734375 0.3890625 0.04140625 0.090625
0 0.8734375 0.41171875 0.05546875 0.1015625
0 0.265625 0.6296875 0.05546875 0.09453125
1 0.8453125 0.21015625 0.0234375 0.28515625
2 0.48125 0.2015625 0.1796875 0.290625
1 0.01640625 0.69453125 0.02265625 0.25234375
1 0.45546875 0.0484375 0.0828125 0.040625
1 0.8453125 0.56484375 0.015625 0.171875
1 0.34765625 0.046875 0.0765625 0.040625
1 0.01640625 0.28046875 0.0328125 0.4203125