2 0.203125 0.5078125 0.30078125 0.23984375
2 0.19921875 0.23359375 0.29375 0.32109375
2 0.63203125 0.77265625 0.4 0.26328125
2 0.34375 0.7625 0.1859375 0.271875
2 0.49609375 0.19453125 0.29375 0.225
2 0.15625 0.69375 0.1953125 0.13828125
0 0.27734375 0.68125 0.07421875 0.078125
0 0.46796875 0.68515625 0.08125 0.09375
0 0.31640625 0.3453125 0.0765625 0.08671875
1 0.828125 0.2046875 0.0453125 0.18671875
0 0.315625 0.57265625 0.08125 0.090625
1 0.0578125 0.24453125 0.0375 0.153125
1 0.05546875 0.484375 0.0375 0.15546875
1 0.1515625 0.8328125 0.2015625 0.13984375
1 0.82265625 0.790625 0.0375 0.1703125
1 0.821875 0.52578125 0.03359375 0.1765625
2 0.88671875 0.48984375 0.1171875 0.33203125
1 0.3984375 0.071875 0.09140625 0.03203125
0 0.80390625 0.384375 0.11484375 0.0953125
0 0.85 0.3796875 0.08203125 0.08515625
0 0.28984375 0.90234375 0.078125 0.1671875
0 0.26953125 0.84453125 0.065625 0.065625
2 0.2890625 0.90234375 0.08359375 0.165625
2 0.584375 0.35234375 0.46953125 0.5671875