2 0.78984375 0.5546875 0.28984375 0.31875
2 0.23359375 0.81875 0.27890625 0.2203125
2 0.76875 0.2390625 0.33359375 0.30625
2 0.22890625 0.55625 0.2859375 0.31171875
2 0.43984375 0.51328125 0.13828125 0.23125
2 0.39375 0.23984375 0.4203125 0.3046875
0 0.56484375 0.7171875 0.07109375 0.1453125
2 0.446875 0.86875 0.14296875 0.1078125
0 0.53359375 0.50703125 0.07734375 0.07734375
0 0.1515625 0.31953125 0.09296875 0.071875
0 0.4296875 0.78359375 0.06953125 0.07421875
0 0.67421875 0.4421875 0.0734375 0.07421875
0 0.34609375 0.753125 0.07109375 0.07109375
0 0.625 0.35 0.08046875 0.06875
1 0.92734375 0.55859375 0.0453125 0.2171875
0 0.34609375 0.66328125 0.075 0.0734375
1 0.928125 0.24765625 0.0515625 0.2203125
1 0.0890625 0.81484375 0.0375 0.171875
2 0.58046875 0.56171875 0.1453125 0.31875
1 0.0875 0.54296875 0.03828125 0.190625
1 0.178125 0.20234375 0.040625 0.18203125