2 0.2890625 0.21015625 0.3296875 0.3390625
2 0.284375 0.8046875 0.334375 0.3
2 0.72890625 0.72734375 0.32109375 0.271875
2 0.67421875 0.2875 0.45390625 0.30234375
2 0.28359375 0.58359375 0.33125 0.15
2 0.82265625 0.521875 0.125 0.12890625
2 0.2171875 0.44609375 0.19609375 0.13125
2 0.38203125 0.44453125 0.134375 0.13125
0 0.54453125 0.6875 0.09296875 0.065625
0 0.5140625 0.1125 0.09140625 0.07421875
1 0.3171875 0.04375 0.1390625 0.05
0 0.4765625 0.559375 0.10078125 0.06796875
2 0.5078125 0.7984375 0.12734375 0.1234375
0 0.47421875 0.4703125 0.103125 0.0703125
0 0.271875 0.53671875 0.0828125 0.06953125
0 0.409375 0.70625 0.08984375 0.06328125
1 0.63125 0.140625 0.11328125 0.0375
0 0.41171875 0.2453125 0.10390625 0.07265625
1 0.70546875 0.85625 0.228125 0.04609375
0 0.496875 0.7640625 0.0828125 0.06328125
0 0.50703125 0.88359375 0.075 0.0703125
1 0.77890625 0.14140625 0.16015625 0.0421875
1 0.31796875 0.9515625 0.1625 0.03671875
0 0.7328125 0.5515625 0.10078125 0.0625
1 0.1140625 0.5828125 0.04609375 0.05390625
1 0.11484375 0.4484375 0.0484375 0.053125
2 0.1765625 0.5828125 0.11484375 0.1453125
0 0.54609375 0.4375 0.09375 0.0625
0 0.50703125 0.79140625 0.12109375 0.12265625