2 0.334375 0.353125 0.190625 0.2796875
2 0.57421875 0.7625 0.18515625 0.2484375
2 0.5984375 0.35390625 0.33984375 0.278125
2 0.55234375 0.56640625 0.1046875 0.153125
2 0.2890625 0.5609375 0.09375 0.13515625
2 0.71171875 0.76328125 0.09375 0.24296875
2 0.37421875 0.5390625 0.07578125 0.09140625
0 0.45625 0.21953125 0.06640625 0.16171875
0 0.4421875 0.8109375 0.07421875 0.09375
0 0.3953125 0.4515625 0.06953125 0.0828125
0 0.6328125 0.67421875 0.05625 0.0796875
0 0.44453125 0.91015625 0.06796875 0.096875
0 0.47734375 0.55390625 0.059375 0.07109375
0 0.42890625 0.52578125 0.05390625 0.0640625
0 0.32578125 0.753125 0.17109375 0.2578125
1 0.3546875 0.215625 0.146875 0.03203125
2 0.32578125 0.75078125 0.17421875 0.25859375
0 0.3828125 0.66875 0.06328125 0.06953125
0 0.278125 0.46484375 0.05625 0.065625
1 0.54453125 0.215625 0.1125 0.03671875
0 0.36640625 0.6796875 0.084375 0.115625