2 0.1921875 0.4484375 0.2734375 0.38046875
0 0.61953125 0.89921875 0.10078125 0.18046875
1 0.40625 0.2515625 0.1703125 0.05390625
1 0.2421875 0.2484375 0.1703125 0.05
0 0.65390625 0.73203125 0.103125 0.09140625
2 0.59140625 0.77734375 0.20390625 0.23984375
0 0.63515625 0.2484375 0.09609375 0.196875
2 0.8828125 0.815625 0.1453125 0.1640625
1 0.78203125 0.25703125 0.22734375 0.04609375
1 0.82578125 0.696875 0.27734375 0.18125
2 0.8296875 0.7546875 0.29609375 0.2875
1 0.58984375 0.77421875 0.2078125 0.24296875
2 0.646875 0.45859375 0.6375 0.37890625