2 0.68125 0.32421875 0.259375 0.32265625
2 0.17421875 0.48125 0.2265625 0.4546875
2 0.28671875 0.8 0.2328125 0.18984375
2 0.11875 0.80546875 0.115625 0.18359375
0 0.53671875 0.8953125 0.0890625 0.20546875
2 0.421875 0.4140625 0.26328125 0.49921875
0 0.22578125 0.22734375 0.06875 0.10703125
2 0.48984375 0.77578125 0.18515625 0.23515625
0 0.2015625 0.75625 0.0796875 0.09296875
0 0.58984375 0.45 0.071875 0.0859375
2 0.69765625 0.69296875 0.23515625 0.40625
1 0.1484375 0.2609375 0.09140625 0.04609375
0 0.42578125 0.7515625 0.07578125 0.07890625
0 0.84296875 0.70078125 0.0796875 0.07890625
1 0.81171875 0.22734375 0.03125 0.071875
1 0.38203125 0.15859375 0.1875 0.0453125
1 0.8109375 0.6109375 0.02890625 0.0796875
1 0.27890625 0.20234375 0.0296875 0.075
1 0.7734375 0.159375 0.0640625 0.040625