2 0.67421875 0.225 0.30703125 0.3609375
2 0.16875 0.2390625 0.25625 0.39375
0 0.18515625 0.58203125 0.08359375 0.1
2 0.40703125 0.215625 0.22109375 0.35625
0 0.60546875 0.47578125 0.0921875 0.1078125
0 0.20390625 0.47421875 0.08828125 0.1078125
1 0.16875 0.04453125 0.11171875 0.0484375
1 0.37890625 0.046875 0.1265625 0.0484375
0 0.3453125 0.4734375 0.08125 0.103125
1 0.67578125 0.046875 0.1609375 0.05
0 0.8015625 0.54921875 0.09453125 0.09765625
1 0.8265625 0.72109375 0.04921875 0.24375
0 0.2 0.8765625 0.0890625 0.2109375
2 0.0984375 0.6 0.11875 0.30234375
1 0.0984375 0.59453125 0.11796875 0.29140625
2 0.89453125 0.68671875 0.12890625 0.38671875
2 0.490625 0.6609375 0.675 0.45078125