2 0.1578125 0.32734375 0.29140625 0.4515625
2 0.4109375 0.328125 0.2125 0.440625
2 0.11328125 0.88046875 0.21796875 0.21875
2 0.1765625 0.6625 0.08828125 0.22734375
2 0.39453125 0.87734375 0.0890625 0.19921875
0 0.37734375 0.49921875 0.0765625 0.125
0 0.41015625 0.73125 0.06875 0.11328125
0 0.25546875 0.4984375 0.0734375 0.1296875
0 0.24296875 0.82734375 0.075 0.10390625
0 0.271875 0.925 0.06953125 0.115625
0 0.246875 0.66640625 0.0765625 0.09765625
0 0.47578125 0.8234375 0.0625 0.11953125
2 0.6765625 0.41640625 0.33125 0.65390625
1 0.84140625 0.31953125 0.0375 0.23046875
2 0.075 0.6609375 0.12265625 0.22109375
0 0.1015625 0.8125 0.05625 0.09921875
0 0.83515625 0.58671875 0.1390625 0.10390625
1 0.20859375 0.10625 0.15625 0.0625
1 0.63984375 0.103125 0.13671875 0.05859375
1 0.840625 0.815625 0.028125 0.22109375
1 0.4109375 0.1078125 0.1625 0.0625
2 0.6671875 0.8421875 0.3515625 0.26640625
0 0.0109375 0.82578125 0.01953125 0.10390625
1 0.01015625 0.709375 0.01796875 0.0921875
0 0.115625 0.878125 0.22109375 0.225
2 0.59453125 0.74609375 0.1484375 0.08359375