2 0.28125 0.65546875 0.39296875 0.2609375
2 0.78828125 0.8578125 0.2390625 0.13125
2 0.77734375 0.5609375 0.23671875 0.1015625
2 0.77890625 0.69921875 0.23203125 0.17421875
2 0.28125 0.49453125 0.4 0.07265625
0 0.54453125 0.146875 0.0953125 0.0875
1 0.71875 0.146875 0.21640625 0.03671875
1 0.32421875 0.79140625 0.2390625 0.0359375
0 0.5859375 0.80859375 0.0859375 0.0578125
0 0.440625 0.56015625 0.10859375 0.0515625
1 0.33046875 0.14765625 0.328125 0.0359375
0 0.63203125 0.8515625 0.1140625 0.053125
0 0.61640625 0.71953125 0.1140625 0.05390625
2 0.36953125 0.30859375 0.62578125 0.3140625
2 0.73359375 0.32890625 0.30703125 0.37109375