2 0.72890625 0.7875 0.365625 0.2578125
2 0.690625 0.16953125 0.45859375 0.2453125
2 0.478125 0.821875 0.15078125 0.1859375
2 0.259375 0.33984375 0.3859375 0.3859375
2 0.68046875 0.48984375 0.45859375 0.32890625
2 0.153125 0.596875 0.190625 0.14453125
1 0.21328125 0.1484375 0.2609375 0.05078125
0 0.58828125 0.69609375 0.0890625 0.06875
0 0.384375 0.140625 0.084375 0.11796875
1 0.90859375 0.4046875 0.0671875 0.1359375
0 0.275 0.58984375 0.10390625 0.0734375
0 0.2984375 0.69765625 0.08203125 0.0734375
1 0.90859375 0.5875 0.06484375 0.1453125
0 0.48984375 0.709375 0.1015625 0.0703125
0 0.48359375 0.24140625 0.1015625 0.07578125
1 0.64375 0.05 0.20234375 0.0484375
1 0.90859375 0.82265625 0.05078125 0.115625