2 0.31015625 0.325 0.2359375 0.18125
2 0.7171875 0.72421875 0.234375 0.15390625
2 0.4078125 0.52265625 0.18671875 0.16015625
2 0.3171875 0.69765625 0.246875 0.1984375
2 0.25625 0.5421875 0.12734375 0.1171875
2 0.63515625 0.3734375 0.403125 0.275
0 0.653125 0.825 0.0703125 0.06875
0 0.5421875 0.825 0.0671875 0.06328125
1 0.3515625 0.23359375 0.1484375 0.02890625
0 0.33828125 0.5359375 0.059375 0.03984375
0 0.41484375 0.63203125 0.0796875 0.05390625
0 0.45 0.36484375 0.08671875 0.05625
1 0.3203125 0.8 0.1484375 0.025
0 0.52109375 0.5265625 0.06796875 0.04453125
1 0.59921875 0.2328125 0.1984375 0.03046875
0 0.4734375 0.20625 0.09140625 0.075
2 0.25625 0.446875 0.128125 0.07890625
2 0.665625 0.6546875 0.3390625 0.3