2 0.6953125 0.20703125 0.32109375 0.31015625
2 0.26171875 0.2078125 0.2375 0.36015625
2 0.6953125 0.51015625 0.32109375 0.315625
2 0.41171875 0.17265625 0.06796875 0.1375
2 0.48125 0.13671875 0.0734375 0.21640625
0 0.734375 0.33046875 0.08203125 0.06015625
0 0.45078125 0.578125 0.0765625 0.0671875
0 0.51953125 0.47734375 0.046875 0.09921875
0 0.41875 0.7359375 0.04921875 0.08046875
0 0.521875 0.30078125 0.0453125 0.09921875
0 0.4734375 0.27265625 0.04765625 0.0765625
0 0.39609375 0.3125 0.04140625 0.1046875
0 0.36015625 0.0703125 0.05234375 0.065625
1 0.86171875 0.18828125 0.034375 0.1640625
0 0.4234375 0.2640625 0.040625 0.06171875
0 0.3953125 0.63671875 0.04609375 0.0609375
1 0.134375 0.68203125 0.0203125 0.12421875
2 0.4125 0.06875 0.07109375 0.07421875
1 0.86484375 0.4984375 0.02265625 0.13515625
1 0.1375 0.16484375 0.0328125 0.1390625
1 0.1375 0.52109375 0.03046875 0.13203125
1 0.37890625 0.48828125 0.02578125 0.1265625
2 0.25390625 0.6109375 0.215625 0.39765625
2 0.45625 0.396875 0.15703125 0.31484375
2 0.265625 0.49296875 0.25 0.2359375