2 0.2875 0.41484375 0.4359375 0.51953125
2 0.8109375 0.59609375 0.25078125 0.1734375
2 0.72890625 0.2828125 0.415625 0.46484375
2 0.3859375 0.8109375 0.26484375 0.15
0 0.409375 0.128125 0.0875 0.07734375
0 0.5609375 0.78125 0.096875 0.078125
0 0.59765625 0.94296875 0.1015625 0.10546875
1 0.6203125 0.5109375 0.1171875 0.03359375
1 0.7765625 0.5125 0.1578125 0.0265625
0 0.46875 0.5828125 0.10390625 0.0859375
2 0.6078125 0.703125 0.1828125 0.39453125
1 0.2625 0.1734375 0.2140625 0.03515625
1 0.73515625 0.034375 0.34140625 0.03203125