2 0.6125 0.20546875 0.3765625 0.33125
2 0.6609375 0.81640625 0.275 0.30703125
2 0.69765625 0.5203125 0.20859375 0.28984375
2 0.89453125 0.21015625 0.1875 0.340625
2 0.14921875 0.18046875 0.26640625 0.2125
2 0.3578125 0.11953125 0.13671875 0.1640625
0 0.371875 0.54765625 0.090625 0.18359375
0 0.571875 0.4625 0.08125 0.08671875
0 0.36953125 0.23671875 0.071875 0.09765625
0 0.484375 0.51484375 0.07109375 0.08515625
1 0.8 0.81328125 0.04765625 0.18828125
0 0.56171875 0.6234375 0.075 0.09609375
0 0.25859375 0.2421875 0.0765625 0.07890625
2 0.47265625 0.6015625 0.115625 0.11796875
0 0.55546875 0.7484375 0.07109375 0.0734375
0 0.82890625 0.29921875 0.09375 0.0859375
1 0.79921875 0.52109375 0.04609375 0.18359375
2 0.4734375 0.72421875 0.1203125 0.125
1 0.02109375 0.4 0.0375 0.1765625
1 0.02265625 0.1703125 0.04375 0.18046875
1 0.80234375 0.16953125 0.04296875 0.19296875
0 0.4765625 0.57265625 0.0984375 0.1734375
2 0.2140625 0.41796875 0.41953125 0.2625