2 0.2875 0.753125 0.38359375 0.29765625
2 0.81484375 0.6671875 0.22734375 0.2
2 0.77890625 0.36953125 0.3046875 0.3953125
0 0.63125 0.16171875 0.1421875 0.16796875
2 0.37890625 0.52734375 0.1984375 0.10078125
0 0.51171875 0.54453125 0.1203125 0.0625
0 0.55 0.93828125 0.1359375 0.09609375
0 0.6515625 0.65703125 0.12109375 0.06484375
0 0.553125 0.76796875 0.12890625 0.0828125
0 0.75703125 0.7390625 0.0921875 0.05859375
2 0.81015625 0.83359375 0.23671875 0.14453125
0 0.23203125 0.59375 0.09609375 0.0625
2 0.35859375 0.321875 0.5203125 0.3078125
0 0.43046875 0.65703125 0.12109375 0.0640625
1 0.3265625 0.1640625 0.2671875 0.0375
1 0.78828125 0.16640625 0.21328125 0.03359375
1 0.7390625 0.90625 0.07421875 0.0234375
1 0.28828125 0.8984375 0.24140625 0.040625
2 0.18515625 0.54921875 0.17421875 0.14296875