2 0.7859375 0.28125 0.36015625 0.4625
2 0.671875 0.77890625 0.12890625 0.2671875
2 0.84375 0.71171875 0.2359375 0.38203125
0 0.58203125 0.76328125 0.0671875 0.1203125
0 0.6390625 0.58046875 0.08359375 0.13203125
0 0.54609375 0.9015625 0.09296875 0.196875
0 0.63515625 0.37265625 0.07421875 0.12421875
1 0.159375 0.2328125 0.04453125 0.2671875
0 0.19375 0.4125 0.06953125 0.12421875
2 0.378125 0.29296875 0.42734375 0.4953125
1 0.95859375 0.68046875 0.0421875 0.26953125
1 0.95703125 0.29140625 0.04453125 0.2796875
0 0.12265625 0.41640625 0.0703125 0.128125
2 0.09609375 0.2828125 0.1328125 0.4765625
2 0.19453125 0.41640625 0.06484375 0.115625
2 0.12265625 0.415625 0.07265625 0.140625