2 0.61796875 0.2796875 0.39765625 0.39765625
2 0.22578125 0.278125 0.33125 0.3984375
2 0.17265625 0.67734375 0.23125 0.4
2 0.3578125 0.73046875 0.13203125 0.290625
2 0.7515625 0.68046875 0.35859375 0.40390625
0 0.83984375 0.3984375 0.0828125 0.0859375
0 0.328125 0.43359375 0.06484375 0.10078125
0 0.48828125 0.9171875 0.065625 0.11328125
0 0.36953125 0.5484375 0.06484375 0.0953125
1 0.81640625 0.246875 0.046875 0.26875
1 0.06015625 0.3 0.04375 0.27890625
1 0.0609375 0.64453125 0.0453125 0.3390625
2 0.50234375 0.684375 0.159375 0.41171875
0 0.490625 0.4453125 0.09140625 0.08515625