2 0.3609375 0.3390625 0.12578125 0.23984375
2 0.71171875 0.653125 0.13203125 0.246875
2 0.3609375 0.671875 0.1234375 0.21328125
2 0.39921875 0.50703125 0.05078125 0.121875
2 0.734375 0.2859375 0.08515625 0.13828125
0 0.403125 0.42109375 0.053125 0.0609375
2 0.33671875 0.52890625 0.075 0.075
0 0.34765625 0.5875 0.0359375 0.05078125
0 0.4484375 0.66875 0.04765625 0.06796875
0 0.6703125 0.190625 0.0484375 0.07890625
0 0.43984375 0.509375 0.04921875 0.05859375
0 0.40390625 0.59609375 0.04921875 0.0578125
1 0.37109375 0.2171875 0.07109375 0.0328125
1 0.371875 0.78203125 0.06640625 0.03046875
2 0.6515625 0.3484375 0.0765625 0.25859375
0 0.73046875 0.5578125 0.03828125 0.05703125
1 0.68984375 0.78046875 0.071875 0.03203125
0 0.63046875 0.5671875 0.0453125 0.0609375
2 0.65859375 0.50703125 0.096875 0.05859375
2 0.4625 0.7390625 0.08046875 0.084375
1 0.4671875 0.21640625 0.05234375 0.03046875
2 0.2734375 0.66796875 0.0453125 0.1671875
0 0.4484375 0.81015625 0.05234375 0.07890625
1 0.57109375 0.21640625 0.0546875 0.03046875
1 0.71796875 0.2140625 0.05078125 0.0296875
0 0.6328125 0.44765625 0.04609375 0.05859375
1 0.56328125 0.78046875 0.078125 0.03046875
0 0.22421875 0.6671875 0.065625 0.06953125
2 0.7421875 0.5015625 0.07265625 0.06953125
0 0.66875 0.4578125 0.0359375 0.05
2 0.51875 0.3890625 0.19765625 0.33359375
0 0.71328125 0.37421875 0.04140625 0.05
1 0.51640625 0.2171875 0.06484375 0.0296875
2 0.73515625 0.40859375 0.0875 0.1140625
0 0.71171875 0.41796875 0.04921875 0.0609375
0 0.65859375 0.50625 0.0921875 0.05703125
2 0.36484375 0.515625 0.1140625 0.09765625
0 0.72734375 0.41328125 0.078125 0.09296875
1 0.77890625 0.85703125 0.02734375 0.1515625
1 0.2984375 0.859375 0.0328125 0.159375