2 0.2046875 0.30859375 0.29921875 0.44453125
2 0.57734375 0.7203125 0.19921875 0.37578125
2 0.5625 0.3140625 0.409375 0.4390625
2 0.38203125 0.8078125 0.19453125 0.1875
0 0.26171875 0.571875 0.09375 0.12890625
1 0.88203125 0.74296875 0.03203125 0.26953125
0 0.11015625 0.7125 0.0859375 0.22421875
1 0.184375 0.0859375 0.20390625 0.07109375
1 0.76796875 0.2640625 0.0359375 0.32109375
0 0.37578125 0.67265625 0.0765625 0.1125
0 0.2265625 0.67578125 0.075 0.10078125
0 0.45234375 0.65 0.0828125 0.1125
1 0.396875 0.08359375 0.09609375 0.06171875
0 0.8140625 0.46328125 0.0953125 0.12421875
2 0.225 0.8078125 0.1375 0.19453125
0 0.734375 0.459375 0.06953125 0.11328125
2 0.8546875 0.33125 0.1703125 0.5140625
0 0.71875 0.584375 0.0796875 0.11015625
2 0.7875 0.74609375 0.21640625 0.31875