2 0.13515625 0.21953125 0.2453125 0.3796875
2 0.6296875 0.25078125 0.440625 0.43515625
2 0.1625 0.59453125 0.3 0.3765625
2 0.34140625 0.1359375 0.153125 0.2140625
2 0.22734375 0.8703125 0.1515625 0.21875
0 0.346875 0.28359375 0.05078125 0.10390625
0 0.28203125 0.7015625 0.0734375 0.1015625
0 0.8453125 0.34921875 0.125 0.0984375
0 0.32265625 0.83203125 0.0671875 0.12265625
0 0.24140625 0.3296875 0.0578125 0.0953125
1 0.84921875 0.18203125 0.03515625 0.2640625
0 0.3421875 0.915625 0.0640625 0.11640625
1 0.01484375 0.22734375 0.02265625 0.2265625
1 0.01640625 0.8546875 0.02109375 0.09609375
1 0.015625 0.63203125 0.025 0.24453125