2 0.89609375 0.6265625 0.1234375 0.1984375
0 0.890625 0.28203125 0.07265625 0.08984375
2 0.82265625 0.184375 0.2671875 0.2515625
2 0.89296875 0.421875 0.125 0.21328125
0 0.596875 0.5765625 0.071875 0.1109375
0 0.809375 0.61015625 0.06796875 0.096875
0 0.75546875 0.49609375 0.06953125 0.09375
0 0.7171875 0.19453125 0.0765625 0.09609375
2 0.49296875 0.29296875 0.3765625 0.48046875
1 0.821875 0.05078125 0.115625 0.04921875
1 0.41171875 0.04921875 0.0578125 0.046875
1 0.30703125 0.18203125 0.040625 0.16015625
1 0.15703125 0.98984375 0.06484375 0.01953125
1 0.4796875 0.5359375 0.14375 0.0578125
2 0.76171875 0.63046875 0.1453125 0.2078125
1 0.80234375 0.7375 0.0578125 0.0390625
2 0.76015625 0.425 0.159375 0.2125