2 0.409375 0.803125 0.52734375 0.1578125
2 0.30859375 0.346875 0.33828125 0.3109375
0 0.6875 0.91640625 0.146875 0.10546875
0 0.4 0.15390625 0.14453125 0.090625
1 0.72109375 0.1921875 0.2640625 0.05390625
2 0.26015625 0.55 0.25234375 0.09375
1 0.26328125 0.18984375 0.20703125 0.0515625
0 0.41796875 0.45390625 0.1390625 0.08359375
0 0.290625 0.465625 0.14921875 0.07734375
0 0.63984375 0.78046875 0.13125 0.08203125
2 0.26015625 0.66015625 0.23671875 0.1265625
0 0.3265625 0.76015625 0.121875 0.08125
2 0.62578125 0.453125 0.49140625 0.5453125
1 0.30234375 0.88125 0.175 0.04375
2 0.7265625 0.80859375 0.2921875 0.1546875
2 0.36328125 0.1140625 0.371875 0.171875
1 0.39921875 0.15546875 0.14453125 0.090625