2 0.7109375 0.68203125 0.3671875 0.19609375
2 0.31953125 0.34453125 0.3125 0.284375
2 0.26328125 0.57421875 0.20390625 0.175
0 0.56796875 0.20078125 0.11171875 0.1234375
0 0.471875 0.80078125 0.11328125 0.07890625
0 0.5734375 0.6296875 0.1 0.059375
0 0.315625 0.64609375 0.0875 0.05078125
0 0.57578125 0.5140625 0.0921875 0.05
0 0.35703125 0.94765625 0.10703125 0.06484375
0 0.39609375 0.5671875 0.09609375 0.05546875
2 0.68203125 0.33984375 0.43984375 0.31796875
1 0.715625 0.19375 0.18984375 0.0421875
0 0.4203125 0.46640625 0.10703125 0.06328125
1 0.69296875 0.77890625 0.1890625 0.0390625
1 0.3546875 0.19609375 0.18046875 0.03828125
2 0.71875 0.5265625 0.2421875 0.0859375
0 0.4796875 0.72421875 0.1046875 0.06484375
2 0.25703125 0.71640625 0.19296875 0.11171875
2 0.45078125 0.58828125 0.19453125 0.20703125
2 0.28984375 0.84609375 0.25078125 0.146875
2 0.48046875 0.721875 0.10078125 0.0609375
2 0.7765625 0.5796875 0.1 0.04296875