2 0.38203125 0.14375 0.20859375 0.2296875
2 0.38359375 0.40625 0.209375 0.29921875
2 0.39375 0.70234375 0.18828125 0.3
2 0.115625 0.7015625 0.18359375 0.30078125
2 0.1515625 0.16640625 0.24921875 0.27109375
2 0.62734375 0.225 0.23125 0.3953125
2 0.85546875 0.2890625 0.23984375 0.3828125
0 0.259375 0.0859375 0.0515625 0.06171875
0 0.1859375 0.59296875 0.053125 0.0640625
0 0.37109375 0.284375 0.0453125 0.07734375
0 0.32109375 0.59140625 0.0546875 0.06796875
0 0.253125 0.809375 0.05078125 0.0953125
2 0.09375 0.41796875 0.13046875 0.26640625
1 0.96875 0.27421875 0.03359375 0.14140625
0 0.80625 0.446875 0.078125 0.0640625
0 0.72265625 0.4078125 0.053125 0.06796875
0 0.72578125 0.06953125 0.04765625 0.0546875
1 0.48359375 0.70625 0.03203125 0.16328125
1 0.5171875 0.29453125 0.03203125 0.1390625
1 0.48203125 0.39921875 0.03046875 0.1625
0 0.659375 0.446875 0.0703125 0.0625
2 0.79375 0.51171875 0.10234375 0.0859375
2 0.85625 0.0734375 0.2328125 0.078125
1 0.1171875 0.85078125 0.0796875 0.03515625
1 0.384375 0.84765625 0.1171875 0.03515625
1 0.028125 0.69140625 0.025 0.1171875
0 0.175 0.428125 0.05234375 0.0640625
2 0.25546875 0.6703125 0.09453125 0.2203125
1 0.37265625 0.02734375 0.109375 0.03515625
1 0.16328125 0.02734375 0.1109375 0.0328125
0 0.0953125 0.4203125 0.128125 0.27265625
2 0.68125 0.51171875 0.125 0.08984375