2 0.8546875 0.56171875 0.23515625 0.471875
0 0.784375 0.26171875 0.0765625 0.16875
2 0.1515625 0.6859375 0.24765625 0.2234375
2 0.0890625 0.42890625 0.12578125 0.21015625
0 0.40859375 0.80703125 0.08515625 0.26796875
2 0.2765625 0.4578125 0.253125 0.2765625
0 0.2953125 0.66640625 0.0734375 0.11875
0 0.11796875 0.56796875 0.05859375 0.10234375
1 0.5359375 0.3140625 0.20625 0.07109375
1 0.2953125 0.30859375 0.1546875 0.06875
2 0.553125 0.5609375 0.359375 0.46953125
1 0.08671875 0.3109375 0.08359375 0.05859375
1 0.89140625 0.3109375 0.14140625 0.05625