2 0.78203125 0.2390625 0.2671875 0.4453125
2 0.80234375 0.71640625 0.225 0.50078125
2 0.07421875 0.40234375 0.08359375 0.0984375
0 0.6875 0.4078125 0.071875 0.109375
0 0.61171875 0.49375 0.05859375 0.0921875
0 0.48671875 0.6140625 0.08515625 0.134375
2 0.59375 0.25390625 0.1140625 0.40078125
0 0.3203125 0.24140625 0.42734375 0.44609375
1 0.9125 0.22890625 0.03515625 0.25625
1 0.9125 0.659375 0.03203125 0.23515625
2 0.55859375 0.56328125 0.26015625 0.19921875
1 0.10625 0.221875 0.02890625 0.303125
0 0.5921875 0.25625 0.11484375 0.4046875
0 0.59609375 0.509375 0.14375 0.12578125