2 0.840625 0.740625 0.2796875 0.475
2 0.2921875 0.27578125 0.31328125 0.46328125
2 0.84296875 0.2765625 0.28203125 0.46171875
0 0.83046875 0.46171875 0.06796875 0.11484375
2 0.65078125 0.20546875 0.10546875 0.315625
0 0.73125 0.57578125 0.07265625 0.11875
0 0.634375 0.92578125 0.07734375 0.1453125
0 0.62421875 0.4015625 0.06015625 0.12265625
0 0.73046875 0.44140625 0.0734375 0.12421875
0 0.16328125 0.396875 0.090625 0.1203125
0 0.16640625 0.86875 0.0859375 0.12421875
2 0.4203125 0.43515625 0.0671875 0.11015625
0 0.50625 0.396875 0.05 0.09296875
1 0.97734375 0.6984375 0.03203125 0.31015625
1 0.978125 0.328125 0.034375 0.315625
2 0.49140625 0.203125 0.084375 0.30390625
1 0.13828125 0.68828125 0.03203125 0.28828125
1 0.13671875 0.215625 0.0328125 0.28125
0 0.5640625 0.396875 0.05 0.0953125
2 0.62109375 0.81796875 0.16328125 0.32421875
2 0.07578125 0.73828125 0.128125 0.47109375
2 0.34765625 0.74921875 0.41171875 0.5
1 0.5640625 0.20703125 0.0578125 0.3140625