2 0.80859375 0.325 0.2546875 0.34453125
2 0.16875 0.5859375 0.18125 0.3921875
2 0.52421875 0.63828125 0.1375 0.24921875
2 0.3390625 0.63671875 0.1625 0.2609375
0 0.62265625 0.56875 0.0734375 0.11328125
2 0.44765625 0.33671875 0.478125 0.34921875
0 0.65078125 0.84921875 0.07890625 0.1296875
1 0.0703125 0.5578125 0.0421875 0.1953125
0 0.28828125 0.46328125 0.0734375 0.13125
0 0.71328125 0.4234375 0.0734375 0.121875
0 0.18671875 0.31953125 0.0765625 0.13125
1 0.85859375 0.14140625 0.1125 0.05859375
1 0.3921875 0.13984375 0.1125 0.0609375
1 0.27265625 0.1421875 0.04921875 0.05703125
1 0.64921875 0.1421875 0.05390625 0.059375
1 0.22109375 0.21015625 0.0296875 0.10625
1 0.15 0.38515625 0.13671875 0.040625
2 0.66328125 0.6484375 0.1421875 0.29296875