2 0.10703125 0.75 0.084375 0.08515625
2 0.509375 0.50078125 0.11015625 0.28515625
2 0.75 0.45546875 0.1171875 0.13125
2 0.3578125 0.51328125 0.19609375 0.24765625
2 0.721875 0.72734375 0.16796875 0.1359375
0 0.6765625 0.65703125 0.034375 0.096875
2 0.28984375 0.6671875 0.06015625 0.0796875
2 0.74921875 0.29609375 0.11484375 0.1953125
2 0.75234375 0.58984375 0.115625 0.14375
0 0.79453125 0.49296875 0.0359375 0.04765625
2 0.29609375 0.74765625 0.0453125 0.08359375
0 0.7953125 0.54296875 0.03671875 0.0484375
0 0.2609375 0.72890625 0.0328125 0.04296875
1 0.69375 0.24921875 0.0171875 0.09375
0 0.7953125 0.68515625 0.03828125 0.04921875
0 0.159375 0.73984375 0.03671875 0.04609375
0 0.83515625 0.69921875 0.03828125 0.05
2 0.509375 0.678125 0.09609375 0.0703125
0 0.41171875 0.81015625 0.03515625 0.05625
0 0.27734375 0.47890625 0.0390625 0.04765625
1 0.26015625 0.25 0.01796875 0.09140625
1 0.26015625 0.42578125 0.01796875 0.078125
1 0.69375 0.4515625 0.01796875 0.115625
2 0.84453125 0.759375 0.0875 0.07421875
1 0.20390625 0.684375 0.015625 0.05703125
0 0.24296875 0.48125 0.0328125 0.04375
1 0.2609375 0.5578125 0.01640625 0.09296875
0 0.6953125 0.540625 0.06015625 0.04296875
0 0.3328125 0.68125 0.0328125 0.04453125
1 0.8890625 0.6953125 0.0171875 0.04375
0 0.24453125 0.6546875 0.03203125 0.08671875
0 0.4015625 0.73515625 0.03359375 0.04921875
1 0.39609375 0.2 0.028125 0.01953125
2 0.2375 0.725 0.07265625 0.134375
1 0.29921875 0.790625 0.0453125 0.01796875
1 0.45546875 0.68828125 0.0125 0.03828125
2 0.3421875 0.74765625 0.04609375 0.0859375
1 0.84375 0.2 0.071875 0.02109375
2 0.225 0.58359375 0.0703125 0.13515625
0 0.3515625 0.6953125 0.03046875 0.0421875
1 0.6390625 0.7109375 0.01875 0.11015625
1 0.33828125 0.79140625 0.021875 0.01796875
1 0.6953125 0.59375 0.0125 0.0671875
1 0.3828125 0.790625 0.0265625 0.01875
1 0.290625 0.19921875 0.065625 0.0234375
1 0.76171875 0.79296875 0.03203125 0.0203125
2 0.22265625 0.4578125 0.07265625 0.14375
2 0.846875 0.459375 0.08671875 0.515625
1 0.72578125 0.1984375 0.0625 0.0203125
2 0.3578125 0.2953125 0.19296875 0.1859375
0 0.2375 0.725 0.06953125 0.1359375
2 0.41171875 0.75234375 0.0875 0.07421875
1 0.83046875 0.79296875 0.05390625 0.01796875
1 0.24921875 0.57265625 0.04609375 0.13046875
1 0.0421875 0.53359375 0.0171875 0.0796875
0 0.809375 0.69140625 0.0703125 0.0515625