2 0.19375 0.78828125 0.0984375 0.21875
2 0.821875 0.34765625 0.16171875 0.2421875
2 0.3859375 0.4015625 0.16640625 0.36484375
2 0.19375 0.634375 0.09765625 0.08203125
0 0.4109375 0.85859375 0.05390625 0.128125
2 0.31015625 0.859375 0.1375 0.0734375
0 0.26171875 0.7796875 0.04765625 0.05078125
1 0.4203125 0.2125 0.0953125 0.05
0 0.2171875 0.70078125 0.04375 0.05703125
0 0.34453125 0.18984375 0.0515625 0.07734375
1 0.83359375 0.87265625 0.071875 0.04375
0 0.30390625 0.9234375 0.0453125 0.07421875
1 0.84453125 0.2234375 0.09609375 0.04609375
2 0.35703125 0.66015625 0.22734375 0.1484375
2 0.82265625 0.146875 0.16328125 0.15390625
2 0.740625 0.73125 0.33359375 0.328125