2 0.36328125 0.52109375 0.309375 0.27421875
2 0.38515625 0.7875 0.37265625 0.265625
2 0.7796875 0.51484375 0.26640625 0.26015625
2 0.71328125 0.74453125 0.13515625 0.1890625
2 0.396875 0.24453125 0.3828125 0.27734375
2 0.75078125 0.2625 0.33984375 0.2515625
2 0.8453125 0.746875 0.13984375 0.19140625
0 0.6140625 0.3546875 0.0671875 0.06328125
0 0.60546875 0.8390625 0.06796875 0.13671875
0 0.8015625 0.725 0.06796875 0.05859375
0 0.625 0.72734375 0.06953125 0.06171875
0 0.53515625 0.4796875 0.065625 0.05703125
1 0.20546875 0.24453125 0.03984375 0.159375
1 0.91015625 0.25 0.04140625 0.16015625
1 0.20546875 0.7921875 0.03359375 0.14921875
1 0.909375 0.4984375 0.034375 0.1609375
1 0.91015625 0.73125 0.02734375 0.05390625
1 0.20703125 0.57890625 0.0265625 0.12734375
0 0.178125 0.4859375 0.0734375 0.05859375
0 0.53359375 0.68828125 0.065625 0.05625
0 0.8421875 0.74765625 0.1421875 0.1859375