0 0.22109375 0.7234375 0.31015625 0.303125
2 0.56953125 0.6859375 0.140625 0.1734375
2 0.22421875 0.4453125 0.30546875 0.26953125
2 0.56875 0.53359375 0.13671875 0.14609375
1 0.06953125 0.4859375 0.04609375 0.20703125
1 0.8921875 0.20703125 0.0546875 0.278125
0 0.91484375 0.37578125 0.08828125 0.10078125
1 0.06953125 0.7453125 0.046875 0.171875
0 0.48359375 0.509375 0.0515625 0.0703125
1 0.06875 0.20234375 0.0390625 0.1125
2 0.36484375 0.7953125 0.0640625 0.0890625
2 0.4375 0.90078125 0.05390625 0.1171875
0 0.4828125 0.6578125 0.05390625 0.071875
2 0.3625 0.521875 0.0703125 0.096875
0 0.36328125 0.521875 0.0703125 0.096875
2 0.47734375 0.196875 0.8140625 0.23828125