2 0.784375 0.5703125 0.2984375 0.2796875
2 0.82265625 0.26875 0.2125 0.33125
2 0.771875 0.846875 0.32734375 0.27421875
2 0.6625 0.2125 0.10703125 0.20390625
2 0.56640625 0.21328125 0.0828125 0.209375
2 0.33515625 0.271875 0.40546875 0.32421875
0 0.74140625 0.37734375 0.059375 0.07265625
0 0.6515625 0.34765625 0.05234375 0.07890625
0 0.58203125 0.3421875 0.0453125 0.06484375
0 0.09765625 0.37734375 0.08671875 0.08125
1 0.9265625 0.2859375 0.0359375 0.2046875
1 0.9265625 0.56953125 0.03203125 0.2
1 0.9296875 0.82890625 0.03046875 0.23984375
1 0.12890625 0.24453125 0.03046875 0.19296875
0 0.57578125 0.746875 0.0578125 0.1140625
2 0.565625 0.8390625 0.09609375 0.26796875
1 0.9265625 0.8640625 0.01875 0.1546875