2 0.171875 0.48359375 0.25 0.221875
2 0.553125 0.26015625 0.228125 0.23203125
2 0.5765625 0.51796875 0.3328125 0.28203125
2 0.16875 0.7015625 0.25234375 0.2109375
2 0.3859375 0.3328125 0.109375 0.0875
2 0.28203125 0.2609375 0.1 0.23984375
2 0.3859375 0.215625 0.11171875 0.14453125
0 0.73984375 0.44140625 0.1140625 0.0609375
0 0.36484375 0.40234375 0.05234375 0.06953125
0 0.471875 0.34453125 0.0515625 0.0640625
0 0.27265625 0.41328125 0.05703125 0.0640625
1 0.0453125 0.6921875 0.0328125 0.153125
1 0.57890625 0.140625 0.1 0.034375
0 0.20703125 0.30390625 0.0609375 0.06796875
0 0.27109375 0.759375 0.0734375 0.06015625
0 0.315625 0.25390625 0.05 0.05234375
1 0.1796875 0.14296875 0.0640625 0.0203125
1 0.74296875 0.5484375 0.0265625 0.1546875
1 0.04765625 0.4734375 0.02578125 0.13671875
2 0.8078125 0.5171875 0.1234375 0.309375
0 0.1984375 0.35078125 0.0515625 0.0625
0 0.34140625 0.8046875 0.06015625 0.1390625
2 0.340625 0.8046875 0.0578125 0.13671875
1 0.39296875 0.140625 0.06640625 0.02421875
2 0.271875 0.7578125 0.0734375 0.06171875
2 0.171875 0.2609375 0.1125 0.22109375