0 0.32265625 0.3140625 0.359375 0.36796875
2 0.7046875 0.58046875 0.15234375 0.1828125
0 0.56484375 0.25546875 0.1265625 0.24296875
2 0.80078125 0.3125 0.34453125 0.375
0 0.66171875 0.73125 0.0796875 0.1
0 0.59375 0.6125 0.08046875 0.096875
0 0.56953125 0.9296875 0.06484375 0.103125
0 0.56484375 0.4125 0.0578125 0.08515625
0 0.17890625 0.42734375 0.09296875 0.09921875
2 0.7953125 0.78359375 0.3375 0.22421875
1 0.9625 0.70234375 0.02421875 0.24921875
1 0.9625 0.2859375 0.03125 0.23671875
1 0.9625 0.43046875 0.02734375 0.08046875
1 0.1375 0.2625 0.025 0.27265625
2 0.17890625 0.42734375 0.0875 0.096875
2 0.88359375 0.58515625 0.15703125 0.1859375