2 0.25859375 0.31328125 0.2828125 0.35625
2 0.51171875 0.7671875 0.24453125 0.246875
2 0.25546875 0.7515625 0.27578125 0.28359375
2 0.5625 0.315625 0.334375 0.35546875
2 0.83125 0.71953125 0.196875 0.1234375
0 0.6578125 0.134375 0.0828125 0.11796875
2 0.83125 0.83671875 0.1953125 0.12109375
2 0.83359375 0.6015625 0.20234375 0.121875
1 0.28984375 0.14296875 0.18203125 0.04453125
2 0.20625 0.553125 0.19140625 0.11875
1 0.25546875 0.89375 0.1734375 0.034375
0 0.71015625 0.6171875 0.08359375 0.0578125
0 0.70703125 0.73125 0.07421875 0.05234375
1 0.5296875 0.1421875 0.1671875 0.04375
0 0.32578125 0.54609375 0.07734375 0.0578125
1 0.8359375 0.13828125 0.17265625 0.04375
0 0.6828125 0.91953125 0.0734375 0.0734375
0 0.346875 0.63125 0.06328125 0.05390625
1 0.51015625 0.89453125 0.1625 0.03203125
0 0.77734375 0.75546875 0.06953125 0.05703125
0 0.60078125 0.68046875 0.075 0.05234375
2 0.83359375 0.36171875 0.1984375 0.3875
2 0.5171875 0.56796875 0.44296875 0.1515625