2 0.89921875 0.59609375 0.165625 0.26796875
2 0.2703125 0.1796875 0.2828125 0.19140625
2 0.653125 0.2765625 0.22734375 0.18671875
2 0.9296875 0.2421875 0.10234375 0.11953125
2 0.8578125 0.4171875 0.08203125 0.0921875
2 0.63984375 0.65234375 0.209375 0.571875
0 0.9296875 0.496875 0.04609375 0.0640625
1 0.5421875 0.2890625 0.02421875 0.1265625
2 0.8234375 0.27734375 0.10859375 0.18828125
0 0.7875 0.76328125 0.05625 0.08046875
0 0.33515625 0.3109375 0.0625 0.0875
0 0.74296875 0.3453125 0.0484375 0.07265625
2 0.94140625 0.421875 0.078125 0.09375
0 0.79375 0.3453125 0.046875 0.06875
0 0.84140625 0.50390625 0.0578125 0.06796875
0 0.90234375 0.32578125 0.0390625 0.05390625
0 0.78671875 0.671875 0.05546875 0.08046875
1 0.98125 0.54609375 0.0234375 0.13359375
0 0.79765625 0.43203125 0.0515625 0.05625
1 0.540625 0.49375 0.021875 0.13125
0 0.521875 0.62890625 0.05703125 0.06171875
1 0.9828125 0.2078125 0.01796875 0.0484375
1 0.9828125 0.33828125 0.01953125 0.05859375
1 0.54140625 0.746875 0.02421875 0.171875
1 0.7453125 0.909375 0.0203125 0.04296875
1 0.95390625 0.7328125 0.04453125 0.03046875
0 0.1984375 0.3109375 0.04453125 0.06953125
1 0.2390625 0.27578125 0.0546875 0.02265625
1 0.1265625 0.1640625 0.0234375 0.1234375