2 0.7546875 0.3125 0.29765625 0.32890625
1 0.728125 0.14921875 0.2421875 0.05703125
2 0.7953125 0.54921875 0.2265625 0.1453125
0 0.73359375 0.64921875 0.1078125 0.07265625
0 0.51328125 0.8359375 0.121875 0.0875
0 0.6609375 0.396875 0.13671875 0.07734375
0 0.56640625 0.659375 0.12734375 0.07265625
0 0.5109375 0.73828125 0.12890625 0.0859375
0 0.56171875 0.11875 0.09453125 0.06328125
1 0.4296875 0.10078125 0.1828125 0.0515625
2 0.7625 0.72109375 0.30078125 0.190625
1 0.3046875 0.81015625 0.2328125 0.046875
2 0.36484375 0.26484375 0.503125 0.28359375
1 0.56171875 0.11953125 0.09453125 0.06328125
2 0.2765625 0.52265625 0.303125 0.20546875
1 0.30390625 0.1234375 0.0875 0.0515625
1 0.28671875 0.1390625 0.08125 0.04921875