2 0.27890625 0.3109375 0.29921875 0.40390625
2 0.278125 0.66875 0.30234375 0.29296875
2 0.484375 0.25625 0.12734375 0.28984375
2 0.746875 0.340625 0.4109375 0.4609375
0 0.15859375 0.1640625 0.065625 0.10703125
0 0.49375 0.796875 0.06796875 0.1390625
1 0.9515625 0.3515625 0.03515625 0.20546875
0 0.446875 0.6265625 0.06171875 0.09140625
0 0.09375 0.16796875 0.06484375 0.1015625
1 0.1203125 0.72890625 0.0328125 0.19140625
1 0.125 0.31796875 0.03046875 0.19453125
0 0.475 0.44609375 0.05546875 0.0984375
2 0.21328125 0.853125 0.1921875 0.08984375