2 0.1921875 0.853125 0.30234375 0.23984375
2 0.80390625 0.76796875 0.28359375 0.2484375
2 0.12734375 0.628125 0.17109375 0.203125
2 0.346875 0.5296875 0.27109375 0.17734375
2 0.4046875 0.771875 0.15078125 0.084375
2 0.71328125 0.4484375 0.475 0.2578125
2 0.1265625 0.47265625 0.184375 0.10703125
2 0.88046875 0.6125 0.14375 0.0765625
0 0.528125 0.78984375 0.0734375 0.05625
0 0.68984375 0.67734375 0.07890625 0.04921875
0 0.30234375 0.86328125 0.08984375 0.05546875
0 0.52734375 0.91953125 0.08046875 0.065625
0 0.2953125 0.75078125 0.0671875 0.053125
1 0.471875 0.375 0.04921875 0.1171875
2 0.40703125 0.85390625 0.146875 0.08046875
0 0.66171875 0.29453125 0.08125 0.06484375
0 0.371875 0.71171875 0.07109375 0.0546875
0 0.1546875 0.54609375 0.071875 0.05390625
1 0.54296875 0.31640625 0.1390625 0.03125
0 0.87421875 0.66953125 0.06015625 0.04765625
0 0.234375 0.64609375 0.07421875 0.046875
0 0.290625 0.63828125 0.0640625 0.053125
0 0.29609375 0.41640625 0.0734375 0.06484375
1 0.80546875 0.8953125 0.1578125 0.02421875
2 0.565625 0.853125 0.1765625 0.08046875
1 0.19296875 0.97421875 0.1625 0.02734375
1 0.41328125 0.43828125 0.11796875 0.02734375
0 0.2375 0.39140625 0.07890625 0.04296875
0 0.11875 0.30234375 0.14765625 0.0625
1 0.82109375 0.31640625 0.22890625 0.0265625
0 0.1671875 0.3015625 0.0984375 0.0609375
0 0.12734375 0.62890625 0.1671875 0.21171875
2 0.13046875 0.38984375 0.171875 0.0578125
1 0.88125 0.31484375 0.11171875 0.01953125