2 0.6234375 0.21875 0.25859375 0.34140625
2 0.40390625 0.21953125 0.18203125 0.3421875
2 0.70546875 0.53828125 0.24140625 0.3140625
2 0.3734375 0.4546875 0.12265625 0.1484375
0 0.79453125 0.7078125 0.0546875 0.20390625
0 0.46171875 0.346875 0.0515625 0.1046875
0 0.5734375 0.44375 0.053125 0.10546875
2 0.5265625 0.646875 0.06953125 0.0875
0 0.525 0.34375 0.05078125 0.10546875
0 0.52109375 0.56796875 0.0421875 0.078125
0 0.453125 0.47890625 0.0484375 0.08125
1 0.42109375 0.04609375 0.115625 0.0359375
0 0.46328125 0.5671875 0.0515625 0.1015625
0 0.459375 0.5171875 0.05078125 0.13671875