2 0.75 0.63828125 0.2921875 0.2421875
2 0.3015625 0.634375 0.32890625 0.24609375
2 0.81640625 0.38359375 0.15234375 0.259375
2 0.815625 0.85234375 0.14921875 0.17890625
0 0.4765625 0.1421875 0.090625 0.14375
2 0.8109375 0.1984375 0.16015625 0.11171875
0 0.6421875 0.5546875 0.090625 0.06796875
0 0.51484375 0.70546875 0.08671875 0.065625
0 0.78125 0.26953125 0.059375 0.0484375
0 0.5171875 0.790625 0.090625 0.07734375
0 0.70625 0.83984375 0.09375 0.059375
0 0.7015625 0.48515625 0.08828125 0.0578125
2 0.621875 0.32578125 0.23203125 0.35546875
1 0.20703125 0.47109375 0.134375 0.08203125
0 0.23046875 0.5390625 0.07578125 0.0625
0 0.41953125 0.4828125 0.09296875 0.0578125
1 0.6296875 0.14296875 0.1359375 0.0296875
1 0.32890625 0.47265625 0.11484375 0.08984375
1 0.32578125 0.284375 0.3765625 0.29140625
0 0.42578125 0.55546875 0.08671875 0.06171875
1 0.34296875 0.14375 0.17734375 0.03125
1 0.7921875 0.14140625 0.08203125 0.02890625
1 0.68046875 0.75859375 0.12265625 0.02578125
1 0.34609375 0.759375 0.1328125 0.025
1 0.23203125 0.53984375 0.075 0.06171875