2 0.853125 0.68828125 0.24765625 0.421875
2 0.1984375 0.69921875 0.3515625 0.44453125
2 0.7859375 0.253125 0.37421875 0.45078125
2 0.66640625 0.7640625 0.13125 0.303125
0 0.76015625 0.53515625 0.08125 0.10703125
0 0.68828125 0.4390625 0.07890625 0.1140625
0 0.56953125 0.76015625 0.0890625 0.1109375
0 0.15390625 0.3734375 0.08984375 0.11171875
0 0.44453125 0.64921875 0.0640625 0.09609375
0 0.540625 0.884375 0.08046875 0.15625
1 0.115625 0.19375 0.06796875 0.30390625
0 0.0734375 0.3765625 0.0921875 0.11328125
1 0.9765625 0.67265625 0.0453125 0.30546875
2 0.42265625 0.7875 0.10234375 0.209375
0 0.3421875 0.62578125 0.07890625 0.1
2 0.36484375 0.2578125 0.4234375 0.4640625
1 0.021875 0.725 0.04375 0.30546875
1 0.97421875 0.2734375 0.05078125 0.3015625
2 0.425 0.5265625 0.109375 0.084375