2 0.6328125 0.7234375 0.3 0.33984375
2 0.228125 0.7375 0.24921875 0.29453125
1 0.22421875 0.1015625 0.16796875 0.05703125
0 0.3703125 0.06875 0.0859375 0.09921875
2 0.28515625 0.54921875 0.12578125 0.1
2 0.70234375 0.3625 0.16171875 0.153125
1 0.690625 0.88984375 0.14609375 0.05234375
1 0.25390625 0.89296875 0.14921875 0.05078125
0 0.18125 0.63125 0.071875 0.078125
1 0.54609375 0.09609375 0.1203125 0.0578125
0 0.5140625 0.61328125 0.08125 0.0796875
2 0.528125 0.33984375 0.1859375 0.478125
0 0.3921875 0.92734375 0.09140625 0.10078125
2 0.16171875 0.55 0.12265625 0.1
2 0.70234375 0.503125 0.16484375 0.13671875
1 0.70625 0.09453125 0.096875 0.04765625
0 0.665625 0.25703125 0.078125 0.07734375
0 0.590625 0.22265625 0.08984375 0.07578125
2 0.7 0.19140625 0.15546875 0.18984375
0 0.3765625 0.5625 0.0796875 0.06875
0 0.66640625 0.59375 0.05859375 0.06328125
2 0.271875 0.30859375 0.32421875 0.40390625
0 0.39140625 0.746875 0.0859375 0.09453125
2 0.70625 0.19375 0.159375 0.18984375