2 0.17578125 0.19140625 0.24609375 0.28046875
2 0.15390625 0.74609375 0.2125 0.309375
2 0.24453125 0.396875 0.12109375 0.134375
2 0.1203125 0.4 0.13125 0.1328125
2 0.24609375 0.55 0.115625 0.175
1 0.57265625 0.04609375 0.1125 0.046875
2 0.12109375 0.52578125 0.13984375 0.12265625
2 0.4765625 0.4796875 0.2 0.16796875
0 0.2453125 0.68046875 0.04921875 0.06015625
0 0.31953125 0.53671875 0.05078125 0.06015625
0 0.31875 0.39609375 0.05390625 0.05859375
1 0.2109375 0.046875 0.11015625 0.0421875
0 0.1625 0.440625 0.04296875 0.065625
0 0.34765625 0.86875 0.04609375 0.0671875
1 0.4265625 0.046875 0.13984375 0.05078125
1 0.82265625 0.43671875 0.02890625 0.1375
1 0.05 0.7109375 0.03125 0.14609375
1 0.05078125 0.5421875 0.0234375 0.0578125
1 0.821875 0.1796875 0.0359375 0.2171875
1 0.05234375 0.3765625 0.0234375 0.06015625
1 0.38125 0.4546875 0.0234375 0.1078125
2 0.56484375 0.3046875 0.5296875 0.52265625