2 0.33359375 0.240625 0.20859375 0.32421875
2 0.13671875 0.2359375 0.19609375 0.32890625
2 0.1328125 0.71875 0.19296875 0.33359375
2 0.82890625 0.521875 0.23125 0.24765625
2 0.78359375 0.7640625 0.146875 0.246875
2 0.103125 0.478125 0.13203125 0.16328125
2 0.275 0.640625 0.0859375 0.165625
2 0.2734375 0.8046875 0.08984375 0.16953125
2 0.39375 0.796875 0.1578125 0.17890625
2 0.8984375 0.76796875 0.096875 0.2453125
0 0.403125 0.66875 0.0609375 0.10625
0 0.38125 0.36875 0.05390625 0.0953125
0 0.78203125 0.61328125 0.05234375 0.090625
1 0.58203125 0.0796875 0.1234375 0.05
0 0.2875 0.52421875 0.05625 0.09765625
0 0.83359375 0.76640625 0.05625 0.08671875
1 0.83203125 0.08125 0.0953125 0.0546875
0 0.1984375 0.590625 0.04609375 0.08828125
0 0.40078125 0.92421875 0.06015625 0.1125
0 0.796875 0.37421875 0.05078125 0.09375
1 0.30703125 0.07578125 0.0921875 0.04765625
0 0.196875 0.3671875 0.04921875 0.09453125
1 0.146875 0.075 0.096875 0.053125
1 0.76796875 0.88984375 0.07109375 0.03515625
1 0.14609375 0.8859375 0.1 0.05234375
1 0.94609375 0.7625 0.025 0.07734375
0 0.96484375 0.521875 0.0609375 0.08828125
1 0.57421875 0.8890625 0.1109375 0.04375
0 0.7859375 0.76796875 0.14609375 0.240625
0 0.27265625 0.63984375 0.0890625 0.16640625
2 0.69375 0.24375 0.50390625 0.32734375
2 0.5953125 0.653125 0.24296875 0.4921875