2 0.20390625 0.52421875 0.20078125 0.26484375
2 0.409375 0.5734375 0.22109375 0.3625
2 0.8484375 0.45546875 0.11328125 0.1375
2 0.85078125 0.71640625 0.1109375 0.09140625
2 0.84765625 0.59921875 0.10703125 0.14921875
2 0.6125 0.53125 0.1703125 0.2671875
0 0.684375 0.75546875 0.0671875 0.1546875
0 0.728125 0.3875 0.06640625 0.159375
0 0.47890625 0.3875 0.06171875 0.1625
0 0.21953125 0.63203125 0.0640625 0.075
0 0.77265625 0.62421875 0.06875 0.06875
0 0.775 0.721875 0.053125 0.05625
1 0.2265625 0.3875 0.12265625 0.0484375
0 0.8203125 0.5484375 0.05078125 0.0625
1 0.60625 0.3875 0.1203125 0.0421875
1 0.37734375 0.38671875 0.13125 0.053125
0 0.27890625 0.621875 0.0625 0.06953125
1 0.1046875 0.621875 0.03359375 0.0859375
1 0.83046875 0.38359375 0.05546875 0.03515625
0 0.84765625 0.59453125 0.10625 0.15703125
2 0.20546875 0.70703125 0.1890625 0.09375