2 0.79296875 0.54453125 0.32265625 0.3375
2 0.2421875 0.553125 0.27890625 0.3171875
2 0.246875 0.81796875 0.2859375 0.23359375
2 0.78046875 0.2203125 0.33515625 0.31953125
2 0.409375 0.22578125 0.43125 0.309375
2 0.459375 0.49453125 0.13671875 0.22578125
0 0.57578125 0.7015625 0.065625 0.12265625
2 0.45703125 0.8640625 0.146875 0.1328125
0 0.16796875 0.29375 0.0875 0.08046875
0 0.5515625 0.48828125 0.06640625 0.0703125
1 0.10703125 0.8140625 0.04453125 0.146875
1 0.19453125 0.16640625 0.053125 0.1984375
0 0.365625 0.74296875 0.0671875 0.06953125
0 0.6859375 0.42421875 0.07109375 0.07265625
0 0.36484375 0.65703125 0.0734375 0.0734375
1 0.10546875 0.54296875 0.05234375 0.20390625
0 0.6359375 0.340625 0.075 0.06640625
0 0.45234375 0.7734375 0.06796875 0.07109375
1 0.94453125 0.5203125 0.05703125 0.2578125
1 0.94453125 0.246875 0.05703125 0.23984375
2 0.46640625 0.65859375 0.1546875 0.09609375