2 0.77265625 0.65625 0.31796875 0.24453125
2 0.52421875 0.528125 0.22734375 0.25546875
2 0.34765625 0.48046875 0.13203125 0.140625
2 0.24296875 0.6015625 0.2890625 0.36796875
0 0.659375 0.5890625 0.08515625 0.084375
2 0.29453125 0.2328125 0.39765625 0.35703125
2 0.84765625 0.1390625 0.1484375 0.17890625
0 0.66171875 0.478125 0.08046875 0.08515625
1 0.778125 0.7796875 0.12734375 0.0578125
1 0.25234375 0.78203125 0.13125 0.0640625
0 0.53046875 0.815625 0.06875 0.09921875
1 0.234375 0.0484375 0.11015625 0.05703125
0 0.24296875 0.44296875 0.0703125 0.09140625
0 0.4359375 0.465625 0.08359375 0.08203125
1 0.546875 0.046875 0.13125 0.06015625
0 0.51953125 0.684375 0.071875 0.0875
1 0.34375 0.04375 0.1078125 0.05625
1 0.8375 0.04140625 0.05078125 0.0421875
1 0.09609375 0.3265625 0.04375 0.07734375
2 0.496875 0.72109375 0.17578125 0.128125
2 0.6609375 0.22734375 0.21875 0.359375
2 0.52734375 0.86484375 0.24296875 0.14765625
0 0.81484375 0.26328125 0.06796875 0.09140625
1 0.9296875 0.375 0.03984375 0.05
2 0.84765625 0.384375 0.153125 0.29765625