2 0.396875 0.18046875 0.415625 0.28125
2 0.3953125 0.80078125 0.41484375 0.30390625
2 0.75625 0.17890625 0.32421875 0.27734375
2 0.69765625 0.7359375 0.18125 0.178125
0 0.84921875 0.68359375 0.1 0.09140625
0 0.23203125 0.40390625 0.11328125 0.0734375
2 0.80703125 0.490625 0.221875 0.33515625
0 0.32890625 0.67734375 0.08125 0.071875
0 0.79140625 0.3515625 0.0859375 0.078125
0 0.559375 0.13984375 0.096875 0.0625
0 0.578125 0.9125 0.0828125 0.0578125
0 0.740625 0.621875 0.08515625 0.065625
1 0.1875 0.175 0.05703125 0.18359375
1 0.1921875 0.53046875 0.0453125 0.18203125
1 0.190625 0.80625 0.04921875 0.16796875
2 0.69921875 0.8921875 0.175 0.134375
2 0.10625 0.4890625 0.1953125 0.3046875
1 0.80703125 0.0359375 0.14453125 0.03046875
2 0.45078125 0.4828125 0.51484375 0.33359375