2 0.59375 0.6109375 0.14609375 0.184375
2 0.13828125 0.6890625 0.16015625 0.23359375
2 0.8546875 0.44296875 0.15078125 0.19375
2 0.33984375 0.76015625 0.06796875 0.22578125
2 0.8546875 0.703125 0.1484375 0.32109375
2 0.725 0.5859375 0.1078125 0.140625
2 0.7234375 0.76015625 0.09140625 0.2125
2 0.315625 0.31953125 0.19921875 0.49296875
2 0.44921875 0.6984375 0.14609375 0.35234375
1 0.85546875 0.8671875 0.0703125 0.03515625
2 0.13671875 0.321875 0.1671875 0.49140625
0 0.52578125 0.6015625 0.025 0.06796875
1 0.0546875 0.23046875 0.02421875 0.12734375
0 0.78359375 0.584375 0.02578125 0.06875
0 0.21171875 0.2546875 0.0265625 0.078125
0 0.21171875 0.6140625 0.02734375 0.06796875
1 0.74140625 0.86953125 0.04453125 0.02734375
2 0.60234375 0.78828125 0.15859375 0.1625
0 0.2140625 0.5265625 0.02421875 0.07265625
1 0.878125 0.3453125 0.059375 0.02578125
0 0.565625 0.68984375 0.03828125 0.040625
1 0.61875 0.51640625 0.08125 0.03203125
1 0.05625 0.415625 0.021875 0.12265625
0 0.55234375 0.5234375 0.0453125 0.06171875
1 0.34453125 0.87421875 0.02265625 0.02890625
2 0.2640625 0.68515625 0.090625 0.234375
1 0.4140625 0.1734375 0.02890625 0.15625
2 0.2984375 0.7359375 0.028125 0.1515625