2 0.31015625 0.42265625 0.25390625 0.44609375
2 0.309375 0.76484375 0.259375 0.2234375
2 0.5359375 0.3890625 0.20625 0.37578125
2 0.725 0.38046875 0.1734375 0.39296875
2 0.50859375 0.809375 0.15 0.13984375
0 0.7328125 0.72734375 0.0671875 0.18046875
0 0.3796875 0.18984375 0.0703125 0.18046875
0 0.5796875 0.53828125 0.06640625 0.08984375
0 0.69375 0.5390625 0.06328125 0.08828125
0 0.5078125 0.70703125 0.06640625 0.09140625
0 0.4109375 0.69296875 0.0671875 0.078125
1 0.18359375 0.7609375 0.01875 0.14453125
1 0.72890625 0.196875 0.10703125 0.02890625
1 0.5375 0.19609375 0.14921875 0.0328125
1 0.2734375 0.19765625 0.14765625 0.03203125
0 0.51015625 0.80859375 0.153125 0.1390625
2 0.62421875 0.65390625 0.37890625 0.153125