2 0.315625 0.63515625 0.35234375 0.24609375
2 0.78515625 0.3140625 0.23984375 0.26015625
2 0.77578125 0.53984375 0.25859375 0.19296875
2 0.76796875 0.84921875 0.2703125 0.16875
2 0.4015625 0.353125 0.53203125 0.34765625
0 0.553125 0.1578125 0.0859375 0.0875
0 0.5453125 0.78671875 0.0796875 0.08359375
1 0.2515625 0.7578125 0.19765625 0.0515625
0 0.615625 0.54375 0.096875 0.0671875
1 0.7859375 0.18203125 0.16953125 0.046875
0 0.75078125 0.609375 0.08359375 0.07421875
1 0.13828125 0.28203125 0.05546875 0.1296875
0 0.60078125 0.8796875 0.09765625 0.0671875
2 0.80078125 0.6953125 0.20546875 0.1296875
0 0.69921875 0.4109375 0.08984375 0.0671875
1 0.1390625 0.653125 0.05546875 0.14375
0 0.44921875 0.5703125 0.08828125 0.06171875
1 0.78046875 0.93203125 0.1453125 0.02890625
1 0.23671875 0.18046875 0.159375 0.0421875
1 0.35078125 0.1828125 0.175 0.0453125
1 0.8015625 0.69609375 0.2078125 0.13046875