2 0.40703125 0.7796875 0.215625 0.28671875
2 0.35859375 0.47421875 0.2765625 0.18359375
2 0.59140625 0.7875 0.1609375 0.28203125
2 0.17265625 0.73828125 0.26015625 0.36796875
2 0.13359375 0.475 0.18203125 0.18046875
0 0.69140625 0.0859375 0.08359375 0.15078125
0 0.63828125 0.71328125 0.078125 0.06171875
0 0.71953125 0.77265625 0.0796875 0.06953125
2 0.54609375 0.49296875 0.08671875 0.1421875
0 0.56015625 0.5875 0.06328125 0.05859375
1 0.58046875 0.928125 0.13984375 0.0359375
0 0.39609375 0.66640625 0.07265625 0.07109375
0 0.7203125 0.92265625 0.07578125 0.075
0 0.1546875 0.58671875 0.059375 0.0578125
1 0.88046875 0.89609375 0.16875 0.03828125
1 0.190625 0.92890625 0.1484375 0.0421875
1 0.41171875 0.92734375 0.13515625 0.03203125
1 0.83125 0.0875 0.203125 0.0421875
0 0.340625 0.58984375 0.0703125 0.0640625
1 0.83125 0.3796875 0.13125 0.03125
0 0.2671875 0.6 0.08046875 0.06328125
2 0.721875 0.84765625 0.103125 0.0890625
1 0.175 0.08828125 0.15546875 0.02890625
1 0.49609375 0.08984375 0.29609375 0.034375
1 0.2203125 0.084375 0.08984375 0.025
1 0.29296875 0.08671875 0.0859375 0.025
1 0.67421875 0.71640625 0.021875 0.0625
2 0.51015625 0.23125 0.9328125 0.2921875
2 0.7859375 0.63515625 0.38515625 0.5234375