2 0.60390625 0.64921875 0.1828125 0.2296875
2 0.22734375 0.6484375 0.15546875 0.23046875
2 0.7734375 0.64765625 0.1609375 0.23203125
2 0.44140625 0.5734375 0.09453125 0.15859375
2 0.4171875 0.271875 0.14140625 0.21328125
2 0.8015625 0.47109375 0.09375 0.13203125
2 0.68125 0.30390625 0.34609375 0.26640625
2 0.24921875 0.2859375 0.2046875 0.24375
2 0.44140625 0.703125 0.0984375 0.1171875
0 0.371875 0.459375 0.0640625 0.0796875
0 0.36328125 0.79453125 0.05546875 0.07890625
0 0.28203125 0.57265625 0.0625 0.07578125
0 0.66484375 0.56484375 0.05390625 0.0828125
0 0.7390625 0.47734375 0.05859375 0.06875
0 0.30546875 0.1375 0.05390625 0.07890625
0 0.3703125 0.56953125 0.0578125 0.071875
0 0.66953125 0.1375 0.046875 0.075
0 0.36328125 0.63671875 0.05859375 0.0734375
1 0.21953125 0.1671875 0.10859375 0.02265625
0 0.7203125 0.565625 0.05078125 0.07578125
0 0.4203125 0.61953125 0.05 0.06640625
2 0.44140625 0.43515625 0.09765625 0.1140625
1 0.5828125 0.1671875 0.10859375 0.02265625
1 0.7453125 0.76171875 0.08828125 0.02890625
1 0.43671875 0.7625 0.05234375 0.0203125
1 0.60390625 0.7625 0.08203125 0.0265625
1 0.2375 0.76171875 0.0890625 0.02265625
1 0.7484375 0.16875 0.09765625 0.0265625
1 0.38984375 0.16796875 0.08515625 0.021875