2 0.71875 0.25234375 0.2390625 0.31484375
2 0.703125 0.72421875 0.2765625 0.3625
2 0.55546875 0.203125 0.08125 0.1890625
2 0.34375 0.2640625 0.21953125 0.31953125
2 0.50234375 0.628125 0.13203125 0.203125
2 0.296875 0.65859375 0.284375 0.4828125
0 0.75859375 0.46796875 0.075 0.13671875
0 0.65703125 0.35234375 0.06796875 0.11796875
0 0.50390625 0.4921875 0.06484375 0.12265625
0 0.60078125 0.5875 0.0671875 0.12109375
0 0.48828125 0.340625 0.05234375 0.103125
0 0.41640625 0.3625 0.05859375 0.09765625
0 0.48828125 0.68203125 0.0546875 0.10234375
2 0.50625 0.80546875 0.13125 0.17265625
1 0.83984375 0.70703125 0.0296875 0.2078125
1 0.840625 0.29765625 0.0328125 0.2125
0 0.53828125 0.34140625 0.053125 0.103125
0 0.8671875 0.4640625 0.08125 0.13046875
0 0.121875 0.475 0.08046875 0.13828125
1 0.1546875 0.28515625 0.0296875 0.26875
1 0.1515625 0.7125 0.02578125 0.35078125
0 0.5171875 0.3390625 0.115625 0.10546875
2 0.47734375 0.21015625 0.07421875 0.18203125
0 0.51796875 0.440625 0.065625 0.2375
0 0.50859375 0.6359375 0.125 0.19296875