2 0.81640625 0.3390625 0.1671875 0.23828125
2 0.59296875 0.83046875 0.2109375 0.17890625
2 0.63046875 0.26640625 0.1859375 0.128125
2 0.6171875 0.16640625 0.15625 0.0765625
2 0.2734375 0.978125 0.24296875 0.04375
0 0.57265625 0.7234375 0.08515625 0.04609375
2 0.3640625 0.2109375 0.32734375 0.2359375
1 0.16953125 0.25703125 0.0640625 0.13125
1 0.1703125 0.56015625 0.065625 0.25859375
1 0.17578125 0.82421875 0.065625 0.0828125
2 0.4515625 0.61875 0.521875 0.59921875
0 0.759375 0.29140625 0.05703125 0.07734375