2 0.4234375 0.31171875 0.21640625 0.24453125
2 0.353125 0.54140625 0.08671875 0.21953125
2 0.46484375 0.65859375 0.12890625 0.19140625
2 0.184375 0.37421875 0.22265625 0.378125
2 0.259375 0.70859375 0.06640625 0.09765625
0 0.4140625 0.50703125 0.0578125 0.06484375
0 0.40703125 0.40546875 0.05625 0.075
0 0.39140625 0.22265625 0.05 0.09609375
0 0.4234375 0.58515625 0.046875 0.06796875
1 0.4734375 0.19296875 0.09296875 0.04296875
0 0.3734375 0.61171875 0.04921875 0.06875
0 0.15390625 0.1609375 0.05703125 0.08984375
1 0.234375 0.19140625 0.08984375 0.040625
0 0.20078125 0.7859375 0.05078125 0.08046875
1 0.44609375 0.75625 0.0921875 0.03828125
0 0.20234375 0.62890625 0.0515625 0.06953125
2 0.35703125 0.69296875 0.0828125 0.10546875
0 0.24453125 0.640625 0.03359375 0.0515625
1 0.2609375 0.75703125 0.04296875 0.028125
1 0.12890625 0.7546875 0.06171875 0.02890625
1 0.1140625 0.190625 0.04609375 0.03671875
1 0.359375 0.75 0.03984375 0.03359375
0 0.46484375 0.659375 0.12890625 0.184375
0 0.35703125 0.53984375 0.08359375 0.20859375
2 0.2 0.70234375 0.0515625 0.0953125