2 0.61484375 0.33125 0.159375 0.38671875
2 0.78671875 0.2671875 0.1890625 0.2421875
2 0.61640625 0.65546875 0.16015625 0.278125
2 0.78671875 0.58984375 0.1859375 0.40859375
2 0.2109375 0.21796875 0.11015625 0.146875
2 0.40390625 0.328125 0.2671875 0.37109375
1 0.6125 0.13984375 0.10390625 0.0484375
2 0.1265625 0.25390625 0.06640625 0.2171875
0 0.55703125 0.6015625 0.05625 0.07734375
1 0.77578125 0.14140625 0.0671875 0.040625
0 0.3859375 0.83125 0.0578125 0.08828125
2 0.503125 0.73515625 0.06796875 0.13203125
0 0.4953125 0.6390625 0.05390625 0.08359375
1 0.603125 0.79921875 0.0875 0.040625
0 0.1859375 0.54609375 0.05234375 0.08125
0 0.55703125 0.4734375 0.06015625 0.08046875
2 0.15703125 0.440625 0.13359375 0.14921875
0 0.38515625 0.70078125 0.05390625 0.078125
0 0.90390625 0.32109375 0.06640625 0.0796875
1 0.8796875 0.57734375 0.028125 0.09609375
0 0.0734375 0.45859375 0.05546875 0.08359375
0 0.45859375 0.11953125 0.05625 0.09765625
2 0.22734375 0.6609375 0.26640625 0.28046875
1 0.21015625 0.13984375 0.0390625 0.0390625
1 0.09296875 0.29765625 0.02265625 0.04765625
1 0.35234375 0.13984375 0.08515625 0.04296875
0 0.1859375 0.39609375 0.053125 0.0734375
1 0.23515625 0.796875 0.09921875 0.04375
0 0.1828125 0.30625 0.04140625 0.06640625
2 0.41328125 0.73359375 0.11015625 0.1296875
1 0.784375 0.80703125 0.12109375 0.04375
1 0.4078125 0.14375 0.053125 0.04140625
0 0.415625 0.73125 0.1078125 0.1328125
1 0.49609375 0.8015625 0.0328125 0.034375
2 0.45 0.5890625 0.18125 0.153125
0 0.496875 0.8 0.034375 0.0359375
0 0.53125 0.62109375 0.11484375 0.078125