2 0.26640625 0.46171875 0.24765625 0.31171875
2 0.7984375 0.7859375 0.18203125 0.1828125
2 0.2703125 0.7453125 0.24921875 0.2546875
0 0.684375 0.31171875 0.08203125 0.1453125
2 0.74296875 0.50703125 0.3015625 0.390625
0 0.534375 0.90859375 0.0859375 0.0953125
0 0.6828125 0.7640625 0.0921875 0.07109375
0 0.4203125 0.47734375 0.0953125 0.0734375
0 0.42265625 0.77265625 0.09140625 0.07578125
1 0.48515625 0.30859375 0.12421875 0.03828125
1 0.3078125 0.3109375 0.12734375 0.0375
1 0.890625 0.3921875 0.03984375 0.10703125
1 0.79609375 0.3109375 0.15546875 0.0375
1 0.321875 0.87421875 0.12265625 0.04296875
1 0.890625 0.76171875 0.03671875 0.06484375
2 0.48984375 0.50546875 0.1984375 0.4
2 0.4859375 0.7890625 0.18984375 0.16953125