2 0.6875 0.3609375 0.21875 0.2046875
2 0.65859375 0.58671875 0.15234375 0.24375
2 0.36484375 0.33515625 0.13359375 0.1546875
2 0.19140625 0.484375 0.21640625 0.46953125
2 0.36640625 0.6453125 0.13203125 0.1265625
2 0.83046875 0.6453125 0.20546875 0.12265625
2 0.365625 0.43828125 0.134375 0.05546875
0 0.76171875 0.60546875 0.05703125 0.05703125
0 0.365625 0.22890625 0.0734375 0.0703125
0 0.83984375 0.4875 0.0578125 0.0578125
2 0.8640625 0.4109375 0.13203125 0.109375
0 0.709375 0.49140625 0.0640625 0.05625
1 0.69296875 0.25625 0.11953125 0.02890625
1 0.19453125 0.70859375 0.13984375 0.03125
1 0.85703125 0.70859375 0.09140625 0.03203125
0 0.35078125 0.38359375 0.0671875 0.0640625
0 0.36640625 0.73671875 0.06328125 0.06953125
1 0.1921875 0.25625 0.134375 0.034375
1 0.6703125 0.709375 0.0875 0.02734375
0 0.76796875 0.43984375 0.053125 0.0578125
0 0.84296875 0.38046875 0.05859375 0.0625
2 0.86328125 0.3078125 0.128125 0.096875
1 0.5796875 0.41015625 0.02890625 0.046875
1 0.86484375 0.25625 0.0765625 0.0234375
1 0.0796875 0.4828125 0.0265625 0.046875
1 0.26640625 0.78359375 0.01875 0.1046875
2 0.3453125 0.83671875 0.16796875 0.2546875
2 0.13203125 0.8484375 0.2640625 0.30234375
2 0.121875 0.03359375 0.2359375 0.06328125