2 0.71640625 0.1921875 0.41796875 0.315625
2 0.1953125 0.74453125 0.2609375 0.18046875
2 0.30390625 0.19453125 0.42421875 0.31015625
2 0.71640625 0.50234375 0.44609375 0.29765625
2 0.2890625 0.50546875 0.48046875 0.3109375
0 0.38828125 0.86875 0.0859375 0.08046875
0 0.31875 0.3234375 0.10390625 0.0796875
0 0.559375 0.325 0.09609375 0.078125
0 0.27578125 0.80703125 0.07578125 0.06640625
1 0.0625 0.5015625 0.06796875 0.203125
1 0.82578125 0.0390625 0.1 0.0359375
0 0.35625 0.76796875 0.090625 0.05859375
1 0.928125 0.50859375 0.05390625 0.19453125
1 0.615625 0.03671875 0.15625 0.04375
1 0.18203125 0.03671875 0.103125 0.03828125
1 0.3984375 0.0375 0.14453125 0.03984375
2 0.19140625 0.9046875 0.26328125 0.14453125
1 0.19140625 0.9046875 0.2796875 0.1453125