2 0.140625 0.32421875 0.16328125 0.22109375
2 0.29765625 0.71328125 0.16015625 0.2359375
2 0.61953125 0.359375 0.1875 0.2953125
2 0.8609375 0.58671875 0.090625 0.1359375
2 0.8828125 0.4296875 0.09453125 0.15625
0 0.42265625 0.575 0.046875 0.0640625
2 0.86015625 0.7078125 0.09140625 0.10859375
2 0.27265625 0.553125 0.10390625 0.09765625
2 0.4109375 0.65859375 0.07421875 0.11796875
0 0.49921875 0.52890625 0.05078125 0.071875
0 0.6890625 0.31875 0.0546875 0.0671875
0 0.8203125 0.4125 0.0453125 0.05390625
0 0.73359375 0.18203125 0.04609375 0.065625
0 0.16875 0.18046875 0.0546875 0.0765625
0 0.35703125 0.7421875 0.04609375 0.05546875
2 0.88203125 0.275 0.090625 0.1375
0 0.75703125 0.33125 0.04609375 0.06875
0 0.86328125 0.178125 0.05234375 0.0703125
2 0.41015625 0.77109375 0.07265625 0.11484375
2 0.775 0.28359375 0.13046875 0.14921875
2 0.90703125 0.88203125 0.1828125 0.2359375
2 0.29921875 0.35703125 0.1640625 0.29609375
2 0.13203125 0.87578125 0.1359375 0.10234375
1 0.1078125 0.2078125 0.06875 0.03046875
2 0.45234375 0.35703125 0.1546875 0.29296875
1 0.475 0.209375 0.09375 0.03671875
1 0.3203125 0.2078125 0.0890625 0.03515625
1 0.31015625 0.8328125 0.09609375 0.0375
1 0.6703125 0.83203125 0.0671875 0.03515625
0 0.98359375 0.73359375 0.0328125 0.06875
0 0.9203125 0.6890625 0.04375 0.0609375
0 0.92109375 0.5921875 0.04609375 0.0609375
0 0.49296875 0.86484375 0.053125 0.07890625
0 0.3484375 0.57734375 0.0484375 0.0578125
2 0.77265625 0.425 0.13515625 0.1453125
1 0.73359375 0.83125 0.0671875 0.03359375
1 0.6234375 0.20703125 0.0890625 0.03515625
1 0.79140625 0.2078125 0.071875 0.03125
0 0.34765625 0.5265625 0.05 0.059375
0 0.97421875 0.48359375 0.0484375 0.0765625
1 0.609375 0.83203125 0.06875 0.03515625
2 0.490625 0.79453125 0.06875 0.0734375
0 0.490625 0.79453125 0.0703125 0.07109375
0 0.88203125 0.25390625 0.090625 0.18359375
2 0.63125 0.66171875 0.36953125 0.31796875
1 0.815625 0.5921875 0.01484375 0.05
1 0.6015625 0.50078125 0.07421875 0.02578125
2 0.8375 0.93828125 0.0421875 0.1171875
1 0.815625 0.77421875 0.0171875 0.04375