2 0.18046875 0.4203125 0.21796875 0.27265625
2 0.64140625 0.753125 0.2484375 0.23515625
2 0.11171875 0.8140625 0.071875 0.12265625
2 0.378125 0.69296875 0.2734375 0.11484375
0 0.55703125 0.66171875 0.06875 0.06796875
0 0.3578125 0.25234375 0.08203125 0.090625
1 0.209375 0.28046875 0.13046875 0.0578125
0 0.17421875 0.53046875 0.07421875 0.0703125
2 0.52265625 0.45859375 0.47890625 0.34921875
2 0.315625 0.81015625 0.14296875 0.128125
0 0.175 0.809375 0.065625 0.06015625
0 0.5421875 0.80703125 0.071875 0.06484375
0 0.2203125 0.7015625 0.075 0.06171875
1 0.66640625 0.2765625 0.11484375 0.04296875
1 0.50546875 0.28125 0.1359375 0.053125
1 0.7703125 0.75859375 0.04375 0.1125
2 0.4515625 0.81796875 0.12890625 0.1109375
0 0.2015625 0.87421875 0.06953125 0.1359375
0 0.35390625 0.728125 0.05625 0.05
1 0.7671875 0.34765625 0.03828125 0.06875
2 0.50625 0.27734375 0.13046875 0.0421875
2 0.35546875 0.72265625 0.10078125 0.0703125
0 0.11875 0.8171875 0.0859375 0.11484375