2 0.20859375 0.309375 0.3453125 0.4765625
2 0.5921875 0.8265625 0.1234375 0.203125
2 0.44765625 0.20546875 0.15 0.25703125
2 0.81875 0.75625 0.1484375 0.36015625
2 0.73515625 0.32109375 0.40703125 0.4765625
2 0.5921875 0.64609375 0.13359375 0.17265625
2 0.70625 0.68828125 0.1015625 0.24296875
1 0.9703125 0.37109375 0.046875 0.159375
1 0.0296875 0.27109375 0.05 0.30390625
0 0.51171875 0.6734375 0.053125 0.1
0 0.59453125 0.7078125 0.053125 0.0625
0 0.36484375 0.46953125 0.0390625 0.1078125
0 0.365625 0.19765625 0.03984375 0.11484375
0 0.66484375 0.67578125 0.0359375 0.1046875
1 0.8953125 0.69375 0.0375 0.1234375
0 0.578125 0.175 0.04921875 0.1078125
1 0.9265625 0.18359375 0.05703125 0.13515625
0 0.4875 0.92734375 0.05859375 0.0734375
1 0.89765625 0.85078125 0.028125 0.12421875
0 0.59375 0.6484375 0.1359375 0.1734375
0 0.56015625 0.19765625 0.05 0.08828125