2 0.4703125 0.20234375 0.4203125 0.24609375
2 0.665625 0.75703125 0.40703125 0.23046875
2 0.23359375 0.5578125 0.1953125 0.18515625
2 0.79921875 0.18984375 0.24375 0.25
2 0.234375 0.39609375 0.2046875 0.153125
0 0.7625 0.31640625 0.10390625 0.16875
0 0.61953125 0.2859375 0.09375 0.0828125
2 0.19921875 0.2 0.134375 0.24453125
2 0.38671875 0.82265625 0.1515625 0.11875
0 0.50234375 0.68359375 0.0984375 0.078125
1 0.67734375 0.18203125 0.0484375 0.134375
0 0.30078125 0.1171875 0.08828125 0.07421875
0 0.4171875 0.73515625 0.0765625 0.0703125
1 0.86015625 0.734375 0.04765625 0.13515625
0 0.23984375 0.6796875 0.08671875 0.08359375
0 0.26875 0.49609375 0.078125 0.07109375
1 0.8578125 0.4890625 0.05859375 0.18984375
0 0.2515625 0.81015625 0.0984375 0.0984375
2 0.60078125 0.4765625 0.5359375 0.3234375