2 0.215625 0.6703125 0.29140625 0.29375
2 0.77890625 0.39375 0.30234375 0.29765625
2 0.7515625 0.67578125 0.16171875 0.14296875
0 0.66953125 0.49375 0.1 0.0828125
0 0.5421875 0.20859375 0.10234375 0.10234375
1 0.36796875 0.24453125 0.2265625 0.04609375
1 0.14375 0.51953125 0.1125 0.04609375
1 0.2359375 0.33828125 0.04921875 0.1328125
0 0.8796875 0.5109375 0.0859375 0.0828125
0 0.50078125 0.71015625 0.09375 0.0828125
1 0.73984375 0.24453125 0.184375 0.0421875
2 0.871875 0.603125 0.109375 0.121875
0 0.4796875 0.85 0.09609375 0.1875
2 0.4359375 0.46015625 0.396875 0.45859375
0 0.67890625 0.73359375 0.07734375 0.0609375
2 0.71171875 0.57109375 0.17265625 0.07890625
2 0.61015625 0.73359375 0.140625 0.24140625
0 0.47734375 0.90234375 0.08671875 0.0921875