2 0.21328125 0.56953125 0.2734375 0.3171875
2 0.1921875 0.2640625 0.21953125 0.315625
2 0.68046875 0.2890625 0.35390625 0.3609375
2 0.6484375 0.60390625 0.41484375 0.26171875
2 0.47578125 0.2203125 0.08359375 0.22734375
2 0.3671875 0.21953125 0.1328125 0.2265625
0 0.38125 0.72109375 0.0671875 0.18046875
1 0.85234375 0.60078125 0.034375 0.16875
1 0.853125 0.2671875 0.03828125 0.20546875
0 0.39609375 0.36171875 0.05703125 0.0890625
0 0.41328125 0.27578125 0.059375 0.0734375
0 0.321875 0.371875 0.06640625 0.078125
0 0.321875 0.45625 0.06640625 0.07890625
0 0.87578125 0.415625 0.06953125 0.0734375
1 0.0828125 0.4953125 0.03203125 0.1640625
0 0.8296875 0.4171875 0.08515625 0.07734375
1 0.0828125 0.33671875 0.03203125 0.1609375