2 0.38125 0.68046875 0.2671875 0.3671875
2 0.81953125 0.7296875 0.2234375 0.28359375
2 0.81953125 0.4765625 0.22265625 0.23671875
2 0.61015625 0.53984375 0.20546875 0.34375
2 0.16875 0.765625 0.16484375 0.2046875
2 0.55703125 0.7875 0.103125 0.1703125
2 0.7484375 0.22890625 0.36484375 0.27109375
2 0.17109375 0.60390625 0.16953125 0.121875
2 0.6609375 0.78828125 0.1046875 0.16875
2 0.1671875 0.4625 0.16875 0.1671875
1 0.92890625 0.48359375 0.04609375 0.16484375
1 0.5015625 0.0921875 0.08828125 0.0421875
0 0.1796875 0.6875 0.05390625 0.0671875
0 0.73046875 0.640625 0.059375 0.0625
0 0.21171875 0.56640625 0.05390625 0.0640625
0 0.43359375 0.0671875 0.05625 0.07890625
0 0.6609375 0.896875 0.05 0.07734375
0 0.5703125 0.67890625 0.05546875 0.065625
1 0.3453125 0.87109375 0.13125 0.04921875
1 0.8140625 0.87265625 0.1375 0.0515625
1 0.34375 0.09296875 0.1 0.0421875
0 0.61484375 0.33515625 0.05234375 0.06328125
1 0.703125 0.0921875 0.14296875 0.046875
1 0.21640625 0.09296875 0.12890625 0.04453125
0 0.73125 0.56171875 0.05859375 0.0625
0 0.26953125 0.74296875 0.059375 0.06796875
1 0.1984375 0.87109375 0.0578125 0.0390625
0 0.65859375 0.73046875 0.05234375 0.0640625
1 0.56015625 0.8734375 0.053125 0.034375
2 0.32265625 0.2421875 0.4921875 0.30234375
0 0.66015625 0.7859375 0.0984375 0.17421875
0 0.16875 0.60078125 0.1609375 0.12421875