2 0.4125 0.178125 0.31796875 0.30703125
2 0.7671875 0.23125 0.41484375 0.4203125
2 0.20546875 0.7453125 0.38046875 0.340625
2 0.321875 0.50859375 0.14296875 0.1265625
0 0.42421875 0.30390625 0.10234375 0.0796875
0 0.453125 0.95234375 0.1 0.0875
0 0.446875 0.8515625 0.09375 0.07265625
0 0.6 0.38515625 0.11640625 0.0765625
0 0.184375 0.20625 0.0875 0.0765625
1 0.76953125 0.0328125 0.221875 0.0515625
2 0.1890625 0.103125 0.134375 0.1484375
1 0.2171875 0.921875 0.2125 0.0421875
0 0.3015625 0.390625 0.08671875 0.0578125
1 0.75625 0.921875 0.278125 0.03515625
1 0.39140625 0.02890625 0.21875 0.04765625
0 0.30703125 0.42734375 0.06796875 0.0546875
2 0.77109375 0.6828125 0.40703125 0.47734375
2 0.07265625 0.103125 0.1171875 0.1546875
2 0.12890625 0.24609375 0.22421875 0.14140625
1 0.0703125 0.028125 0.06171875 0.03046875
2 0.1296875 0.403125 0.2390625 0.1984375
1 0.2546875 0.3921875 0.04296875 0.07734375