2 0.40390625 0.71171875 0.31875 0.3375
2 0.78515625 0.7640625 0.1640625 0.2328125
2 0.76796875 0.421875 0.20546875 0.44296875
2 0.15703125 0.2703125 0.16484375 0.20703125
2 0.1625 0.6328125 0.1578125 0.10859375
0 0.60234375 0.87734375 0.0859375 0.1765625
0 0.69140625 0.68828125 0.08359375 0.08125
0 0.128125 0.54609375 0.08125 0.09296875
0 0.58359375 0.63125 0.0859375 0.0828125
1 0.24765625 0.809375 0.05078125 0.14765625
0 0.20703125 0.4625 0.08203125 0.0796875
0 0.28046875 0.4609375 0.0953125 0.08125
1 0.24453125 0.33671875 0.0578125 0.209375
1 0.56015625 0.19296875 0.0625 0.03515625
2 0.45390625 0.3734375 0.42890625 0.34375
2 0.27578125 0.46171875 0.10234375 0.07578125
1 0.8703125 0.40546875 0.0328125 0.18828125
2 0.04296875 0.1828125 0.08359375 0.3578125