2 0.553125 0.75546875 0.265625 0.2859375
2 0.14609375 0.75390625 0.2359375 0.290625
2 0.5484375 0.56015625 0.26953125 0.11796875
2 0.2015625 0.553125 0.12265625 0.128125
2 0.08359375 0.553125 0.11015625 0.1203125
2 0.47890625 0.440625 0.121875 0.128125
0 0.346875 0.0828125 0.08984375 0.08828125
0 0.0984375 0.63671875 0.06484375 0.05859375
0 0.45 0.6578125 0.08984375 0.06953125
0 0.47578125 0.53125 0.07734375 0.07109375
0 0.38671875 0.5390625 0.09140625 0.071875
0 0.31953125 0.93515625 0.0953125 0.08828125
1 0.49921875 0.1171875 0.15703125 0.0296875
0 0.29140625 0.5703125 0.090625 0.06640625
0 0.31796875 0.784375 0.103125 0.08515625
1 0.16875 0.1171875 0.2359375 0.0328125
0 0.5078125 0.46484375 0.08671875 0.0609375
2 0.3453125 0.825 0.17734375 0.15546875
1 0.53984375 0.9 0.16875 0.02890625
0 0.22890625 0.64921875 0.090625 0.0671875
1 0.11171875 0.89765625 0.16171875 0.03125
2 0.35078125 0.30546875 0.64453125 0.3703125
0 0.3421875 0.81953125 0.15625 0.1546875