2 0.61953125 0.51015625 0.33359375 0.2671875
2 0.196875 0.55859375 0.16796875 0.18984375
2 0.36640625 0.51015625 0.1859375 0.26640625
0 0.48046875 0.41328125 0.0625 0.06484375
0 0.2953125 0.41171875 0.065625 0.0671875
0 0.328125 0.771875 0.0609375 0.09765625
0 0.2984375 0.57734375 0.06796875 0.06484375
1 0.78046875 0.5046875 0.0359375 0.1890625
1 0.24609375 0.03984375 0.13671875 0.040625
2 0.20234375 0.4234375 0.15546875 0.09765625
1 0.7796875 0.1734375 0.034375 0.18515625
2 0.45 0.209375 0.66328125 0.32734375
0 0.76953125 0.303125 0.1125 0.06015625
0 0.80625 0.30234375 0.07421875 0.0609375