2 0.62109375 0.3375 0.290625 0.26171875
2 0.471875 0.84765625 0.36328125 0.25
2 0.3265625 0.3328125 0.31796875 0.2609375
2 0.3234375 0.59296875 0.3171875 0.26171875
2 0.6703125 0.5375 0.20625 0.10859375
1 0.16875 0.33515625 0.0609375 0.19609375
0 0.67890625 0.2234375 0.0578125 0.065625
1 0.290625 0.8546875 0.05 0.18359375
0 0.45625 0.39140625 0.06875 0.05078125
1 0.5765625 0.2015625 0.15703125 0.0453125
1 0.16796875 0.60078125 0.053125 0.16171875
0 0.50859375 0.703125 0.0546875 0.0515625
0 0.45390625 0.5328125 0.06171875 0.04609375
0 0.678125 0.61171875 0.05390625 0.05546875
0 0.509375 0.4828125 0.05078125 0.0546875
0 0.69375 0.7140625 0.07734375 0.1125
0 0.6953125 0.75703125 0.06640625 0.0546875
2 0.61875 0.653125 0.29140625 0.134375
0 0.53828125 0.478125 0.0421875 0.04609375