2 0.62265625 0.18359375 0.134375 0.16484375
2 0.62578125 0.35234375 0.134375 0.171875
2 0.26953125 0.85546875 0.20390625 0.15390625
2 0.409375 0.20703125 0.0875 0.1140625
2 0.86640625 0.1671875 0.1265625 0.128125
2 0.83203125 0.265625 0.0578125 0.07890625
2 0.2125 0.73125 0.0828125 0.096875
2 0.31015625 0.73359375 0.11796875 0.09765625
1 0.92890625 0.32265625 0.01875 0.07578125
2 0.86640625 0.3625 0.1265625 0.153125
2 0.225 0.17578125 0.28515625 0.16484375
2 0.36015625 0.3265625 0.05625 0.05234375
2 0.13984375 0.33984375 0.12109375 0.18125
1 0.92890625 0.21640625 0.01953125 0.07578125
0 0.675 0.29140625 0.0375 0.04375
0 0.378125 0.28046875 0.0359375 0.03984375
0 0.246875 0.378125 0.03984375 0.05
0 0.2375 0.07578125 0.0328125 0.0421875
2 0.40859375 0.11953125 0.0875 0.0546875
1 0.2953125 0.090625 0.05859375 0.02265625
0 0.465625 0.196875 0.03515625 0.040625
0 0.246875 0.4453125 0.04140625 0.05
1 0.146875 0.08984375 0.07421875 0.0265625
0 0.4640625 0.1265625 0.03828125 0.0390625
2 0.74765625 0.2171875 0.12109375 0.225
1 0.55703125 0.32109375 0.01796875 0.071875
0 0.675 0.21953125 0.0421875 0.0453125
0 0.4078125 0.315625 0.03515625 0.04140625
0 0.79375 0.2453125 0.0375 0.0421875
0 0.38046875 0.74296875 0.03828125 0.0421875
0 0.20625 0.66953125 0.03359375 0.040625
1 0.5578125 0.21484375 0.01953125 0.0734375
2 0.3609375 0.39140625 0.05859375 0.07890625
2 0.71640625 0.3734375 0.05546875 0.11015625
0 0.81953125 0.203125 0.04140625 0.04609375
0 0.33125 0.31015625 0.0375 0.0359375
1 0.0515625 0.325 0.04609375 0.02890625
0 0.73671875 0.32109375 0.02890625 0.04296875
1 0.403125 0.43125 0.0296875 0.0234375
1 0.1484375 0.43125 0.040625 0.021875
1 0.35859375 0.4328125 0.0296875 0.02265625
1 0.08203125 0.13046875 0.01953125 0.03203125
2 0.41875 0.378125 0.06328125 0.09453125
1 0.17109375 0.87109375 0.0171875 0.0453125
1 0.45546875 0.3078125 0.01640625 0.03359375
0 0.40078125 0.375 0.03203125 0.03984375
1 0.053125 0.1953125 0.04140625 0.02421875
1 0.39296875 0.090625 0.03046875 0.02109375
1 0.17109375 0.74375 0.01796875 0.04375
1 0.0234375 0.2625 0.02265625 0.11484375
1 0.08125 0.38984375 0.01796875 0.03359375
1 0.2703125 0.93046875 0.0390625 0.0203125
1 0.29609375 0.43203125 0.03671875 0.0203125
1 0.37265625 0.859375 0.02421875 0.09921875
1 0.17265625 0.6203125 0.025 0.12890625
1 0.45625 0.23203125 0.01484375 0.02734375
0 0.41640625 0.3765625 0.0609375 0.07421875
0 0.35625 0.32265625 0.06640625 0.053125
1 0.02265625 0.2828125 0.02109375 0.0515625