2 0.78046875 0.2796875 0.26484375 0.28046875
0 0.375 0.22578125 0.07890625 0.2203125
2 0.73671875 0.5234375 0.18203125 0.209375
0 0.52734375 0.6703125 0.078125 0.09140625
0 0.80859375 0.790625 0.08671875 0.209375
1 0.871875 0.47265625 0.0875 0.10703125
0 0.7828125 0.66171875 0.07421875 0.103125
2 0.41328125 0.703125 0.18046875 0.16484375
1 0.52109375 0.228125 0.2109375 0.0421875
1 0.2171875 0.2296875 0.25234375 0.040625
1 0.0796875 0.1015625 0.034375 0.09296875
0 0.35625 0.5015625 0.5734375 0.540625