2 0.15625 0.53359375 0.23359375 0.59140625
2 0.840625 0.34609375 0.2265625 0.5359375
2 0.6515625 0.2875 0.15625 0.38984375
2 0.6484375 0.61015625 0.15 0.28828125
0 0.4546875 0.2390625 0.08046875 0.26015625
2 0.42890625 0.59609375 0.31640625 0.73828125
2 0.875 0.678125 0.1484375 0.14296875
0 0.30078125 0.44296875 0.0796875 0.12734375
0 0.7671875 0.7984375 0.07421875 0.12890625
0 0.8375 0.78828125 0.0578125 0.11328125
0 0.2140625 0.78984375 0.06640625 0.121875
1 0.165625 0.24453125 0.19140625 0.0671875
0 0.65234375 0.78984375 0.06015625 0.11015625
0 0.553125 0.3171875 0.0734375 0.1171875
1 0.340625 0.240625 0.1390625 0.0671875
1 0.83984375 0.08828125 0.16953125 0.05
0 0.59609375 0.20234375 0.04453125 0.065625
1 0.95859375 0.8421875 0.02890625 0.12578125
1 0.659375 0.0890625 0.12265625 0.0515625
2 0.1546875 0.8921875 0.2296875 0.13671875