2 0.58125 0.3015625 0.09453125 0.1828125
2 0.31015625 0.4859375 0.1375 0.18359375
2 0.19140625 0.484375 0.0953125 0.1890625
2 0.88828125 0.30390625 0.11640625 0.18125
2 0.66796875 0.48671875 0.12890625 0.1859375
2 0.78046875 0.484375 0.12109375 0.18515625
2 0.45703125 0.3046875 0.06015625 0.17890625
2 0.228125 0.30390625 0.30546875 0.1859375
0 0.69296875 0.40859375 0.03046875 0.0453125
2 0.4046875 0.25234375 0.0421875 0.08203125
0 0.32265625 0.41015625 0.03046875 0.04765625
0 0.40546875 0.41015625 0.03125 0.04375
0 0.771875 0.3765625 0.034375 0.04453125
0 0.41015625 0.30703125 0.03203125 0.04609375
0 0.13046875 0.41875 0.034375 0.03984375
0 0.80546875 0.3359375 0.03203125 0.0421875
0 0.2515625 0.41953125 0.034375 0.04296875
0 0.684375 0.340625 0.03359375 0.04453125
0 0.57421875 0.4078125 0.03046875 0.04375
0 0.465625 0.409375 0.03125 0.04375
0 0.615625 0.3671875 0.0328125 0.0421875
0 0.83515625 0.34296875 0.03125 0.04296875
2 0.68984375 0.26875 0.128125 0.115625
2 0.815625 0.2890625 0.05859375 0.0625
1 0.534375 0.30234375 0.01640625 0.0984375
1 0.6046875 0.48203125 0.01484375 0.090625
1 0.07578125 0.28828125 0.01640625 0.1265625
1 0.1421875 0.48515625 0.0140625 0.0953125
1 0.3796875 0.484375 0.0140625 0.08828125
1 0.83828125 0.4828125 0.01484375 0.0921875
1 0.4875 0.27109375 0.0125 0.05390625
1 0.94609375 0.30625 0.01171875 0.11796875
2 0.721875 0.24765625 0.06328125 0.06953125
1 0.4875 0.3296875 0.0125 0.0609375
1 0.94609375 0.3296875 0.01015625 0.05390625
1 0.9453125 0.27109375 0.0109375 0.0546875
1 0.20078125 0.39296875 0.07265625 0.0171875