2 0.8640625 0.29375 0.25625 0.3203125
2 0.6375 0.29609375 0.2125 0.309375
2 0.86328125 0.728125 0.26015625 0.29140625
2 0.6375 0.72890625 0.2109375 0.28828125
2 0.6 0.51875 0.134375 0.1359375
2 0.384375 0.796875 0.15703125 0.16015625
2 0.159375 0.5734375 0.0953125 0.0921875
2 0.39375 0.6484375 0.1359375 0.1328125
2 0.10859375 0.75234375 0.20703125 0.25
0 0.77109375 0.13515625 0.065625 0.1265625
0 0.23984375 0.13359375 0.06484375 0.128125
0 0.2734375 0.9125 0.07890625 0.0640625
0 0.25078125 0.79375 0.06953125 0.121875
0 0.225 0.49609375 0.0796875 0.06015625
0 0.6890625 0.53046875 0.07265625 0.06328125
0 0.70703125 0.61015625 0.065625 0.0671875
0 0.78125 0.6109375 0.06328125 0.0640625
2 0.23828125 0.29140625 0.459375 0.309375
0 0.228125 0.58984375 0.0734375 0.059375
0 0.234375 0.6953125 0.06796875 0.059375
0 0.7796875 0.42734375 0.08671875 0.06875
0 0.76640625 0.2828125 0.06953125 0.12109375
0 0.371875 0.7390625 0.05859375 0.059375
2 0.38515625 0.9265625 0.18671875 0.1015625
1 0.359375 0.134375 0.178125 0.03359375
1 0.63359375 0.13203125 0.19140625 0.03359375
1 0.12109375 0.13359375 0.1828125 0.0328125
1 0.88515625 0.13359375 0.17578125 0.03359375
1 0.828125 0.8734375 0.1796875 0.0328125
1 0.13359375 0.87265625 0.14453125 0.02578125
0 0.7 0.46796875 0.06953125 0.0515625
1 0.66171875 0.871875 0.15546875 0.0375
2 0.1046875 0.53125 0.20390625 0.16875
0 0.33046875 0.74453125 0.05859375 0.05703125
0 0.69921875 0.57421875 0.0671875 0.14296875
0 0.30234375 0.56484375 0.0421875 0.0484375