2 0.29140625 0.2578125 0.190625 0.3546875
2 0.4625 0.2546875 0.14921875 0.3359375
2 0.1859375 0.63515625 0.06484375 0.15390625
2 0.25078125 0.784375 0.09375 0.14765625
2 0.86875 0.65703125 0.16953125 0.3484375
0 0.1203125 0.9203125 0.0671875 0.10703125
2 0.30703125 0.63828125 0.18125 0.14765625
1 0.78125 0.2390625 0.0515625 0.184375
0 0.32734375 0.52421875 0.0734375 0.0953125
1 0.68125 0.075 0.1234375 0.06640625
0 0.1328125 0.66484375 0.05390625 0.07734375
1 0.11484375 0.42734375 0.09765625 0.065625
0 0.81875 0.7359375 0.07578125 0.10546875
0 0.32109375 0.8078125 0.05625 0.07890625
1 0.50234375 0.07265625 0.06328125 0.0546875
1 0.32578125 0.0734375 0.1203125 0.06171875
2 0.11328125 0.73671875 0.0921875 0.2625
1 0.41953125 0.4375 0.046875 0.0375
1 0.3578125 0.4390625 0.053125 0.03828125
2 0.553125 0.66015625 0.06015625 0.16796875
0 0.65703125 0.484375 0.24140625 0.775