2 0.1703125 0.8046875 0.303125 0.32109375
2 0.85859375 0.1796875 0.2640625 0.31015625
2 0.16484375 0.4921875 0.3109375 0.3078125
2 0.86171875 0.4953125 0.2515625 0.31015625
2 0.65859375 0.5359375 0.14375 0.2203125
2 0.38515625 0.3921875 0.10625 0.1078125
0 0.50078125 0.6875 0.07734375 0.10078125
0 0.4078125 0.475 0.06640625 0.0765625
0 0.35859375 0.70078125 0.06953125 0.08046875
0 0.640625 0.3984375 0.06953125 0.0796875
0 0.28359375 0.6921875 0.0765625 0.07578125
0 0.0828125 0.2875 0.0890625 0.07578125
0 0.28359375 0.59921875 0.08203125 0.07578125
1 0.1140625 0.14921875 0.04296875 0.234375
2 0.384375 0.84453125 0.13359375 0.23515625
1 0.0203125 0.49453125 0.03828125 0.30546875
2 0.4421875 0.55 0.28359375 0.21953125
1 0.7296875 0.209375 0.03515625 0.11875
1 0.01953125 0.80390625 0.0375 0.315625
1 0.98828125 0.47734375 0.021875 0.259375
0 0.28359375 0.64609375 0.07734375 0.1703125
2 0.42109375 0.18125 0.61171875 0.31171875