2 0.6875 0.43515625 0.3296875 0.2671875
2 0.68984375 0.778125 0.32265625 0.24609375
2 0.3328125 0.45625 0.403125 0.3140625
2 0.2359375 0.66953125 0.1921875 0.11953125
2 0.2359375 0.809375 0.19375 0.171875
2 0.715625 0.61015625 0.28515625 0.0875
0 0.4484375 0.303125 0.1046875 0.1265625
0 0.690625 0.54453125 0.09375 0.05625
0 0.56328125 0.5296875 0.11640625 0.06953125
0 0.4640625 0.9296875 0.1078125 0.0796875
1 0.29609375 0.3046875 0.2125 0.03828125
1 0.66484375 0.3015625 0.221875 0.04375
0 0.284375 0.7453125 0.08984375 0.06328125
0 0.36796875 0.7578125 0.11171875 0.06328125
1 0.6484375 0.8984375 0.21484375 0.03359375
1 0.27578125 0.9 0.1140625 0.03046875
0 0.71484375 0.603125 0.2953125 0.10078125
0 0.32421875 0.7515625 0.125 0.0609375
0 0.4546875 0.84609375 0.09375 0.065625