2 0.36875 0.6703125 0.19609375 0.2734375
2 0.81875 0.22109375 0.20625 0.30546875
2 0.565625 0.43828125 0.1171875 0.18125
2 0.61328125 0.19609375 0.2078125 0.25234375
2 0.31640625 0.21640625 0.2359375 0.29765625
2 0.12734375 0.1421875 0.15 0.146875
2 0.096875 0.48515625 0.09453125 0.10546875
2 0.1265625 0.27109375 0.16171875 0.125
0 0.7 0.78046875 0.07578125 0.0796875
0 0.7390625 0.33984375 0.0703125 0.0703125
2 0.12421875 0.66875 0.14765625 0.28515625
2 0.09921875 0.3796875 0.09609375 0.0984375
0 0.2328125 0.759375 0.0625 0.06796875
0 0.2328125 0.8390625 0.059375 0.0703125
0 0.6421875 0.42578125 0.05390625 0.04921875
0 0.21953125 0.16171875 0.05859375 0.053125
1 0.2625 0.065625 0.09921875 0.03515625
0 0.16328125 0.39765625 0.0578125 0.05390625
1 0.63125 0.07265625 0.140625 0.03203125
1 0.584375 0.81015625 0.12890625 0.05
0 0.16640625 0.18984375 0.046875 0.05546875
0 0.1625 0.46484375 0.0515625 0.05
1 0.3578125 0.809375 0.14609375 0.04609375
1 0.803125 0.8078125 0.16328125 0.03984375
1 0.796875 0.0703125 0.1390625 0.040625
1 0.121875 0.81015625 0.12265625 0.0359375
2 0.72109375 0.66953125 0.421875 0.27890625