2 0.27421875 0.37421875 0.39609375 0.29296875
2 0.28125 0.821875 0.39453125 0.13359375
2 0.3796875 0.696875 0.1671875 0.11875
1 0.240625 0.2234375 0.2640625 0.046875
2 0.2703125 0.5796875 0.39609375 0.1109375
0 0.54765625 0.89296875 0.1328125 0.1578125
0 0.815625 0.19296875 0.12578125 0.08359375
0 0.51015625 0.79765625 0.12265625 0.06953125
0 0.41640625 0.48203125 0.1265625 0.08359375
0 0.50703125 0.7046875 0.14140625 0.08125
2 0.1875 0.69296875 0.215625 0.128125
1 0.9140625 0.14453125 0.0515625 0.1390625
0 0.303125 0.49453125 0.1265625 0.07734375
1 0.62578125 0.2234375 0.25859375 0.0375
2 0.6859375 0.48359375 0.4734375 0.52890625
0 0.24453125 0.78125 0.0921875 0.05546875