2 0.52734375 0.19765625 0.12109375 0.240625
0 0.70234375 0.41640625 0.06171875 0.08125
0 0.63125 0.35859375 0.06015625 0.08515625
0 0.53359375 0.35859375 0.06015625 0.0875
0 0.60859375 0.934375 0.0703125 0.096875
2 0.63203125 0.20078125 0.08828125 0.24453125
1 0.90625 0.6953125 0.04296875 0.165625
2 0.3390625 0.6828125 0.26328125 0.41875
2 0.78984375 0.2828125 0.225 0.40234375
1 0.90703125 0.2546875 0.04140625 0.1828125
2 0.78984375 0.69140625 0.225 0.4359375
2 0.70703125 0.49453125 0.05625 0.0390625
1 0.471875 0.41875 0.0203125 0.08515625
0 0.171875 0.5828125 0.07109375 0.0875
0 0.43515625 0.56171875 0.071875 0.11796875
1 0.215625 0.72109375 0.028125 0.19921875
2 0.575 0.6078125 0.20625 0.57421875
1 0.21640625 0.309375 0.0265625 0.178125
2 0.33984375 0.278125 0.25390625 0.403125