2 0.56875 0.26328125 0.19296875 0.23515625
2 0.3046875 0.39140625 0.33671875 0.5
2 0.81484375 0.34609375 0.31015625 0.40234375
2 0.81875 0.74921875 0.309375 0.40546875
2 0.30390625 0.7921875 0.340625 0.32578125
1 0.1359375 0.7796875 0.04453125 0.20078125
1 0.52265625 0.86015625 0.0921875 0.1890625
1 0.13828125 0.278125 0.04375 0.178125
1 0.96640625 0.68671875 0.05 0.24140625
1 0.9671875 0.3609375 0.05234375 0.2421875
2 0.52265625 0.85859375 0.09609375 0.18671875
1 0.55234375 0.384375 0.08984375 0.04453125
1 0.1359375 0.45 0.034375 0.16484375
1 0.66171875 0.4859375 0.03125 0.12109375
1 0.6171875 0.9546875 0.08359375 0.06640625
1 0.53203125 0.76875 0.06640625 0.040625
1 0.13984375 0.57109375 0.040625 0.10390625
0 0.6171875 0.9578125 0.08203125 0.06796875