2 0.43203125 0.23828125 0.303125 0.1640625
2 0.3765625 0.4109375 0.1890625 0.1890625
2 0.65 0.23984375 0.153125 0.1640625
2 0.64765625 0.440625 0.1609375 0.128125
2 0.196875 0.78515625 0.17578125 0.3421875
2 0.19921875 0.21953125 0.1875 0.1203125
2 0.51015625 0.69921875 0.4453125 0.16015625
2 0.86171875 0.40234375 0.12890625 0.14140625
2 0.15234375 0.453125 0.078125 0.10390625
2 0.23671875 0.45078125 0.09140625 0.10078125
2 0.68359375 0.35078125 0.08828125 0.0515625
2 0.50703125 0.8703125 0.43984375 0.1890625
0 0.590625 0.3953125 0.04609375 0.04375
0 0.22109375 0.384375 0.04921875 0.04375
2 0.14296875 0.31015625 0.06953125 0.0625
0 0.52109375 0.521875 0.05390625 0.05546875
0 0.20703125 0.4265625 0.0515625 0.04296875
0 0.6 0.30234375 0.04921875 0.04921875
0 0.4953125 0.1390625 0.0625 0.05390625
0 0.62265625 0.3546875 0.04765625 0.0421875
0 0.2703125 0.37265625 0.05546875 0.04296875
0 0.0921875 0.30703125 0.0578125 0.0484375
0 0.8640625 0.4921875 0.053125 0.0515625
1 0.1953125 0.15859375 0.08046875 0.025
0 0.23125 0.2984375 0.0484375 0.04609375
1 0.64375 0.15859375 0.0875 0.02734375
0 0.08984375 0.76171875 0.0640625 0.05234375
0 0.26796875 0.25703125 0.06015625 0.04296875
1 0.42421875 0.77578125 0.0859375 0.02265625
1 0.38125 0.1578125 0.1203125 0.02421875
1 0.6515625 0.503125 0.078125 0.021875
1 0.284375 0.709375 0.028125 0.0671875
0 0.08984375 0.37421875 0.05859375 0.05078125
1 0.39296875 0.5046875 0.06484375 0.02578125
1 0.728125 0.35390625 0.02109375 0.03125
1 0.1515625 0.5046875 0.0359375 0.01875
0 0.21171875 0.48125 0.03984375 0.04296875
0 0.134375 0.309375 0.08515625 0.05625
1 0.21484375 0.50546875 0.0359375 0.01875
2 0.215625 0.34140625 0.15078125 0.121875
0 0.2375 0.45078125 0.09453125 0.103125