2 0.75390625 0.22421875 0.1890625 0.20703125
2 0.59375 0.45390625 0.12734375 0.26171875
2 0.1765625 0.71875 0.29296875 0.371875
2 0.70390625 0.4921875 0.09609375 0.18046875
2 0.9140625 0.225 0.1265625 0.2125
2 0.9140625 0.48984375 0.12578125 0.1875
2 0.4609375 0.70390625 0.14765625 0.121875
2 0.60390625 0.21953125 0.14140625 0.2125
2 0.43125 0.48828125 0.084375 0.184375
2 0.82734375 0.4984375 0.05 0.09609375
2 0.2421875 0.91484375 0.12421875 0.1359375
2 0.4609375 0.06796875 0.14609375 0.0859375
2 0.88203125 0.36328125 0.06328125 0.0765625
0 0.640625 0.13359375 0.03984375 0.06171875
0 0.33203125 0.58359375 0.04375 0.04453125
0 0.7796875 0.434375 0.0375 0.05234375
0 0.8796875 0.1359375 0.0375 0.05625
0 0.7828125 0.559375 0.0375 0.05625
0 0.73125 0.421875 0.034375 0.0484375
1 0.78046875 0.1171875 0.1453125 0.02890625
2 0.43125 0.1828125 0.084375 0.1453125
0 0.509375 0.665625 0.0359375 0.05
0 0.44140625 0.23671875 0.03515625 0.04765625
0 0.8421875 0.371875 0.02890625 0.03515625
0 0.8390625 0.278125 0.03984375 0.046875
0 0.4625 0.184375 0.03671875 0.0453125
0 0.546875 0.3796875 0.03515625 0.03984375
0 0.6703125 0.37734375 0.03671875 0.04453125
0 0.63984375 0.3421875 0.03671875 0.0484375
2 0.51171875 0.29921875 0.0453125 0.1015625
0 0.8421875 0.428125 0.03203125 0.04296875
0 0.434375 0.41953125 0.03203125 0.046875
0 0.546875 0.62109375 0.0421875 0.04375
0 0.37421875 0.375 0.04140625 0.0453125
1 0.93359375 0.11875 0.07578125 0.0234375
2 0.44140625 0.3015625 0.10625 0.1109375
1 0.58359375 0.1171875 0.0984375 0.02734375
2 0.10703125 0.91015625 0.13203125 0.1328125
0 0.37578125 0.08125 0.0421875 0.04609375
0 0.5140625 0.365625 0.03125 0.03984375
0 0.43515625 0.3328125 0.034375 0.0484375
1 0.7046875 0.58203125 0.0921875 0.0234375
1 0.3890625 0.45390625 0.01953125 0.1
0 0.82265625 0.44140625 0.02265625 0.03515625
1 0.97421875 0.47109375 0.0234375 0.14296875
0 0.284375 0.5578125 0.02890625 0.034375
2 0.503125 0.18203125 0.0625 0.13359375
1 0.8265625 0.54296875 0.04609375 0.0203125
1 0.5890625 0.5828125 0.0984375 0.025
1 0.3890625 0.18359375 0.01953125 0.1359375
2 0.459375 0.85625 0.14453125 0.19140625