2 0.24140625 0.8375 0.3328125 0.16484375
2 0.18515625 0.296875 0.21015625 0.17578125
2 0.275 0.4984375 0.39609375 0.228125
2 0.709375 0.83671875 0.30546875 0.16484375
2 0.34921875 0.7296875 0.1375 0.05546875
2 0.67890625 0.42421875 0.39296875 0.16484375
0 0.46875 0.85390625 0.11171875 0.04921875
0 0.71796875 0.77578125 0.10703125 0.04921875
0 0.36875 0.78125 0.11796875 0.046875
0 0.44453125 0.6578125 0.103125 0.03828125
0 0.471875 0.940625 0.1171875 0.0515625
0 0.43046875 0.0375 0.12421875 0.06171875
0 0.59921875 0.78125 0.11953125 0.046875
1 0.69140625 0.92109375 0.178125 0.02109375
2 0.24765625 0.65703125 0.35234375 0.08046875
1 0.28125 0.92109375 0.16953125 0.02265625
0 0.446875 0.72734375 0.0859375 0.0359375
0 0.3296875 0.28984375 0.12890625 0.04453125
1 0.72109375 0.51328125 0.16796875 0.02265625
1 0.378125 0.38515625 0.178125 0.01953125
1 0.234375 0.0546875 0.26875 0.0234375
1 0.465625 0.42109375 0.065625 0.075
1 0.6109375 0.05703125 0.25703125 0.01796875
2 0.68515625 0.596875 0.3640625 0.16875
2 0.75546875 0.7234375 0.234375 0.06796875
0 0.28046875 0.68203125 0.115625 0.03203125
0 0.5515625 0.47109375 0.10234375 0.05703125
0 0.47734375 0.50078125 0.13984375 0.0515625