2 0.15703125 0.23515625 0.25625 0.24765625
2 0.1625 0.45234375 0.26015625 0.184375
0 0.4265625 0.16328125 0.05859375 0.0703125
0 0.66640625 0.20078125 0.06171875 0.0796875
0 0.2671875 0.39140625 0.05703125 0.06796875
2 0.4953125 0.13671875 0.08515625 0.1359375
0 0.39765625 0.32421875 0.05859375 0.08046875
0 0.265625 0.32421875 0.05859375 0.06640625
1 0.034375 0.26796875 0.034375 0.140625
2 0.3328125 0.19296875 0.0796875 0.2
0 0.8296875 0.51484375 0.06328125 0.08046875
0 0.33046875 0.38984375 0.06015625 0.071875
0 0.33671875 0.325 0.05625 0.07578125
0 0.4109375 0.80703125 0.075 0.09609375
1 0.034375 0.44375 0.0296875 0.10546875
2 0.6640625 0.140625 0.26015625 0.19296875
2 0.33046875 0.48203125 0.08203125 0.109375
1 0.675 0.0421875 0.10625 0.040625
2 0.6203125 0.34140625 0.3546875 0.20234375
1 0.62578125 0.04609375 0.0296875 0.034375
2 0.5734375 0.40703125 0.13671875 0.05390625
2 0.41015625 0.23984375 0.08046875 0.10234375
0 0.41328125 0.6984375 0.075 0.09609375
2 0.57890625 0.59765625 0.415625 0.30859375