2 0.8015625 0.74375 0.31484375 0.29453125
2 0.234375 0.27265625 0.290625 0.1640625
2 0.27109375 0.78359375 0.33828125 0.19375
2 0.203125 0.43046875 0.2234375 0.15
2 0.76484375 0.403125 0.371875 0.39140625
2 0.2046875 0.56015625 0.22421875 0.1171875
2 0.3546875 0.6421875 0.16875 0.103125
0 0.23046875 0.16328125 0.1140625 0.084375
0 0.60390625 0.1609375 0.109375 0.0796875
0 0.5046875 0.91484375 0.1078125 0.0921875
0 0.21171875 0.71796875 0.10078125 0.0671875
0 0.26328125 0.3828125 0.0984375 0.0671875
0 0.6875 0.6609375 0.109375 0.0625
1 0.7875 0.19375 0.26640625 0.04921875
0 0.25859375 0.478125 0.10234375 0.0671875
0 0.33046875 0.31640625 0.11640625 0.065625
1 0.48046875 0.19140625 0.16015625 0.03671875
1 0.296875 0.88515625 0.2078125 0.04375
0 0.3953125 0.72421875 0.10234375 0.0671875
2 0.4453125 0.40390625 0.26640625 0.38515625
0 0.475 0.6484375 0.1125 0.065625
1 0.78203125 0.884375 0.215625 0.04296875
0 0.2046875 0.428125 0.2140625 0.1546875
1 0.9515625 0.74609375 0.03046875 0.0390625
2 0.54375 0.73515625 0.21484375 0.28828125