2 0.37109375 0.196875 0.15390625 0.26484375
2 0.19453125 0.41796875 0.22109375 0.2890625
2 0.690625 0.434375 0.2140625 0.2625
2 0.86953125 0.19921875 0.15078125 0.2734375
2 0.14609375 0.1671875 0.11015625 0.2109375
2 0.1546875 0.71484375 0.17421875 0.1671875
2 0.0546875 0.2328125 0.078125 0.08984375
2 0.30625 0.7578125 0.14765625 0.25859375
2 0.640625 0.125 0.1140625 0.1140625
2 0.64140625 0.2421875 0.11328125 0.1375
0 0.56875 0.2390625 0.05078125 0.05390625
1 0.69296875 0.56640625 0.06796875 0.03125
0 0.18359375 0.771875 0.04765625 0.06484375
2 0.1125 0.840625 0.0734375 0.09765625
0 0.31171875 0.2375 0.03515625 0.07578125
0 0.0546875 0.0421875 0.0453125 0.06484375
1 0.0859375 0.40703125 0.02734375 0.11484375
0 0.2140625 0.84375 0.0484375 0.053125
0 0.20234375 0.9078125 0.0453125 0.06953125
0 0.1078125 0.771875 0.0453125 0.065625
1 0.93984375 0.2046875 0.02890625 0.11640625
0 0.709375 0.159375 0.040625 0.0453125
1 0.625 0.06640625 0.06484375 0.03125
0 0.7125 0.24296875 0.0453125 0.0515625
1 0.4421875 0.11796875 0.02421875 0.09375
0 0.1828125 0.1640625 0.04609375 0.05625
1 0.1984375 0.56171875 0.0875 0.03046875
1 0.79375 0.4578125 0.02578125 0.08671875
0 0.07734375 0.13359375 0.040625 0.04921875
0 0.05 0.16875 0.03671875 0.046875
1 0.30234375 0.428125 0.0265625 0.115625
0 0.275 0.17421875 0.04296875 0.06328125
0 0.78125 0.2765625 0.04375 0.053125
0 0.75703125 0.29375 0.0375 0.05390625
1 0.13828125 0.0640625 0.05 0.02890625
1 0.2484375 0.0625 0.04921875 0.0234375
1 0.0140625 0.23046875 0.01953125 0.0421875
0 0.24921875 0.25625 0.06328125 0.0484375
1 0.07734375 0.7453125 0.0265625 0.09140625
0 0.340625 0.3515625 0.040625 0.065625
1 0.0125 0.13671875 0.0203125 0.06796875
1 0.28515625 0.8859375 0.065625 0.03046875
1 0.73984375 0.06796875 0.05859375 0.025
1 0.41328125 0.33359375 0.05390625 0.02734375
1 0.4421875 0.1984375 0.0234375 0.1015625
0 0.36484375 0.35078125 0.04296875 0.0578125
1 0.37265625 0.0625 0.103125 0.0234375
0 0.2734375 0.11796875 0.05390625 0.08984375
1 0.44296875 0.2796875 0.02421875 0.1015625
0 0.23515625 0.25625 0.03046875 0.04375