2 0.85859375 0.31171875 0.13671875 0.11875
2 0.12109375 0.43203125 0.15 0.1234375
2 0.31953125 0.6078125 0.26328125 0.2359375
2 0.1578125 0.90625 0.23671875 0.1390625
2 0.8 0.61328125 0.2546875 0.22890625
0 0.73828125 0.14609375 0.1046875 0.1375
2 0.59453125 0.49453125 0.16953125 0.2453125
2 0.25390625 0.26015625 0.41328125 0.23125
0 0.6265625 0.59453125 0.0984375 0.06875
2 0.59296875 0.67265625 0.15546875 0.1125
0 0.1484375 0.146875 0.0984375 0.13125
0 0.12421875 0.71953125 0.11328125 0.134375
1 0.265625 0.14375 0.140625 0.0390625
0 0.15859375 0.81171875 0.09375 0.06953125
0 0.7671875 0.31953125 0.071875 0.05234375
0 0.70234375 0.4609375 0.1046875 0.07265625
1 0.33359375 0.7265625 0.128125 0.040625
0 0.72421875 0.5265625 0.0984375 0.065625
2 0.121875 0.60625 0.1546875 0.225
1 0.61796875 0.14609375 0.1515625 0.03203125
0 0.1515625 0.51953125 0.10078125 0.08046875
2 0.6453125 0.25859375 0.26015625 0.2296875
1 0.3703125 0.13828125 0.06015625 0.03046875
1 0.840625 0.13671875 0.0546875 0.03203125
1 0.784375 0.73046875 0.1625 0.034375
1 0.62578125 0.7265625 0.05859375 0.0359375
0 0.596875 0.48828125 0.17578125 0.24609375