2 0.16953125 0.6921875 0.3 0.36328125
2 0.17265625 0.315625 0.30234375 0.36640625
0 0.29453125 0.5703125 0.059375 0.09296875
0 0.378125 0.40859375 0.05546875 0.1078125
2 0.64140625 0.3984375 0.37265625 0.53203125
2 0.478125 0.771875 0.12421875 0.2109375
1 0.01796875 0.33125 0.03359375 0.2046875
0 0.2953125 0.4265625 0.06484375 0.09609375
1 0.83359375 0.3265625 0.0484375 0.3515625
0 0.86171875 0.56796875 0.078125 0.09453125
1 0.01796875 0.68203125 0.03125 0.20625
0 0.3921875 0.25078125 0.15234375 0.23984375
2 0.3921875 0.25390625 0.1546875 0.24140625
0 0.36875 0.9 0.0640625 0.1046875