0 0.2515625 0.234375 0.33125 0.32734375
0 0.2546875 0.5609375 0.3296875 0.32265625
2 0.81640625 0.709375 0.2515625 0.32578125
0 0.625 0.32109375 0.409375 0.47265625
2 0.11640625 0.68671875 0.053125 0.07890625
0 0.12578125 0.796875 0.0859375 0.15390625
1 0.084375 0.23125 0.040625 0.27890625
1 0.084375 0.5453125 0.03515625 0.2640625
0 0.49453125 0.7671875 0.071875 0.1125
2 0.85703125 0.48828125 0.0875 0.1
2 0.62109375 0.8328125 0.1359375 0.23359375
2 0.38828125 0.33671875 0.0796875 0.096875
1 0.084375 0.76328125 0.02421875 0.0828125
0 0.5984375 0.68046875 0.07109375 0.1046875
1 0.83046875 0.25546875 0.04140625 0.36953125
2 0.3875 0.45 0.07890625 0.1046875
2 0.12421875 0.79453125 0.08515625 0.16171875