2 0.1859375 0.36171875 0.3421875 0.52890625
2 0.46484375 0.35703125 0.23515625 0.51796875
0 0.67265625 0.2484375 0.0828125 0.240625
0 0.33203125 0.88828125 0.0828125 0.1421875
2 0.7859375 0.5421875 0.3953125 0.60625
1 0.84140625 0.25703125 0.24296875 0.06328125
0 0.2703125 0.5921875 0.0828125 0.13203125
2 0.13515625 0.740625 0.21328125 0.20703125
0 0.27109375 0.71484375 0.0875 0.11796875
1 0.48515625 0.10234375 0.15078125 0.0671875
0 0.46171875 0.68203125 0.0890625 0.14375
0 0.54765625 0.7125 0.0921875 0.13359375
2 0.40703125 0.72734375 0.334375 0.2359375