2 0.08515625 0.2828125 0.10234375 0.275
2 0.1375 0.628125 0.07734375 0.23828125
2 0.7890625 0.53984375 0.125 0.2609375
2 0.58671875 0.60703125 0.0703125 0.18828125
2 0.065625 0.50234375 0.06171875 0.1671875
2 0.3390625 0.2875 0.1171875 0.26796875
2 0.6734375 0.36640625 0.10859375 0.29921875
2 0.1546875 0.3625 0.040625 0.11796875
2 0.2265625 0.284375 0.103125 0.26484375
2 0.0671875 0.659375 0.06171875 0.14765625
2 0.1546875 0.228125 0.03984375 0.15234375
2 0.78828125 0.309375 0.12265625 0.2015625
0 0.60625 0.390625 0.03671875 0.0765625
2 0.64296875 0.575 0.046875 0.12265625
0 0.73984375 0.33046875 0.03671875 0.07578125
2 0.51796875 0.6203125 0.06796875 0.17734375
0 0.1171875 0.540625 0.02578125 0.06640625
0 0.74140625 0.446875 0.0375 0.0765625
0 0.6359375 0.48984375 0.02734375 0.06484375
0 0.8625 0.4453125 0.03671875 0.078125
1 0.0828125 0.14921875 0.0515625 0.03203125
0 0.68203125 0.5421875 0.03125 0.06953125
1 0.228125 0.15234375 0.05234375 0.03125
2 0.64296875 0.66640625 0.046875 0.0625
1 0.0328125 0.50078125 0.015625 0.08515625
0 0.565625 0.50546875 0.02890625 0.06015625
1 0.11640625 0.42109375 0.025 0.02421875
1 0.278125 0.3203125 0.01796875 0.084375
1 0.21484375 0.4203125 0.03203125 0.02890625
2 0.20078125 0.665625 0.05078125 0.07109375
1 0.15390625 0.41875 0.0296875 0.0234375
1 0.8109375 0.409375 0.0703125 0.03203125
0 0.13046875 0.22890625 0.01796875 0.06015625
2 0.5484375 0.37734375 0.1390625 0.31640625
0 0.64296875 0.5625 0.0453125 0.13984375
1 0.80546875 0.203125 0.07421875 0.034375
1 0.59765625 0.51875 0.04765625 0.0265625
2 0.315625 0.58046875 0.16953125 0.32890625