2 0.37421875 0.3234375 0.35390625 0.33203125
2 0.296875 0.65234375 0.3265625 0.3375
2 0.63515625 0.31015625 0.1796875 0.33203125
0 0.18046875 0.440625 0.05703125 0.07421875
1 0.1359375 0.65234375 0.02109375 0.17734375
0 0.59609375 0.5765625 0.0515625 0.07109375
2 0.66875 0.5546875 0.10859375 0.15625
0 0.57265625 0.84453125 0.05703125 0.08359375
0 0.43515625 0.53359375 0.05546875 0.0796875
1 0.62109375 0.15078125 0.1 0.03671875
1 0.1984375 0.2828125 0.02109375 0.2296875
1 0.6703125 0.553125 0.1109375 0.153125
2 0.54296875 0.6484375 0.17265625 0.32734375
2 0.67265625 0.68515625 0.09609375 0.1203125