2 0.17578125 0.175 0.2953125 0.2984375
2 0.17578125 0.47734375 0.3 0.3109375
2 0.71953125 0.51796875 0.36171875 0.2265625
2 0.175 0.759375 0.28984375 0.240625
2 0.4875 0.6640625 0.11953125 0.1921875
2 0.4859375 0.82421875 0.12109375 0.12890625
0 0.38046875 0.88515625 0.07265625 0.1671875
2 0.4859375 0.48828125 0.1234375 0.16953125
0 0.29296875 0.540625 0.07109375 0.0796875
0 0.4109375 0.79609375 0.06328125 0.07109375
0 0.29296875 0.67890625 0.0703125 0.0828125
0 0.29296875 0.271875 0.07265625 0.08359375
0 0.46015625 0.54296875 0.06328125 0.08046875
0 0.81796875 0.3546875 0.13515625 0.08359375
1 0.89453125 0.53515625 0.0234375 0.178125
1 0.02890625 0.70390625 0.02109375 0.13515625
1 0.03125 0.4671875 0.0265625 0.14609375
1 0.03203125 0.1734375 0.025 0.15
1 0.38515625 0.02734375 0.10703125 0.0328125
2 0.5671875 0.21796875 0.496875 0.3734375
2 0.8859375 0.2234375 0.153125 0.38515625
1 0.81171875 0.1796875 0.04296875 0.28125