2 0.290625 0.18671875 0.2171875 0.18515625
2 0.4375 0.5765625 0.1375 0.1953125
2 0.27421875 0.48359375 0.19140625 0.39765625
2 0.43984375 0.38125 0.13671875 0.18984375
0 0.40234375 0.709375 0.05 0.103125
2 0.453125 0.18984375 0.1015625 0.1984375
0 0.32890625 0.71015625 0.0515625 0.1015625
0 0.59921875 0.3875 0.05 0.0921875
0 0.603125 0.2015625 0.0484375 0.0890625
0 0.425 0.5078125 0.04296875 0.07890625
1 0.178125 0.48046875 0.02265625 0.22421875
2 0.634375 0.328125 0.1484375 0.190625
2 0.63515625 0.55859375 0.15 0.2671875
1 0.7109375 0.59375 0.01875 0.07890625
1 0.50703125 0.38359375 0.01484375 0.07421875
1 0.4671875 0.67265625 0.04140625 0.028125
1 0.240625 0.671875 0.10859375 0.03359375
1 0.7109375 0.33125 0.015625 0.07109375
1 0.4546875 0.0921875 0.04453125 0.0328125
1 0.23671875 0.09296875 0.04453125 0.0296875
1 0.559375 0.3359375 0.0171875 0.06875
1 0.34609375 0.0921875 0.04765625 0.034375
2 0.6359375 0.1625 0.15 0.14375