2 0.815625 0.58828125 0.3078125 0.34140625
2 0.54921875 0.48203125 0.21328125 0.1203125
2 0.2453125 0.5890625 0.3859375 0.3265625
0 0.61171875 0.94375 0.090625 0.09765625
2 0.5515625 0.63671875 0.21015625 0.18828125
0 0.60703125 0.57109375 0.07734375 0.0765625
0 0.83125 0.38203125 0.0953125 0.10234375
2 0.2453125 0.22734375 0.396875 0.3765625
0 0.1546875 0.390625 0.1015625 0.10546875
0 0.40703125 0.653125 0.09375 0.09453125
0 0.6265625 0.65390625 0.08671875 0.09140625
0 0.40625 0.2046875 0.0890625 0.096875
1 0.4421875 0.84140625 0.02734375 0.1125
1 0.965625 0.5796875 0.02734375 0.11171875
1 0.965625 0.27890625 0.025 0.11171875
0 0.55 0.765625 0.146875 0.07421875
1 0.90234375 0.84140625 0.02890625 0.10859375
1 0.05234375 0.5859375 0.02890625 0.1046875
1 0.76171875 0.91328125 0.15234375 0.028125
1 0.2875 0.7625 0.10703125 0.02265625
1 0.7015625 0.04296875 0.140625 0.025
1 0.2484375 0.0453125 0.1390625 0.025
2 0.70390625 0.2265625 0.47734375 0.3671875
2 0.6609375 0.82265625 0.44765625 0.17578125