2 0.74453125 0.5890625 0.4328125 0.23359375
2 0.728125 0.37578125 0.46328125 0.1859375
2 0.70703125 0.79765625 0.50625 0.1875
2 0.1953125 0.52421875 0.2125 0.1
2 0.19765625 0.3703125 0.2234375 0.18828125
0 0.47734375 0.3125 0.0953125 0.06015625
0 0.334375 0.515625 0.09296875 0.05234375
0 0.5859375 0.6625 0.0984375 0.0578125
2 0.90625 0.159375 0.1625 0.221875
0 0.49921875 0.73046875 0.0828125 0.0671875
0 0.86875 0.23359375 0.0984375 0.05
0 0.3796875 0.7046875 0.09140625 0.115625
2 0.17890625 0.640625 0.2453125 0.12265625
1 0.8265625 0.134375 0.04921875 0.1578125
2 0.44296875 0.1640625 0.75234375 0.21796875
1 0.96328125 0.79765625 0.0671875 0.1796875
0 0.32578125 0.66953125 0.06875 0.03828125
1 0.96484375 0.375 0.06484375 0.18125
1 0.9640625 0.58359375 0.06796875 0.225
2 0.51953125 0.571875 0.05546875 0.06640625
2 0.6453125 0.946875 0.68125 0.10625
2 0.4 0.5859375 0.20078125 0.23359375