2 0.6796875 0.1796875 0.425 0.26484375
2 0.67890625 0.62109375 0.41953125 0.209375
2 0.21796875 0.675 0.21328125 0.090625
2 0.28515625 0.34375 0.3703125 0.42421875
0 0.40703125 0.89296875 0.08984375 0.13515625
0 0.41640625 0.12890625 0.09375 0.12578125
2 0.20703125 0.8046875 0.21875 0.1765625
0 0.3453125 0.68359375 0.1 0.06875
0 0.34609375 0.5953125 0.10390625 0.0703125
0 0.71640625 0.49140625 0.1 0.07890625
0 0.34453125 0.75078125 0.09609375 0.06875
1 0.8875 0.196875 0.06171875 0.15546875
0 0.7609375 0.3046875 0.0921875 0.06953125
0 0.440625 0.59375 0.09921875 0.0734375
1 0.88671875 0.40859375 0.04921875 0.1546875
1 0.88671875 0.60703125 0.04453125 0.146875
2 0.671875 0.80703125 0.4265625 0.1859375
0 0.50703125 0.2296875 0.10390625 0.075
2 0.21328125 0.5890625 0.23671875 0.08984375
1 0.88359375 0.8046875 0.0453125 0.13828125
0 0.49921875 0.775 0.09140625 0.065625
2 0.6765625 0.4171875 0.415625 0.20859375
2 0.56796875 0.59765625 0.20234375 0.1765625