2 0.81328125 0.32578125 0.2296875 0.24609375
2 0.80859375 0.665625 0.2296875 0.16171875
2 0.61796875 0.35703125 0.171875 0.31328125
2 0.3921875 0.834375 0.15546875 0.19765625
0 0.278125 0.7703125 0.0671875 0.078125
0 0.28203125 0.8890625 0.08125 0.078125
0 0.28515625 0.1734375 0.07265625 0.08125
0 0.74453125 0.4171875 0.075 0.07578125
2 0.4125 0.70625 0.1140625 0.0734375
0 0.7171875 0.653125 0.07421875 0.05546875
0 0.3890625 0.646875 0.06171875 0.05703125
0 0.27890625 0.6390625 0.06640625 0.07265625
1 0.36953125 0.2046875 0.1203125 0.040625
0 0.73671875 0.17265625 0.07109375 0.0796875
1 0.82578125 0.2046875 0.12265625 0.03515625
0 0.67578125 0.55546875 0.05859375 0.05703125
1 0.16796875 0.2 0.11171875 0.04609375
0 0.74296875 0.5609375 0.06015625 0.059375
0 0.665625 0.47890625 0.0828125 0.0671875
1 0.62109375 0.20234375 0.109375 0.0453125
1 0.07578125 0.48671875 0.04609375 0.12421875
2 0.16328125 0.5875 0.1671875 0.29609375
1 0.59765625 0.74765625 0.065625 0.040625
1 0.165625 0.74453125 0.11640625 0.040625
2 0.61015625 0.6890625 0.159375 0.12734375
1 0.73828125 0.74375 0.08125 0.03125
2 0.275 0.32421875 0.41171875 0.2359375