2 0.10625 0.7078125 0.17734375 0.20625
2 0.25546875 0.42734375 0.32734375 0.3671875
0 0.2890625 0.8125 0.09609375 0.115625
0 0.44765625 0.3234375 0.103125 0.05390625
2 0.6796875 0.48125 0.55078125 0.4671875
0 0.228125 0.72890625 0.10390625 0.06015625
0 0.55859375 0.22578125 0.09765625 0.07109375
0 0.44921875 0.65703125 0.1 0.05390625
1 0.25859375 0.24609375 0.1921875 0.04140625
1 0.75 0.24765625 0.240625 0.0421875
1 0.58984375 0.696875 0.1734375 0.0265625
2 0.346875 0.75390625 0.2828125 0.115625
2 0.5875 0.72578125 0.1921875 0.06015625
1 0.58828125 0.7140625 0.1796875 0.05390625
2 0.8125 0.79140625 0.27734375 0.15859375