2 0.65859375 0.36796875 0.2234375 0.14296875
2 0.1375 0.6703125 0.12109375 0.14296875
2 0.6203125 0.4765625 0.146875 0.07265625
2 0.77890625 0.67421875 0.15390625 0.14765625
2 0.6234375 0.67421875 0.1546875 0.14609375
2 0.425 0.521875 0.08515625 0.17109375
2 0.1546875 0.43828125 0.15703125 0.30703125
2 0.81015625 0.36875 0.090625 0.13515625
2 0.76796875 0.521875 0.17109375 0.16640625
2 0.34375 0.55546875 0.08203125 0.06171875
0 0.675 0.621875 0.04765625 0.05390625
0 0.74921875 0.3640625 0.05078125 0.05078125
0 0.28203125 0.6828125 0.0515625 0.05078125
0 0.6578125 0.2765625 0.03828125 0.053125
0 0.171875 0.57890625 0.04921875 0.05234375
0 0.72265625 0.41875 0.04296875 0.0578125
0 0.6546875 0.5328125 0.04296875 0.053125
0 0.42265625 0.62890625 0.04296875 0.05546875
2 0.1734375 0.78984375 0.1515625 0.0984375
0 0.721875 0.6234375 0.040625 0.05625
0 0.25234375 0.53359375 0.04140625 0.053125
0 0.8703125 0.51875 0.05 0.046875
2 0.32890625 0.6234375 0.12109375 0.0765625
0 0.14296875 0.25 0.04921875 0.046875
0 0.36015625 0.678125 0.040625 0.04921875
2 0.340625 0.70390625 0.0859375 0.0859375
0 0.31015625 0.52734375 0.04296875 0.04609375
1 0.30390625 0.246875 0.02265625 0.065625
2 0.3390625 0.48671875 0.08984375 0.08125
0 0.2671875 0.80703125 0.05703125 0.053125
0 0.27578125 0.76484375 0.0421875 0.05234375
1 0.63984375 0.74453125 0.0625 0.02265625
1 0.07734375 0.375 0.0265625 0.084375
1 0.8546875 0.3484375 0.02265625 0.04921875
1 0.734375 0.29375 0.0640625 0.025
1 0.078125 0.6671875 0.02109375 0.0828125
1 0.8546875 0.5578125 0.01875 0.0359375
1 0.8546875 0.69140625 0.01953125 0.04765625
1 0.38515625 0.34453125 0.0203125 0.07421875
1 0.078125 0.46484375 0.02265625 0.08359375
1 0.7578125 0.74453125 0.06484375 0.02109375
1 0.46875 0.48515625 0.01875 0.0640625
1 0.42734375 0.434375 0.06171875 0.01953125
1 0.278125 0.203125 0.046875 0.0234375
1 0.1671875 0.8375 0.03515625 0.01875
0 0.40078125 0.49765625 0.0453125 0.0484375
1 0.3859375 0.64609375 0.015625 0.03984375
1 0.85390625 0.48359375 0.02109375 0.0375
1 0.2078125 0.203125 0.0875 0.02734375
1 0.46953125 0.53203125 0.01953125 0.12421875
1 0.46953125 0.553125 0.01640625 0.0578125
1 0.63203125 0.2453125 0.0234375 0.08359375
2 0.2890625 0.33984375 0.12265625 0.24375
1 0.384375 0.68828125 0.01875 0.0328125
2 0.33671875 0.58828125 0.09453125 0.13125