2 0.66171875 0.32890625 0.1734375 0.20859375
2 0.39296875 0.3265625 0.2125 0.20390625
2 0.6484375 0.73984375 0.20546875 0.2140625
2 0.68515625 0.53203125 0.12734375 0.20390625
2 0.5375 0.29140625 0.075 0.13671875
2 0.58046875 0.50078125 0.06875 0.1359375
0 0.284375 0.38828125 0.0859375 0.05546875
0 0.53046875 0.5375 0.03828125 0.053125
1 0.7484375 0.54375 0.01796875 0.1453125
0 0.57109375 0.6578125 0.0421875 0.06484375
1 0.284375 0.29609375 0.015625 0.1375
0 0.54609375 0.38125 0.0453125 0.05859375
0 0.51953125 0.6578125 0.04140625 0.06640625
1 0.74765625 0.32265625 0.015625 0.14375
1 0.74765625 0.73359375 0.01484375 0.1484375
0 0.56015625 0.390625 0.0453125 0.0609375
2 0.48046875 0.53359375 0.12734375 0.2125