2 0.8296875 0.234375 0.2875 0.434375
2 0.49140625 0.71328125 0.16484375 0.24921875
0 0.85625 0.75 0.096875 0.23671875
0 0.5078125 0.55390625 0.0765625 0.109375
2 0.25546875 0.659375 0.30859375 0.3625
0 0.44375 0.53828125 0.0671875 0.103125
0 0.73515625 0.41640625 0.1015625 0.140625
0 0.1421875 0.38515625 0.09765625 0.12578125
1 0.09765625 0.6421875 0.0265625 0.228125
1 0.18203125 0.175 0.03828125 0.3
1 0.80625 0.0203125 0.17578125 0.0375
0 0.43125 0.24609375 0.49921875 0.459375
2 0.76953125 0.6125 0.39375 0.2765625