2 0.709375 0.61171875 0.26015625 0.3203125
2 0.1671875 0.38984375 0.178125 0.23671875
2 0.159375 0.84921875 0.16484375 0.1640625
0 0.52421875 0.66640625 0.0984375 0.06953125
0 0.52265625 0.79609375 0.09140625 0.06640625
0 0.53125 0.1171875 0.09921875 0.06953125
0 0.215625 0.29140625 0.078125 0.05234375
0 0.61640625 0.52890625 0.10234375 0.0609375
0 0.28984375 0.47890625 0.09453125 0.06171875
2 0.2421875 0.65625 0.3265625 0.23125
0 0.28046875 0.82578125 0.1 0.0625
0 0.34375 0.58125 0.1125 0.0625
2 0.16640625 0.20703125 0.18046875 0.13828125
1 0.684375 0.7703125 0.165625 0.02265625
1 0.690625 0.14453125 0.20703125 0.02578125
1 0.36484375 0.14296875 0.1578125 0.021875
2 0.553125 0.29453125 0.59765625 0.31796875