2 0.36875 0.653125 0.296875 0.21171875
2 0.61484375 0.65078125 0.19296875 0.21171875
2 0.30859375 0.859375 0.1796875 0.20078125
2 0.31640625 0.35703125 0.2015625 0.21953125
2 0.796875 0.60859375 0.178125 0.13125
2 0.31015625 0.15234375 0.1890625 0.19453125
2 0.46015625 0.80546875 0.12734375 0.09921875
0 0.1953125 0.7921875 0.071875 0.0640625
0 0.5625 0.878125 0.0609375 0.0640625
2 0.7984375 0.90703125 0.1828125 0.10078125
2 0.64375 0.4265625 0.10546875 0.07265625
0 0.44296875 0.31953125 0.06953125 0.06328125
0 0.478125 0.48671875 0.065625 0.07109375
2 0.796875 0.80703125 0.18125 0.103125
0 0.3828125 0.83515625 0.05234375 0.046875
1 0.21640625 0.66640625 0.0234375 0.13828125
2 0.790625 0.35078125 0.18359375 0.22578125
0 0.48046875 0.3796875 0.06328125 0.06484375
1 0.78828125 0.05 0.12890625 0.02734375
1 0.88671875 0.36328125 0.03203125 0.12734375
0 0.78984375 0.11015625 0.18671875 0.11953125
1 0.21640625 0.16953125 0.02578125 0.08046875
2 0.5578125 0.82734375 0.071875 0.05625
2 0.7921875 0.20703125 0.18203125 0.06796875
0 0.6234375 0.371875 0.0578125 0.06015625
2 0.47890625 0.38046875 0.06640625 0.0625
0 0.5609375 0.16953125 0.27265625 0.23515625
1 0.21640625 0.30234375 0.02265625 0.0625
2 0.55546875 0.16875 0.278125 0.225
1 0.565625 0.053125 0.22109375 0.02890625