2 0.1671875 0.7453125 0.1671875 0.2453125
2 0.428125 0.70859375 0.12734375 0.31171875
2 0.1359375 0.41796875 0.10078125 0.1359375
2 0.13359375 0.2828125 0.1046875 0.1328125
2 0.746875 0.609375 0.053125 0.1109375
0 0.34375 0.1828125 0.05390625 0.084375
2 0.21640625 0.584375 0.06875 0.07109375
2 0.35703125 0.3796875 0.29140625 0.3328125
0 0.38828125 0.584375 0.04765625 0.0734375
0 0.159375 0.37109375 0.03984375 0.05625
0 0.27578125 0.79140625 0.05078125 0.071875
0 0.23125 0.6578125 0.05078125 0.0671875
0 0.159375 0.4640625 0.03671875 0.05625
2 0.88671875 0.5484375 0.13046875 0.2421875
0 0.2765625 0.90234375 0.05 0.075
0 0.74296875 0.534375 0.0375 0.06171875
1 0.425 0.209375 0.125 0.04765625
0 0.06015625 0.54921875 0.0546875 0.0703125
2 0.13046875 0.55 0.1015625 0.1328125
0 0.80390625 0.5328125 0.04140625 0.06328125
1 0.08125 0.434375 0.02109375 0.05234375
1 0.54296875 0.5484375 0.02734375 0.125
1 0.27265625 0.21015625 0.096875 0.034375
0 0.240625 0.1390625 0.05625 0.06328125
1 0.1734375 0.86953125 0.09296875 0.03828125
1 0.43671875 0.86640625 0.08984375 0.0375
1 0.08203125 0.27578125 0.02421875 0.053125
1 0.34140625 0.8734375 0.02890625 0.028125
0 0.22265625 0.52890625 0.03359375 0.0515625
2 0.25 0.346875 0.13671875 0.2625
0 0.20390625 0.51796875 0.04921875 0.0609375
1 0.08203125 0.69453125 0.02265625 0.03671875
2 0.63203125 0.546875 0.1828125 0.2375
0 0.325 0.82421875 0.0359375 0.05546875