2 0.79140625 0.7390625 0.3140625 0.33359375
2 0.32265625 0.74140625 0.3859375 0.3296875
2 0.32890625 0.32421875 0.3890625 0.4765625
2 0.79140625 0.32578125 0.3109375 0.4671875
0 0.66796875 0.63984375 0.08125 0.1296875
1 0.94765625 0.70546875 0.05078125 0.2578125
0 0.48515625 0.74140625 0.0875 0.14140625
0 0.17109375 0.48125 0.09609375 0.1296875
1 0.94921875 0.43515625 0.05 0.25625
0 0.66953125 0.48203125 0.090625 0.13125
1 0.13515625 0.740625 0.02109375 0.25625
1 0.13515625 0.26484375 0.03671875 0.32109375
0 0.55 0.446875 0.06875 0.13203125
2 0.5765625 0.253125 0.11640625 0.27890625
0 0.56171875 0.9328125 0.090625 0.11796875
2 0.54921875 0.44609375 0.07109375 0.13125
1 0.26796875 0.57265625 0.13359375 0.05546875