2 0.63125 0.2390625 0.1078125 0.15
2 0.63046875 0.1 0.1078125 0.12890625
2 0.13359375 0.70703125 0.1546875 0.23671875
2 0.33671875 0.11328125 0.16875 0.13359375
2 0.61484375 0.6234375 0.15390625 0.22421875
2 0.80625 0.0875 0.06640625 0.1140625
2 0.88984375 0.103125 0.1015625 0.14609375
2 0.13359375 0.52265625 0.15078125 0.134375
2 0.11171875 0.246875 0.10625 0.1390625
2 0.8734375 0.24453125 0.13671875 0.14375
2 0.709375 0.26875 0.04609375 0.09140625
2 0.11328125 0.13671875 0.10625 0.07890625
2 0.11015625 0.42578125 0.0984375 0.05859375
2 0.18828125 0.078125 0.0375 0.07578125
2 0.70390625 0.06796875 0.0375 0.0734375
2 0.18203125 0.4265625 0.05 0.05546875
2 0.34296875 0.2484375 0.1546875 0.13984375
2 0.76875 0.26953125 0.07578125 0.09140625
0 0.715625 0.61484375 0.05859375 0.07421875
2 0.09296875 0.0703125 0.0671875 0.05703125
2 0.14453125 0.0703125 0.03984375 0.053125
0 0.6265625 0.7109375 0.05078125 0.06640625
0 0.1796875 0.46875 0.025 0.03671875
0 0.15546875 0.2 0.02578125 0.0328125
0 0.709375 0.11796875 0.021875 0.034375
0 0.675 0.1234375 0.02734375 0.03203125
1 0.9421875 0.26484375 0.01640625 0.075
0 0.234375 0.33515625 0.0265625 0.03828125
0 0.67578125 0.20546875 0.02421875 0.02890625
1 0.05859375 0.24765625 0.01328125 0.07109375
0 0.09375 0.3796875 0.0265625 0.0390625
0 0.8546875 0.1609375 0.02421875 0.034375
0 0.18828125 0.128125 0.02265625 0.03359375
0 0.18984375 0.3359375 0.0265625 0.0390625
2 0.7171875 0.8125 0.12265625 0.15625
1 0.1484375 0.040625 0.03359375 0.01484375
0 0.746875 0.2140625 0.02265625 0.03203125
0 0.75078125 0.3296875 0.02265625 0.0375
1 0.6453125 0.51015625 0.0828125 0.0265625
0 0.2203125 0.490625 0.03125 0.03359375
0 0.42734375 0.10859375 0.03203125 0.059375
1 0.41875 0.2765625 0.01640625 0.07734375
0 0.15625 0.13671875 0.0265625 0.028125
1 0.1 0.03984375 0.03359375 0.0140625
1 0.6140625 0.8890625 0.0609375 0.021875
1 0.690625 0.546875 0.01796875 0.0546875
1 0.1859375 0.0421875 0.02890625 0.015625
1 0.9421875 0.1015625 0.015625 0.078125
1 0.57734375 0.2390625 0.01484375 0.07109375
1 0.209375 0.55546875 0.0109375 0.04140625
1 0.88359375 0.31484375 0.0546875 0.01796875
0 0.83203125 0.12421875 0.025 0.02890625
1 0.7078125 0.03203125 0.0265625 0.0140625
1 0.5765625 0.10703125 0.01484375 0.06875
1 0.0578125 0.5296875 0.0125 0.1109375
1 0.796875 0.0296875 0.034375 0.015625
0 0.740625 0.27890625 0.02109375 0.028125
1 0.37421875 0.31875 0.07734375 0.02265625
1 0.665625 0.0296875 0.03984375 0.01640625
1 0.878125 0.03046875 0.04296875 0.01875
2 0.6140625 0.78046875 0.08359375 0.08359375
1 0.753125 0.03046875 0.03046875 0.01640625
1 0.05859375 0.12265625 0.0109375 0.046875
1 0.78203125 0.3140625 0.03125 0.01796875
2 0.18671875 0.27578125 0.04609375 0.08203125
1 0.2296875 0.03984375 0.0296875 0.0125
1 0.7109375 0.3140625 0.0296875 0.01328125
1 0.64921875 0.31484375 0.0234375 0.0140625
2 0.60859375 0.85625 0.0859375 0.0703125
0 0.63515625 0.7828125 0.0453125 0.0578125
1 0.29140625 0.03984375 0.0484375 0.01484375
1 0.73359375 0.73671875 0.06875 0.02421875
1 0.41953125 0.14140625 0.0125 0.03984375
1 0.059375 0.08828125 0.01015625 0.028125
0 0.61640625 0.77890625 0.08046875 0.07890625
1 0.0609375 0.7171875 0.015625 0.21953125
1 0.3046875 0.03984375 0.0265625 0.01171875
1 0.14375 0.096875 0.0234375 0.0125