2 0.8109375 0.36875 0.1734375 0.41640625
2 0.61171875 0.3046875 0.2390625 0.2859375
2 0.28984375 0.86484375 0.12578125 0.23515625
2 0.56953125 0.659375 0.1546875 0.1703125
2 0.334375 0.3796875 0.2375 0.42109375
2 0.08671875 0.6703125 0.07578125 0.15546875
2 0.571875 0.51171875 0.15390625 0.13359375
0 0.2640625 0.1359375 0.06171875 0.08671875
0 0.66875 0.66171875 0.06640625 0.0734375
2 0.33359375 0.6984375 0.065625 0.078125
1 0.35546875 0.16796875 0.1375 0.0390625
0 0.68828125 0.415625 0.0640625 0.08046875
0 0.27734375 0.7046875 0.05703125 0.0640625
0 0.75234375 0.50625 0.065625 0.07265625
1 0.1296875 0.16875 0.11484375 0.0359375
0 0.146875 0.6109375 0.0484375 0.06328125
0 0.409375 0.775 0.07109375 0.0875
0 0.4109375 0.9 0.06328125 0.08984375
1 0.61796875 0.165625 0.11796875 0.04296875
0 0.5953125 0.60390625 0.05859375 0.07265625
2 0.13125 0.47265625 0.16796875 0.2328125
0 0.14296875 0.6671875 0.05625 0.05859375
1 0.7046875 0.74921875 0.09375 0.040625
1 0.78359375 0.165625 0.11484375 0.034375
0 0.3734375 0.9359375 0.05859375 0.065625
1 0.5890625 0.74609375 0.05546875 0.03359375
1 0.18359375 0.74765625 0.05390625 0.02890625
0 0.3953125 0.921875 0.08125 0.090625