2 0.609375 0.2328125 0.1765625 0.284375
2 0.38125 0.853125 0.2015625 0.2578125
2 0.11171875 0.13515625 0.1875 0.22734375
2 0.30390625 0.10703125 0.2125 0.16796875
2 0.1484375 0.34921875 0.25859375 0.18671875
2 0.809375 0.16875 0.19765625 0.16328125
2 0.24296875 0.3140625 0.071875 0.12109375
2 0.51015625 0.91328125 0.06171875 0.12890625
2 0.63515625 0.82421875 0.0671875 0.19609375
2 0.24296875 0.2203125 0.07734375 0.06640625
2 0.7359375 0.34921875 0.0921875 0.04609375
0 0.29296875 0.23046875 0.04296875 0.04296875
0 0.57265625 0.8828125 0.03828125 0.04609375
0 0.771875 0.1109375 0.0421875 0.05703125
2 0.47578125 0.6421875 0.38203125 0.17109375
0 0.29609375 0.290625 0.04453125 0.0484375
0 0.21640625 0.1046875 0.04765625 0.046875
0 0.796875 0.2671875 0.0390625 0.05234375
0 0.5890625 0.79765625 0.0421875 0.0484375
0 0.846875 0.27890625 0.0421875 0.04375
0 0.5171875 0.834375 0.034375 0.04296875
0 0.66484375 0.35078125 0.034375 0.04375
2 0.4546875 0.340625 0.0921875 0.1609375
0 0.70390625 0.28828125 0.0390625 0.0453125
0 0.57578125 0.7453125 0.0421875 0.05
0 0.38203125 0.34453125 0.0390625 0.04765625
1 0.10390625 0.44765625 0.115625 0.0296875
0 0.453125 0.4421875 0.04140625 0.05078125
0 0.48984375 0.8203125 0.04453125 0.0484375
0 0.72890625 0.3109375 0.0359375 0.0421875
0 0.334375 0.21015625 0.040625 0.05
0 0.428125 0.35625 0.04453125 0.04921875
0 0.11328125 0.23828125 0.04140625 0.04765625
1 0.9078125 0.16640625 0.021875 0.10078125
1 0.10703125 0.0234375 0.08203125 0.02421875
2 0.38046875 0.215625 0.05625 0.05390625
1 0.4078125 0.1125 0.025 0.10546875
0 0.428125 0.2953125 0.04609375 0.04921875
1 0.325 0.02421875 0.0921875 0.025
1 0.52109375 0.228125 0.02421875 0.10859375
2 0.8828125 0.29140625 0.0484375 0.078125
2 0.50859375 0.7421875 0.06953125 0.05625
0 0.453125 0.34296875 0.09140625 0.14921875
2 0.64765625 0.40859375 0.265625 0.07734375
0 0.7140625 0.3 0.06171875 0.053125