2 0.37890625 0.7625 0.4359375 0.24140625
2 0.50625 0.36328125 0.7046875 0.29375
2 0.47265625 0.58984375 0.24375 0.1796875
0 0.45078125 0.1890625 0.12421875 0.0828125
2 0.25625 0.5703125 0.20859375 0.1359375
0 0.67890625 0.909375 0.1234375 0.0828125
1 0.26484375 0.21484375 0.1625 0.0359375
1 0.63828125 0.21640625 0.26875 0.04375
1 0.39609375 0.8796875 0.2640625 0.03671875
0 0.6375 0.58671875 0.13984375 0.0625
0 0.54375 0.71015625 0.13515625 0.06484375
0 0.396875 0.60390625 0.11875 0.0671875
2 0.71328125 0.6953125 0.24375 0.37421875