2 0.5171875 0.640625 0.36796875 0.15234375
2 0.8234375 0.31015625 0.2828125 0.1859375
2 0.4984375 0.08359375 0.36640625 0.14765625
2 0.17890625 0.21015625 0.27890625 0.39140625
2 0.82265625 0.115625 0.2796875 0.20390625
2 0.8296875 0.703125 0.27421875 0.278125
2 0.1515625 0.81875 0.2296875 0.1171875
2 0.18046875 0.609375 0.27421875 0.084375
2 0.390625 0.1921875 0.1078125 0.06328125
2 0.17421875 0.70390625 0.2671875 0.11171875
0 0.56953125 0.73671875 0.0703125 0.0578125
0 0.1875 0.78046875 0.075 0.06328125
0 0.609375 0.134375 0.075 0.06015625
0 0.4078125 0.8 0.078125 0.06171875
0 0.5859375 0.26328125 0.07109375 0.05390625
0 0.715625 0.253125 0.07734375 0.0484375
0 0.365625 0.42578125 0.0703125 0.059375
0 0.39296875 0.91875 0.07109375 0.04609375
0 0.284375 0.81171875 0.08984375 0.0515625
0 0.23046875 0.671875 0.075 0.0640625
0 0.6609375 0.7484375 0.078125 0.04609375
0 0.3609375 0.30703125 0.065625 0.053125
0 0.446875 0.27265625 0.04609375 0.034375
0 0.2875 0.91171875 0.0828125 0.05
0 0.346875 0.25859375 0.07734375 0.04765625
0 0.7171875 0.1859375 0.08203125 0.04921875
2 0.8265625 0.89921875 0.2828125 0.11875
0 0.5078125 0.27109375 0.04609375 0.034375
0 0.80234375 0.528125 0.10625 0.08046875
2 0.45 0.30859375 0.0609375 0.0453125
0 0.39375 0.3625 0.06875 0.04609375
0 0.46640625 0.196875 0.0765625 0.04375
0 0.66640625 0.63671875 0.0625 0.0421875
0 0.65625 0.271875 0.04765625 0.034375
1 0.04375 0.6140625 0.03359375 0.0484375
1 0.04453125 0.809375 0.03203125 0.07890625
0 0.70546875 0.340625 0.05390625 0.03203125
1 0.96328125 0.11640625 0.04921875 0.14609375
2 0.15234375 0.91640625 0.23515625 0.084375
0 0.665625 0.59140625 0.05859375 0.03828125
1 0.04453125 0.703125 0.03046875 0.08125
1 0.50703125 0.40234375 0.1 0.02265625
0 0.70390625 0.37890625 0.0515625 0.03125
1 0.04296875 0.91328125 0.03203125 0.07734375
0 0.896875 0.52578125 0.1 0.075
1 0.8140625 0.40078125 0.1671875 0.02109375
1 0.96328125 0.73125 0.02890625 0.07421875
1 0.17734375 0.4 0.18359375 0.02578125
0 0.67109375 0.8875 0.06328125 0.040625
1 0.61875 0.5671875 0.11015625 0.0265625
1 0.9640625 0.8859375 0.03046875 0.07578125
1 0.04375 0.10234375 0.0390625 0.13125
1 0.96328125 0.61640625 0.0265625 0.075
2 0.421875 0.74453125 0.11875 0.0609375
1 0.29296875 0.95703125 0.07578125 0.01875
1 0.4140625 0.56484375 0.11328125 0.0234375
1 0.51328125 0.0140625 0.20546875 0.025
1 0.5640625 0.5640625 0.20234375 0.02578125
1 0.4703125 0.5640625 0.1953125 0.0234375
1 0.66484375 0.959375 0.053125 0.01875
0 0.38359375 0.34375 0.075 0.0890625
2 0.55625 0.840625 0.26484375 0.23515625
0 0.715625 0.2203125 0.075 0.1140625