2 0.36015625 0.21171875 0.21796875 0.2609375
2 0.1578125 0.27890625 0.19765625 0.38984375
2 0.5828125 0.2765625 0.2234375 0.38125
2 0.15625 0.61796875 0.1921875 0.26640625
2 0.45 0.6640625 0.0828125 0.18046875
2 0.86484375 0.18046875 0.1109375 0.190625
2 0.29375 0.66328125 0.078125 0.18046875
0 0.41484375 0.0515625 0.06640625 0.0953125
0 0.30859375 0.546875 0.053125 0.08046875
0 0.375 0.62109375 0.06796875 0.10234375
0 0.23125 0.5296875 0.06171875 0.08046875
0 0.28359375 0.3046875 0.0625 0.096875
0 0.22734375 0.3828125 0.06171875 0.08125
0 0.37265625 0.79296875 0.0703125 0.1109375
0 0.4375 0.5453125 0.05703125 0.08359375
0 0.85 0.3078125 0.053125 0.08359375
0 0.8515625 0.43203125 0.06015625 0.09375
2 0.7515625 0.17578125 0.115625 0.178125
0 0.83125 0.23203125 0.05546875 0.075
1 0.58046875 0.08203125 0.17421875 0.03125
0 0.94765625 0.36640625 0.065625 0.0828125
1 0.921875 0.1953125 0.01875 0.11171875
1 0.15234375 0.75078125 0.1109375 0.03203125
1 0.82734375 0.7515625 0.103125 0.03515625
2 0.70078125 0.60546875 0.41640625 0.26875
1 0.1984375 0.08203125 0.10234375 0.02890625
1 0.61875 0.75078125 0.18046875 0.0421875
1 0.3109375 0.08203125 0.1015625 0.03046875
0 0.89921875 0.3671875 0.05078125 0.0734375
1 0.9203125 0.3 0.0171875 0.04765625
1 0.6140625 0.0828125 0.09765625 0.025