2 0.2203125 0.2484375 0.3484375 0.38359375
2 0.18046875 0.7234375 0.2859375 0.271875
2 0.62109375 0.25078125 0.4578125 0.38203125
2 0.2421875 0.5125 0.159375 0.1453125
0 0.1171875 0.3984375 0.06953125 0.10078125
0 0.4015625 0.91015625 0.075 0.13359375
2 0.39765625 0.6515625 0.1453125 0.4296875
0 0.353125 0.490625 0.05859375 0.1078125
0 0.43203125 0.4859375 0.06484375 0.10546875
1 0.840625 0.20703125 0.03828125 0.2796875
1 0.03984375 0.27265625 0.0453125 0.28203125
1 0.040625 0.703125 0.02890625 0.16640625
1 0.040625 0.51015625 0.02890625 0.11328125
0 0.2984375 0.6359375 0.0703125 0.09296875
0 0.83046875 0.378125 0.14375 0.09609375
2 0.10390625 0.51015625 0.1203125 0.13828125
1 0.95 0.24375 0.015625 0.36015625
2 0.90078125 0.25078125 0.1046875 0.3890625