2 0.253125 0.26953125 0.296875 0.20625
2 0.2546875 0.546875 0.28828125 0.190625
2 0.5671875 0.41484375 0.33515625 0.49765625
2 0.80859375 0.28984375 0.1640625 0.2484375
2 0.81171875 0.49296875 0.171875 0.15546875
1 0.1046875 0.290625 0.06015625 0.13203125
0 0.6875 0.35546875 0.11171875 0.08203125
1 0.80234375 0.1609375 0.15859375 0.05234375
0 0.346875 0.340625 0.096875 0.07578125
0 0.77578125 0.590625 0.07265625 0.06328125
1 0.1046875 0.56171875 0.053125 0.1234375
0 0.771875 0.4375 0.078125 0.059375
0 0.34921875 0.48046875 0.08671875 0.07109375
0 0.77734375 0.88203125 0.1046875 0.14921875
2 0.20234375 0.4125 0.2078125 0.0796875
0 0.5609375 0.159375 0.18984375 0.16015625
0 0.8390625 0.61015625 0.05703125 0.0375
0 0.334375 0.40078125 0.08359375 0.05625
1 0.8125 0.4921875 0.165625 0.15546875
1 0.10390625 0.42109375 0.04296875 0.06328125
0 0.5609375 0.1234375 0.16171875 0.0703125
0 0.8109375 0.4875 0.16875 0.15625
2 0.7953125 0.76328125 0.11796875 0.25859375