2 0.83046875 0.2625 0.24453125 0.26171875
2 0.83359375 0.51953125 0.24921875 0.24921875
2 0.6125 0.24765625 0.19453125 0.22578125
2 0.334375 0.26953125 0.325 0.275
2 0.11484375 0.36640625 0.12734375 0.209375
2 0.56015625 0.4171875 0.08671875 0.1125
2 0.3890625 0.52734375 0.20078125 0.2234375
2 0.11328125 0.2 0.12734375 0.1296875
2 0.11484375 0.73359375 0.14140625 0.1828125
1 0.953125 0.4703125 0.028125 0.1453125
1 0.8328125 0.13125 0.1296875 0.0421875
1 0.48671875 0.2734375 0.02421875 0.14921875
1 0.3859375 0.63671875 0.12734375 0.03828125
1 0.35859375 0.1328125 0.15234375 0.0453125
1 0.6515625 0.13125 0.1109375 0.0390625
0 0.23203125 0.1203125 0.071875 0.0734375
1 0.184375 0.7625 0.01875 0.0828125
2 0.2328125 0.4828125 0.1234375 0.1484375