2 0.4546875 0.3 0.171875 0.325
2 0.23515625 0.37109375 0.27578125 0.434375
2 0.63125 0.30234375 0.18515625 0.30546875
2 0.85546875 0.73203125 0.10625 0.2
2 0.80703125 0.359375 0.20390625 0.42734375
2 0.765625 0.690625 0.078125 0.26015625
0 0.5953125 0.778125 0.06328125 0.2359375
0 0.48359375 0.41328125 0.046875 0.10234375
1 0.096875 0.32578125 0.0390625 0.2421875
0 0.7078125 0.6859375 0.0484375 0.08671875
0 0.67265625 0.409375 0.05234375 0.10078125
0 0.75 0.50625 0.06015625 0.10625
0 0.78671875 0.68515625 0.04375 0.078125
1 0.653125 0.1359375 0.09296875 0.05859375
1 0.8015625 0.13515625 0.09609375 0.059375
0 0.08203125 0.47578125 0.09140625 0.1078125
0 0.115625 0.47734375 0.07734375 0.1046875
1 0.475 0.1390625 0.06875 0.05625
1 0.91015625 0.69453125 0.025 0.115625