2 0.8 0.2546875 0.25 0.33515625
2 0.7984375 0.5359375 0.25625 0.2515625
2 0.425 0.53203125 0.31328125 0.2484375
2 0.8 0.7796875 0.2515625 0.25234375
2 0.4765625 0.25546875 0.40625 0.31796875
2 0.60859375 0.89765625 0.06796875 0.16640625
0 0.70234375 0.3625 0.07578125 0.09296875
1 0.9203125 0.5609375 0.03203125 0.19609375
0 0.70234375 0.709375 0.06875 0.08515625
1 0.92109375 0.74765625 0.03046875 0.17890625
1 0.271875 0.21171875 0.02421875 0.24609375
0 0.70078125 0.6046875 0.0734375 0.08984375
1 0.26796875 0.5125 0.028125 0.18515625
2 0.51875 0.76953125 0.115625 0.2203125
0 0.59765625 0.790625 0.06953125 0.07578125
0 0.290625 0.35859375 0.0734375 0.078125
0 0.2484375 0.35546875 0.09296875 0.08515625
2 0.59765625 0.79140625 0.071875 0.078125
1 0.92109375 0.31171875 0.03203125 0.1984375