2 0.29375 0.68359375 0.3046875 0.3390625
2 0.6921875 0.24296875 0.13359375 0.265625
2 0.490625 0.5875 0.0953125 0.146875
2 0.81875 0.6875 0.30078125 0.33125
2 0.58359375 0.24375 0.08046875 0.2640625
2 0.86328125 0.31015625 0.20546875 0.396875
2 0.33984375 0.3109375 0.39765625 0.39921875
0 0.60859375 0.88359375 0.0796875 0.1
0 0.5859375 0.396875 0.05859375 0.07421875
0 0.48046875 0.6875 0.05859375 0.0703125
1 0.971875 0.671875 0.0421875 0.21015625
1 0.1390625 0.66328125 0.04140625 0.21171875
1 0.971875 0.3578125 0.03984375 0.2078125
0 0.65859375 0.39375 0.0578125 0.07734375
0 0.4203125 0.76796875 0.059375 0.09609375
1 0.1390625 0.26796875 0.04140625 0.21484375
0 0.740625 0.44921875 0.06171875 0.08984375
0 0.6859375 0.571875 0.06171875 0.10625
0 0.12109375 0.41328125 0.06796875 0.096875
2 0.5015625 0.77265625 0.11953125 0.2171875