2 0.8421875 0.378125 0.22265625 0.3171875
2 0.8265625 0.66640625 0.27109375 0.25546875
2 0.38515625 0.33515625 0.31796875 0.234375
2 0.58984375 0.296875 0.09609375 0.1546875
0 0.39921875 0.62109375 0.3421875 0.33984375
0 0.59765625 0.790625 0.06796875 0.1734375
2 0.590625 0.4109375 0.10390625 0.0734375
0 0.19921875 0.56328125 0.0796875 0.09921875
2 0.6890625 0.33671875 0.09453125 0.23203125
0 0.66953125 0.47890625 0.05078125 0.0796875
0 0.7296875 0.57890625 0.059375 0.07890625
1 0.95078125 0.65234375 0.02265625 0.1671875
0 0.6578125 0.3390625 0.05546875 0.06796875
0 0.73046875 0.49296875 0.06328125 0.07890625
1 0.95234375 0.42734375 0.02265625 0.1734375
0 0.596875 0.48046875 0.05546875 0.07890625
1 0.225 0.33125 0.02578125 0.078125
0 0.43203125 0.17578125 0.059375 0.0796875
1 0.2234375 0.68203125 0.02109375 0.1453125
0 0.5 0.18203125 0.05546875 0.08984375
1 0.43046875 0.1734375 0.053125 0.07578125
0 0.68671875 0.3328125 0.096875 0.22421875
2 0.59296875 0.4546875 0.0859375 0.1078125
0 0.471875 0.17734375 0.1390625 0.09140625