2 0.71640625 0.73125 0.11328125 0.096875
2 0.31796875 0.29296875 0.12578125 0.15078125
2 0.746875 0.825 0.1171875 0.09765625
2 0.44375 0.28125 0.128125 0.1328125
2 0.728125 0.61640625 0.1390625 0.1375
2 0.1609375 0.29375 0.19296875 0.153125
2 0.8671875 0.6140625 0.14453125 0.1390625
2 0.77109375 0.27109375 0.0875 0.0671875
2 0.13671875 0.4375 0.14921875 0.140625
2 0.3421875 0.4625 0.08125 0.0890625
2 0.4453125 0.4296875 0.12734375 0.159375
2 0.5859375 0.84375 0.15703125 0.06484375
2 0.5828125 0.678125 0.1578125 0.265625
2 0.75859375 0.32109375 0.0609375 0.0375
2 0.73359375 0.153125 0.43828125 0.16875
0 0.278125 0.521875 0.04609375 0.0484375
0 0.234375 0.38828125 0.04296875 0.04765625
0 0.28359375 0.38671875 0.03828125 0.04609375
0 0.7125 0.76328125 0.0359375 0.0328125
0 0.7875 0.84609375 0.0390625 0.03125
2 0.8578125 0.825 0.11328125 0.09765625
0 0.53125 0.8296875 0.04140625 0.03984375
0 0.71484375 0.2640625 0.0421875 0.0359375
0 0.40234375 0.36484375 0.03984375 0.046875
0 0.68828125 0.41484375 0.0453125 0.05234375
1 0.93828125 0.65234375 0.01953125 0.04609375
0 0.18671875 0.3953125 0.04453125 0.040625
1 0.175 0.21796875 0.078125 0.01953125
1 0.9453125 0.1640625 0.02265625 0.06484375
1 0.44296875 0.21484375 0.065625 0.01875
1 0.6109375 0.54453125 0.0703125 0.02265625
0 0.7109375 0.67109375 0.040625 0.0375
1 0.30703125 0.21640625 0.0625 0.01953125
0 0.89140625 0.66640625 0.04140625 0.03671875
1 0.584375 0.0703125 0.0703125 0.02265625
0 0.31171875 0.4265625 0.0359375 0.04296875
2 0.9265625 0.26484375 0.03984375 0.05546875
1 0.83671875 0.54453125 0.04140625 0.01875
1 0.784375 0.06875 0.11484375 0.02265625
1 0.76875 0.54453125 0.04140625 0.01796875
0 0.64140625 0.83203125 0.0390625 0.0359375
2 0.2546875 0.434375 0.09140625 0.1390625
1 0.9375 0.73359375 0.0171875 0.0578125
1 0.3515625 0.50625 0.04609375 0.01953125
2 0.67421875 0.8265625 0.03515625 0.090625
1 0.59140625 0.39453125 0.0609375 0.0140625
1 0.76484375 0.3953125 0.053125 0.0171875
0 0.778125 0.66640625 0.0375 0.03359375
1 0.15703125 0.50625 0.06484375 0.01953125
2 0.8515625 0.72734375 0.171875 0.09921875
1 0.53671875 0.89375 0.04609375 0.04140625