2 0.83359375 0.6328125 0.28125 0.3296875
2 0.8328125 0.25390625 0.2765625 0.4359375
0 0.721875 0.39921875 0.06953125 0.09296875
0 0.721875 0.73828125 0.071875 0.09296875
2 0.61875 0.18671875 0.1203125 0.2953125
2 0.35546875 0.24609375 0.4078125 0.421875
0 0.59609375 0.37265625 0.059375 0.09296875
0 0.63828125 0.93359375 0.0796875 0.128125
2 0.08671875 0.25 0.12109375 0.4234375
0 0.1140625 0.3640625 0.065625 0.090625
1 0.97109375 0.303125 0.02890625 0.2125
1 0.97109375 0.61875 0.03125 0.2140625
1 0.1453125 0.2140625 0.0359375 0.25390625
1 0.83203125 0.79921875 0.046875 0.0265625
2 0.62578125 0.60859375 0.1375 0.56328125