2 0.615625 0.740625 0.2625 0.23046875
2 0.7890625 0.32109375 0.20078125 0.29453125
2 0.0921875 0.74140625 0.11484375 0.234375
2 0.81953125 0.63515625 0.14375 0.17890625
2 0.5875 0.3234375 0.2078125 0.2921875
0 0.21640625 0.14609375 0.05859375 0.08125
0 0.17109375 0.6953125 0.0671875 0.07421875
0 0.190625 0.890625 0.0671875 0.08671875
0 0.64375 0.65234375 0.06484375 0.0890625
0 0.65546875 0.14765625 0.06484375 0.0859375
0 0.77890625 0.6953125 0.05703125 0.07265625
0 0.65625 0.440625 0.0609375 0.08203125
0 0.190625 0.78671875 0.07109375 0.08984375
1 0.1546875 0.17578125 0.07421875 0.02734375
0 0.71953125 0.5859375 0.06328125 0.0734375
1 0.6 0.85625 0.11640625 0.03046875
1 0.109375 0.85703125 0.05390625 0.02578125
1 0.80234375 0.175 0.10859375 0.03046875
0 0.725 0.440625 0.065625 0.08515625
0 0.734375 0.51640625 0.059375 0.06171875
1 0.82734375 0.85703125 0.053125 0.0265625
1 0.56015625 0.17578125 0.1390625 0.025
1 0.309375 0.175 0.1328125 0.02734375
2 0.1515625 0.321875 0.23359375 0.29375
1 0.3484375 0.85625 0.13046875 0.0296875
2 0.35390625 0.5203125 0.17578125 0.67265625
2 0.81640625 0.7875 0.15390625 0.14140625
2 0.19921875 0.7921875 0.1078125 0.09921875
0 0.61328125 0.73515625 0.253125 0.234375
2 0.21953125 0.55 0.09453125 0.159375