2 0.6046875 0.43203125 0.22421875 0.24296875
2 0.371875 0.78828125 0.15234375 0.271875
2 0.21796875 0.78828125 0.1609375 0.271875
2 0.3125 0.48203125 0.365625 0.34375
2 0.63515625 0.80546875 0.1671875 0.24921875
2 0.77265625 0.478125 0.11015625 0.13671875
2 0.67890625 0.61796875 0.078125 0.12109375
2 0.59609375 0.61875 0.08359375 0.121875
2 0.7734375 0.8125 0.11015625 0.225
0 0.3890625 0.309375 0.0578125 0.153125
0 0.57890625 0.76484375 0.0609375 0.071875
0 0.26640625 0.68515625 0.05625 0.07578125
0 0.51875 0.52890625 0.05 0.06796875
0 0.67421875 0.70625 0.04375 0.0609375
0 0.48515625 0.91328125 0.04765625 0.08046875
0 0.7 0.36328125 0.0515625 0.059375
0 0.42265625 0.7390625 0.0625 0.078125
0 0.8515625 0.6515625 0.046875 0.0578125
0 0.80390625 0.7046875 0.03984375 0.05703125
0 0.5375 0.61484375 0.05234375 0.06015625
0 0.803125 0.3890625 0.04140625 0.0640625
1 0.6359375 0.30625 0.10234375 0.02890625
1 0.221875 0.92578125 0.115625 0.0390625
1 0.60625 0.9265625 0.1046875 0.03359375
1 0.3640625 0.9265625 0.1078125 0.03359375
1 0.26875 0.30546875 0.19765625 0.0328125
2 0.771875 0.36015625 0.11484375 0.0953125
1 0.31171875 0.30625 0.10078125 0.0265625
1 0.83046875 0.721875 0.015625 0.07265625
1 0.22578125 0.30546875 0.10546875 0.02421875
0 0.528125 0.57265625 0.0546875 0.15
2 0.49609375 0.76171875 0.1078125 0.2296875
2 0.77421875 0.61484375 0.11171875 0.13828125