2 0.6390625 0.7828125 0.34296875 0.24921875
2 0.18359375 0.19921875 0.28125 0.31640625
2 0.14296875 0.64765625 0.18984375 0.2609375
2 0.89921875 0.21328125 0.178125 0.36015625
2 0.12421875 0.4390625 0.14453125 0.1671875
0 0.30703125 0.90390625 0.0703125 0.1703125
1 0.8125 0.78203125 0.05390625 0.1828125
0 0.26328125 0.821875 0.07265625 0.08203125
1 0.809375 0.51328125 0.059375 0.22265625
0 0.49765625 0.70546875 0.08515625 0.08671875
2 0.57890625 0.34375 0.44609375 0.61015625
0 0.15859375 0.5546875 0.0734375 0.08984375
0 0.26328125 0.62265625 0.0765625 0.08359375
1 0.46015625 0.034375 0.15546875 0.05
0 0.77265625 0.3375 0.0765625 0.07421875
1 0.81328125 0.16171875 0.03515625 0.15625
1 0.2171875 0.034375 0.1390625 0.0515625
0 0.2984375 0.32265625 0.0796875 0.10078125
0 0.8453125 0.33671875 0.09140625 0.078125
2 0.35546875 0.77578125 0.24921875 0.26328125
2 0.13984375 0.84375 0.19765625 0.12578125
2 0.28359375 0.46875 0.15078125 0.22890625