2 0.21953125 0.7875 0.3671875 0.34609375
2 0.14453125 0.38984375 0.21015625 0.19921875
2 0.796875 0.79921875 0.3203125 0.321875
2 0.14765625 0.21796875 0.20859375 0.14609375
2 0.7328125 0.5921875 0.1703125 0.1171875
0 0.57265625 0.14609375 0.115625 0.14140625
0 0.5703125 0.80703125 0.12578125 0.08359375
0 0.32890625 0.6765625 0.1140625 0.075
2 0.88984375 0.5890625 0.13671875 0.1140625
0 0.61015625 0.57109375 0.1203125 0.075
2 0.7421875 0.34453125 0.446875 0.4
0 0.290625 0.56796875 0.125 0.07265625
0 0.68515625 0.68515625 0.1140625 0.065625
2 0.5171875 0.9 0.26015625 0.13125
0 0.18828125 0.31796875 0.103125 0.071875
1 0.40703125 0.14609375 0.24375 0.03984375
0 0.56953125 0.97265625 0.1296875 0.0546875
0 0.86640625 0.671875 0.08671875 0.05859375
1 0.18515625 0.1421875 0.11171875 0.0328125
1 0.78359375 0.14453125 0.31328125 0.04296875
2 0.38203125 0.33984375 0.28125 0.41484375
1 0.78671875 0.9578125 0.2125 0.03203125
1 0.271875 0.9578125 0.1984375 0.03046875
1 0.7109375 0.14296875 0.175 0.0328125
1 0.728125 0.97421875 0.39765625 0.04921875