2 0.359375 0.72421875 0.32109375 0.35234375
2 0.77734375 0.44375 0.2609375 0.228125
2 0.77578125 0.203125 0.24609375 0.259375
2 0.64140625 0.71953125 0.259375 0.3484375
2 0.41953125 0.32265625 0.45546875 0.45546875
2 0.834375 0.7234375 0.146875 0.340625
0 0.68828125 0.88125 0.0609375 0.17109375
0 0.628125 0.14921875 0.06953125 0.10703125
0 0.49296875 0.6078125 0.06484375 0.09453125
1 0.19375 0.234375 0.05625 0.3140625
0 0.7421875 0.60859375 0.07265625 0.10703125
1 0.1953125 0.71796875 0.05546875 0.32890625
0 0.1875 0.46328125 0.11484375 0.09921875
0 0.71015625 0.59453125 0.096875 0.0984375
0 0.21640625 0.4625 0.06171875 0.08671875