2 0.53046875 0.71015625 0.221875 0.2375
2 0.1390625 0.5421875 0.15546875 0.16953125
2 0.2421875 0.25625 0.36875 0.41484375
1 0.2578125 0.05078125 0.228125 0.04609375
2 0.69609375 0.28359375 0.54296875 0.49296875
1 0.31328125 0.46015625 0.0953125 0.0296875
1 0.4234375 0.52578125 0.0328125 0.06875
0 0.1671875 0.71953125 0.05390625 0.04296875
2 0.29609375 0.63984375 0.253125 0.3640625
1 0.21328125 0.5203125 0.0390625 0.07265625
2 0.809375 0.684375 0.328125 0.29453125
2 0.121875 0.725 0.125 0.1875
1 0.7640625 0.05703125 0.28359375 0.034375