2 0.83359375 0.60625 0.2546875 0.3765625
2 0.790625 0.23046875 0.35 0.36875
2 0.3265625 0.234375 0.384375 0.37734375
2 0.57265625 0.5140625 0.27109375 0.18984375
2 0.56484375 0.228125 0.109375 0.36875
0 0.73515625 0.47265625 0.07578125 0.0984375
0 0.65859375 0.378125 0.07109375 0.1046875
0 0.48828125 0.65234375 0.078125 0.128125
0 0.478125 0.38359375 0.0578125 0.0921875
0 0.5859375 0.44921875 0.05546875 0.08828125
1 0.95625 0.23828125 0.03515625 0.2234375
1 0.13828125 0.1796875 0.0375 0.26171875
1 0.95546875 0.6015625 0.03203125 0.24375
0 0.1671875 0.340625 0.08984375 0.08671875
0 0.121875 0.34453125 0.1359375 0.08515625
2 0.1046875 0.34453125 0.0859375 0.0890625