2 0.2125 0.32578125 0.29296875 0.3671875
2 0.64921875 0.3203125 0.37421875 0.35078125
2 0.696875 0.640625 0.275 0.28515625
2 0.4140625 0.271875 0.10859375 0.253125
2 0.30859375 0.57734375 0.1140625 0.125
2 0.21015625 0.65625 0.30546875 0.265625
2 0.49921875 0.73671875 0.1078125 0.103125
0 0.40234375 0.78515625 0.05390625 0.15078125
0 0.8453125 0.44296875 0.08359375 0.0734375
0 0.5796875 0.61796875 0.059375 0.08046875
1 0.83125 0.640625 0.040625 0.18359375
0 0.340625 0.67578125 0.053125 0.07734375
0 0.4296875 0.41875 0.0453125 0.06875
0 0.3390625 0.45 0.0609375 0.07578125
0 0.434375 0.72421875 0.0375 0.05
1 0.07265625 0.65546875 0.03671875 0.16640625
1 0.06328125 0.34453125 0.05078125 0.25546875
0 0.37578125 0.596875 0.03984375 0.05234375
1 0.82734375 0.28046875 0.03671875 0.27265625
2 0.49765625 0.59140625 0.1265625 0.2015625