2 0.5828125 0.57265625 0.4953125 0.2734375
2 0.63984375 0.29765625 0.35390625 0.27890625
2 0.31171875 0.2984375 0.3203125 0.28125
2 0.25 0.721875 0.18359375 0.24296875
2 0.246875 0.51875 0.1921875 0.16328125
0 0.275 0.62265625 0.08359375 0.06328125
1 0.34140625 0.15859375 0.19921875 0.04765625
0 0.24375 0.86796875 0.09296875 0.0734375
1 0.64453125 0.15703125 0.20390625 0.04921875
0 0.37421875 0.65859375 0.09296875 0.05859375
0 0.4140625 0.4140625 0.08359375 0.0671875
0 0.57421875 0.4109375 0.08515625 0.0640625
1 0.8234375 0.5625 0.078125 0.228125