2 0.3390625 0.578125 0.25078125 0.1796875
2 0.7828125 0.740625 0.315625 0.28046875
2 0.2546875 0.7734375 0.421875 0.2203125
2 0.1328125 0.584375 0.18046875 0.08203125
1 0.23984375 0.88671875 0.221875 0.0484375
1 0.72734375 0.23125 0.25390625 0.046875
0 0.671875 0.67578125 0.11015625 0.0625
0 0.56484375 0.19140625 0.11015625 0.07421875
1 0.325 0.23359375 0.34375 0.0421875
1 0.76015625 0.8875 0.21171875 0.04296875
0 0.4125 0.71875 0.11328125 0.06328125
0 0.534375 0.925 0.125 0.08515625
0 0.25078125 0.58828125 0.09765625 0.05078125
0 0.490625 0.5875 0.103125 0.05859375
2 0.77578125 0.4921875 0.30546875 0.20859375
1 0.1296875 0.54609375 0.184375 0.02578125
2 0.53984375 0.8375 0.14609375 0.07734375