2 0.20546875 0.234375 0.296875 0.2734375
2 0.2015625 0.79140625 0.29140625 0.24375
2 0.3203125 0.4640625 0.06953125 0.171875
2 0.68203125 0.1734375 0.11875 0.15859375
2 0.17265625 0.51171875 0.23203125 0.29609375
2 0.80859375 0.2296875 0.1328125 0.27734375
0 0.25859375 0.603125 0.0640625 0.0765625
0 0.32890625 0.32734375 0.0609375 0.07109375
0 0.378125 0.4734375 0.06484375 0.0734375
0 0.71796875 0.33125 0.0609375 0.07265625
0 0.39453125 0.6953125 0.0703125 0.08515625
0 0.6421875 0.32890625 0.05859375 0.0734375
1 0.0578125 0.234375 0.03671875 0.15390625
0 0.76796875 0.2125 0.0609375 0.07109375
0 0.315625 0.68828125 0.05703125 0.06796875
0 0.38984375 0.60078125 0.06484375 0.08203125
1 0.0578125 0.5046875 0.03515625 0.1484375
0 0.79921875 0.490625 0.06953125 0.07734375
1 0.76796875 0.63359375 0.0359375 0.196875
1 0.78203125 0.08984375 0.065625 0.03125
1 0.05859375 0.78359375 0.0296875 0.13828125
0 0.80546875 0.340625 0.05546875 0.0703125
0 0.734375 0.4921875 0.0640625 0.07734375
2 0.4828125 0.3765625 0.25234375 0.57109375
1 0.71015625 0.0875 0.065625 0.03125
1 0.46171875 0.090625 0.1234375 0.03515625