2 0.86875 0.4984375 0.1796875 0.18828125
2 0.19765625 0.33125 0.2 0.24921875
2 0.87265625 0.7578125 0.17734375 0.21953125
2 0.38046875 0.33515625 0.1765625 0.16640625
2 0.0953125 0.5328125 0.146875 0.16484375
2 0.7546875 0.72734375 0.0625 0.0953125
2 0.09453125 0.69609375 0.14375 0.1671875
2 0.3796875 0.69921875 0.178125 0.16015625
2 0.58046875 0.6890625 0.1296875 0.17265625
2 0.38125 0.82265625 0.17265625 0.09296875
2 0.1125 0.825 0.08203125 0.08828125
2 0.4171875 0.58828125 0.10234375 0.0625
2 0.22734375 0.71796875 0.128125 0.121875
2 0.90625 0.61953125 0.103125 0.06171875
0 0.896875 0.66875 0.03515625 0.0453125
0 0.21953125 0.6421875 0.0359375 0.04609375
0 0.05703125 0.8234375 0.04453125 0.04609375
0 0.39453125 0.4 0.03828125 0.04375
0 0.15078125 0.63359375 0.040625 0.04296875
0 0.56796875 0.41640625 0.04765625 0.0484375
0 0.32265625 0.6359375 0.034375 0.05
0 0.27890625 0.821875 0.04453125 0.0453125
0 0.68203125 0.79609375 0.04140625 0.06015625
0 0.1890625 0.46875 0.03828125 0.0484375
0 0.65703125 0.66328125 0.0453125 0.0484375
0 0.709375 0.7046875 0.0390625 0.04609375
0 0.8296875 0.63515625 0.0390625 0.04921875
2 0.41640625 0.4640625 0.10390625 0.09453125
2 0.4140625 0.525 0.10234375 0.059375
0 0.825 0.20859375 0.0421875 0.06484375
1 0.58203125 0.7765625 0.096875 0.03125
0 0.35234375 0.57890625 0.040625 0.04140625
1 0.95703125 0.73203125 0.01953125 0.12734375
0 0.3359375 0.2125 0.0375 0.06015625
1 0.4671875 0.8296875 0.01796875 0.03984375
1 0.95625 0.5078125 0.01875 0.09375
1 0.02265625 0.69609375 0.021875 0.103125
0 0.2234375 0.79765625 0.03671875 0.0546875
1 0.4671875 0.3359375 0.01953125 0.07578125
0 0.35234375 0.52890625 0.03828125 0.040625
1 0.4671875 0.71953125 0.01875 0.08671875
1 0.51328125 0.534375 0.02109375 0.1046875
1 0.9546875 0.3453125 0.02265625 0.096875
1 0.70390625 0.20625 0.16875 0.03203125
1 0.21640625 0.20859375 0.16796875 0.03359375
1 0.46875 0.4828125 0.01484375 0.0375
1 0.0234375 0.53203125 0.0234375 0.0953125
0 0.15 0.58828125 0.04453125 0.04296875
0 0.34453125 0.48828125 0.0359375 0.04609375
1 0.74609375 0.7765625 0.03203125 0.02109375
1 0.42109375 0.25078125 0.06015625 0.021875
1 0.9015625 0.25 0.06953125 0.02578125
2 0.62734375 0.52421875 0.234375 0.15546875
2 0.7078125 0.31796875 0.24921875 0.2109375
2 0.33046875 0.45703125 0.075 0.09609375
2 0.38828125 0.15625 0.1609375 0.178125
1 0.11328125 0.225 0.0359375 0.04375
1 0.3125 0.071875 0.065625 0.04375
1 0.60546875 0.2234375 0.03046875 0.04140625
2 0.87578125 0.3265625 0.15859375 0.153125
2 0.3421875 0.48046875 0.04296875 0.06640625