2 0.7 0.396875 0.30078125 0.2703125
2 0.1328125 0.77265625 0.17109375 0.190625
2 0.7515625 0.78046875 0.41953125 0.19140625
2 0.1359375 0.93671875 0.19765625 0.12578125
2 0.8921875 0.49375 0.13515625 0.184375
2 0.259375 0.47734375 0.4203125 0.45625
2 0.8875 0.6359375 0.15 0.10390625
1 0.690625 0.26015625 0.190625 0.0421875
0 0.765625 0.70625 0.07109375 0.0578125
0 0.2421875 0.790625 0.10078125 0.0578125
0 0.29609375 0.23984375 0.07734375 0.07578125
0 0.82578125 0.3328125 0.0875 0.0515625
1 0.1828125 0.259375 0.1671875 0.04296875
0 0.7671875 0.4859375 0.0765625 0.05703125
0 0.865625 0.5640625 0.065625 0.0546875
0 0.7890625 0.540625 0.08828125 0.059375
1 0.625 0.87421875 0.15234375 0.03984375
0 0.31484375 0.9 0.06484375 0.0609375
0 0.259375 0.94921875 0.0859375 0.05078125
1 0.38046875 0.259375 0.0734375 0.0328125
2 0.9109375 0.33203125 0.1125 0.1359375
2 0.63359375 0.6203125 0.196875 0.1296875
0 0.375 0.9078125 0.0625 0.05859375
1 0.53828125 0.8390625 0.0328125 0.03359375