2 0.1140625 0.46640625 0.153125 0.17421875
2 0.3296875 0.26484375 0.26328125 0.240625
2 0.11875 0.31796875 0.14921875 0.1203125
0 0.1578125 0.40234375 0.071875 0.05546875
0 0.2796875 0.46171875 0.0703125 0.05390625
0 0.80859375 0.15234375 0.0890625 0.14140625
2 0.325 0.51953125 0.265625 0.07265625
0 0.2390625 0.35 0.0890625 0.065625
0 0.7765625 0.8109375 0.08828125 0.0796875
1 0.33828125 0.146875 0.13828125 0.0328125
0 0.2359375 0.10859375 0.08828125 0.0625
0 0.225 0.40859375 0.08203125 0.05703125
2 0.1171875 0.20625 0.15234375 0.109375
2 0.88203125 0.71484375 0.115625 0.11875
1 0.1453125 0.14609375 0.1 0.0328125
1 0.6671875 0.153125 0.18359375 0.03671875
0 0.23359375 0.17890625 0.084375 0.06953125
1 0.6328125 0.77734375 0.14453125 0.0296875
2 0.67890625 0.671875 0.3171875 0.19765625
0 0.825 0.66484375 0.06875 0.04140625
2 0.3828125 0.39453125 0.16328125 0.04921875
2 0.903125 0.603125 0.07421875 0.10546875
2 0.72890625 0.35546875 0.44609375 0.440625