2 0.2296875 0.6125 0.2734375 0.29140625
2 0.6375 0.79609375 0.109375 0.159375
2 0.22890625 0.284375 0.27421875 0.36015625
2 0.52734375 0.77109375 0.1125 0.1171875
2 0.89375 0.3140625 0.12734375 0.43828125
0 0.40703125 0.36484375 0.05 0.04453125
2 0.41328125 0.23046875 0.10234375 0.25859375
1 0.89921875 0.69296875 0.02578125 0.2296875
0 0.61171875 0.7046875 0.05546875 0.03984375
1 0.09375 0.32109375 0.01875 0.22890625
1 0.09296875 0.63046875 0.0265625 0.23359375
0 0.51484375 0.703125 0.05859375 0.04296875
0 0.83046875 0.46875 0.05625 0.10625
0 0.3578125 0.51953125 0.02890625 0.09375
0 0.43046875 0.75625 0.0671875 0.08046875
0 0.35546875 0.4 0.03515625 0.090625
2 0.64375 0.33125 0.3640625 0.440625
2 0.80234375 0.71796875 0.2140625 0.3328125
1 0.82734375 0.26015625 0.01875 0.31328125