2 0.30625 0.6859375 0.42109375 0.234375
2 0.36640625 0.425 0.5421875 0.29453125
2 0.765625 0.425 0.31484375 0.290625
2 0.63359375 0.6875 0.25 0.221875
2 0.83203125 0.6640625 0.171875 0.18671875
2 0.83046875 0.8203125 0.171875 0.12578125
1 0.09609375 0.6625 0.06640625 0.14609375
1 0.09921875 0.46875 0.06796875 0.1640625
0 0.4828125 0.61640625 0.0875 0.0546875
0 0.69921875 0.90859375 0.0890625 0.06953125
0 0.7171875 0.6671875 0.08984375 0.059375
0 0.715625 0.81640625 0.090625 0.06484375
0 0.66953125 0.54921875 0.07890625 0.0609375
1 0.71953125 0.28046875 0.11796875 0.02890625
0 0.57265625 0.55 0.08203125 0.06171875
0 0.8140625 0.28828125 0.08203125 0.09609375