2 0.8265625 0.27421875 0.27421875 0.40703125
2 0.85859375 0.70390625 0.20390625 0.42734375
0 0.65625 0.6890625 0.075 0.10078125
0 0.73203125 0.5484375 0.08125 0.1125
1 0.15078125 0.20859375 0.04453125 0.19453125
0 0.6109375 0.39609375 0.065625 0.1125
2 0.71875 0.83359375 0.0765625 0.1578125
2 0.61171875 0.22578125 0.14453125 0.271875
1 0.9625 0.6625 0.04375 0.23984375
0 0.1984375 0.3625 0.103125 0.14609375
1 0.9609375 0.3171875 0.046875 0.23515625
2 0.34140625 0.2734375 0.3734375 0.40703125
0 0.71796875 0.41875 0.08828125 0.11875
2 0.72109375 0.6859375 0.08828125 0.1515625
0 0.64375 0.82109375 0.07421875 0.11328125
2 0.60546875 0.1234375 0.10703125 0.0796875