2 0.303125 0.41328125 0.48984375 0.234375
2 0.25 0.7171875 0.38671875 0.16875
2 0.69921875 0.41328125 0.31796875 0.225
2 0.7421875 0.665625 0.22578125 0.27421875
2 0.32890625 0.5828125 0.22421875 0.1125
2 0.14140625 0.5828125 0.1578125 0.109375
2 0.3625 0.85546875 0.15390625 0.1078125
0 0.51875 0.82265625 0.08125 0.0578125
0 0.4078125 0.66328125 0.0875 0.04609375
0 0.47265625 0.28203125 0.09140625 0.06171875
0 0.58359375 0.5078125 0.0921875 0.053125
0 0.246875 0.6140625 0.07421875 0.0375
0 0.46640625 0.58828125 0.0765625 0.03671875
0 0.51640625 0.74765625 0.08515625 0.06328125
1 0.85703125 0.25078125 0.04765625 0.10390625
1 0.7140625 0.80078125 0.16015625 0.021875
1 0.69921875 0.303125 0.175 0.0296875
1 0.2078125 0.8 0.15390625 0.02578125
1 0.31640625 0.303125 0.26796875 0.02265625