2 0.60859375 0.62265625 0.1234375 0.2125
2 0.2046875 0.31484375 0.33203125 0.40078125
2 0.16171875 0.74140625 0.246875 0.44453125
2 0.42265625 0.30390625 0.1109375 0.43046875
2 0.4109375 0.62109375 0.24453125 0.1984375
0 0.4796875 0.6890625 0.06875 0.10234375
0 0.53515625 0.6640625 0.05 0.07265625
0 0.51484375 0.48359375 0.05703125 0.07578125
1 0.03828125 0.29765625 0.03984375 0.253125
2 0.65625 0.30078125 0.346875 0.421875
0 0.40234375 0.5390625 0.05078125 0.07265625
1 0.0390625 0.728125 0.0421875 0.25703125
0 0.32421875 0.48125 0.06171875 0.09140625
0 0.2625 0.56953125 0.05859375 0.10078125
1 0.83046875 0.2703125 0.0171875 0.365625