2 0.3328125 0.4640625 0.20234375 0.3546875
2 0.75546875 0.4890625 0.15625 0.4125
2 0.54921875 0.55234375 0.26328125 0.53203125
0 0.76796875 0.83125 0.05703125 0.1734375
0 0.7609375 0.65625 0.053125 0.09296875
0 0.39921875 0.596875 0.059375 0.09609375
1 0.33828125 0.28671875 0.153125 0.05625
0 0.38515625 0.7171875 0.05859375 0.08359375
0 0.6453125 0.2421875 0.053125 0.0921875
1 0.75625 0.284375 0.1359375 0.053125
1 0.234375 0.73515625 0.03125 0.13984375
1 0.54296875 0.2875 0.171875 0.05625
1 0.3 0.73515625 0.13515625 0.1921875
2 0.29921875 0.73359375 0.14375 0.19375