2 0.3203125 0.12421875 0.1203125 0.20390625
2 0.46484375 0.57109375 0.1171875 0.1984375
2 0.575 0.521875 0.10390625 0.103125
2 0.675 0.2953125 0.13203125 0.1421875
2 0.628125 0.11875 0.1203125 0.19375
2 0.43046875 0.2890625 0.11328125 0.153125
2 0.4328125 0.0921875 0.10703125 0.14140625
2 0.28515625 0.40546875 0.040625 0.0828125
2 0.465625 0.846875 0.11171875 0.090625
2 0.575 0.61484375 0.10625 0.0875
2 0.7140625 0.12734375 0.04921875 0.21328125
2 0.5734375 0.7046875 0.1125 0.0875
2 0.53984375 0.0765625 0.053125 0.11875
2 0.5453125 0.20078125 0.04296875 0.071875
0 0.59609375 0.2796875 0.03125 0.040625
0 0.7140625 0.2421875 0.0328125 0.04453125
1 0.259375 0.121875 0.01640625 0.0796875
1 0.62890625 0.0234375 0.06484375 0.025
1 0.32265625 0.0234375 0.0578125 0.0203125
0 0.328125 0.38046875 0.034375 0.046875
0 0.321875 0.46484375 0.0328125 0.04453125
1 0.49765625 0.4703125 0.0484375 0.01796875
0 0.5765625 0.22109375 0.02421875 0.03203125
0 0.5640625 0.753125 0.025 0.03671875
0 0.29140625 0.353125 0.02578125 0.0359375
1 0.484375 0.10390625 0.01640625 0.078125
1 0.40546875 0.753125 0.01171875 0.06171875
1 0.515625 0.12109375 0.01484375 0.05234375
1 0.375 0.4078125 0.0140625 0.05
0 0.5671875 0.3453125 0.02734375 0.03046875
0 0.41171875 0.15078125 0.02578125 0.03671875
1 0.653125 0.3625 0.05078125 0.0171875
1 0.40703125 0.53125 0.01171875 0.06015625
1 0.48515625 0.28671875 0.01171875 0.07421875
1 0.28359375 0.44921875 0.0265625 0.0171875
1 0.62578125 0.534375 0.015625 0.06171875
1 0.740625 0.10390625 0.01640625 0.05625
1 0.62734375 0.715625 0.01328125 0.05546875
1 0.740625 0.28671875 0.01171875 0.05078125
1 0.35546875 0.4484375 0.02578125 0.01328125
1 0.590625 0.3640625 0.03046875 0.01953125
1 0.25859375 0.3046875 0.01328125 0.03203125
1 0.4265625 0.36484375 0.06015625 0.0171875
2 0.54921875 0.15234375 0.03828125 0.03671875
0 0.3609375 0.2890625 0.03125 0.0328125
2 0.47421875 0.7375 0.075 0.13515625
2 0.4234375 0.69609375 0.03359375 0.05078125
1 0.5734375 0.834375 0.009375 0.0375