2 0.184375 0.6765625 0.33125 0.478125
0 0.559375 0.91640625 0.090625 0.1625
2 0.72109375 0.55234375 0.21015625 0.23984375
0 0.3203125 0.8046875 0.09453125 0.08671875
2 0.72421875 0.78515625 0.21015625 0.22421875
2 0.48671875 0.82578125 0.27265625 0.18515625
1 0.17265625 0.4390625 0.20390625 0.0421875
0 0.58203125 0.7859375 0.09609375 0.08671875
1 0.42890625 0.43984375 0.13515625 0.05
0 0.45859375 0.33046875 0.08671875 0.078125
2 0.7390625 0.22265625 0.46953125 0.41875
1 0.503125 0.20390625 0.053125 0.20234375
0 0.54375 0.328125 0.09921875 0.08515625
1 0.72265625 0.78515625 0.20703125 0.2234375
2 0.48359375 0.584375 0.2625 0.29609375
2 0.4296875 0.2234375 0.15625 0.4203125