2 0.4796875 0.31171875 0.2703125 0.28125
2 0.225 0.31171875 0.2640625 0.27890625
2 0.79375 0.7609375 0.20546875 0.27578125
2 0.7546875 0.3546875 0.28828125 0.38203125
2 0.79375 0.5828125 0.20859375 0.07734375
2 0.63125 0.76171875 0.115625 0.17421875
2 0.4640625 0.78671875 0.2171875 0.21953125
0 0.6625 0.1734375 0.071875 0.1109375
0 0.45703125 0.59140625 0.08203125 0.06015625
0 0.265625 0.56953125 0.06953125 0.0703125
0 0.525 0.42265625 0.08359375 0.071875
0 0.65546875 0.69765625 0.05859375 0.05546875
0 0.2703125 0.42265625 0.07734375 0.0703125
2 0.15625 0.4953125 0.12421875 0.09296875
0 0.75390625 0.646875 0.0984375 0.05625
1 0.7828125 0.17109375 0.18046875 0.03359375
1 0.46796875 0.17109375 0.178125 0.03671875
0 0.2390625 0.475 0.06171875 0.0453125
1 0.2453125 0.17109375 0.18125 0.034375
2 0.6328125 0.8671875 0.12265625 0.0546875