2 0.3171875 0.30625 0.2640625 0.2140625
2 0.315625 0.7375 0.2703125 0.2265625
1 0.3328125 0.196875 0.10859375 0.04453125
0 0.42109375 0.31015625 0.07890625 0.06640625
0 0.515625 0.25625 0.07578125 0.0875
0 0.23515625 0.496875 0.07578125 0.0671875
2 0.25078125 0.57421875 0.13359375 0.10703125
2 0.3140625 0.465625 0.2609375 0.11015625
1 0.71640625 0.58203125 0.0515625 0.09921875
0 0.4734375 0.54453125 0.08203125 0.06796875
0 0.4171875 0.6671875 0.07890625 0.06640625
0 0.48046875 0.87734375 0.06796875 0.0671875
1 0.59765625 0.2796875 0.0703125 0.03984375
1 0.32578125 0.8453125 0.10234375 0.040625
2 0.5859375 0.5640625 0.27578125 0.56328125