2 0.196875 0.4984375 0.26484375 0.54765625
2 0.5453125 0.415625 0.1734375 0.36015625
2 0.3890625 0.4171875 0.125 0.35625
2 0.78515625 0.51015625 0.3078125 0.56484375
0 0.5625 0.775 0.08671875 0.21796875
0 0.6921875 0.190625 0.08046875 0.11015625
0 0.5390625 0.634375 0.07421875 0.1
0 0.2921875 0.6578125 0.07265625 0.09921875
2 0.47734375 0.6890625 0.3046875 0.18125
0 0.659375 0.65625 0.08359375 0.10546875
0 0.36171875 0.6390625 0.075 0.09609375
1 0.5546875 0.234375 0.06640625 0.0328125
1 0.3953125 0.234375 0.06640625 0.03046875
1 0.815625 0.23203125 0.16953125 0.03046875
1 0.19765625 0.234375 0.1765625 0.03046875
0 0.39609375 0.66484375 0.12734375 0.1484375