2 0.13046875 0.7453125 0.1796875 0.2703125
2 0.52734375 0.8140625 0.2484375 0.153125
0 0.71875 0.2734375 0.090625 0.21171875
2 0.534375 0.34453125 0.24140625 0.56015625
0 0.31015625 0.5765625 0.0859375 0.1015625
0 0.49609375 0.7046875 0.06640625 0.08359375
0 0.27265625 0.92421875 0.07890625 0.11328125
2 0.79921875 0.5734375 0.29609375 0.6140625
0 0.621875 0.6796875 0.07890625 0.0859375
0 0.24453125 0.74375 0.07265625 0.078125
2 0.3125 0.7515625 0.20859375 0.25859375
1 0.5515625 0.0625 0.1796875 0.05234375
1 0.85 0.27734375 0.17578125 0.04765625
2 0.4453125 0.4796875 0.071875 0.24453125
1 0.23671875 0.06640625 0.33359375 0.06015625
2 0.8046875 0.1625 0.2953125 0.2171875
1 0.22734375 0.3390625 0.3453125 0.51015625
2 0.22734375 0.3421875 0.37109375 0.53046875