2 0.18359375 0.515625 0.28515625 0.27890625
2 0.18046875 0.2296875 0.2796875 0.303125
2 0.44453125 0.54609375 0.08515625 0.18515625
2 0.25234375 0.7484375 0.15234375 0.19296875
0 0.37265625 0.84375 0.0765625 0.215625
2 0.39375 0.1984375 0.14375 0.23125
0 0.1890625 0.70234375 0.06796875 0.09140625
0 0.35703125 0.31171875 0.06171875 0.09453125
1 0.04296875 0.5 0.0375 0.16875
1 0.89453125 0.3046875 0.03828125 0.175
0 0.3875 0.58125 0.05234375 0.07109375
0 0.34921875 0.69375 0.06953125 0.090625
0 0.30234375 0.59453125 0.071875 0.10078125
0 0.296875 0.3234375 0.065625 0.09921875
1 0.0421875 0.28515625 0.0390625 0.17265625
2 0.11796875 0.72265625 0.1203125 0.11640625
1 0.82265625 0.6765625 0.0296875 0.18203125
0 0.85 0.52890625 0.06796875 0.09296875
2 0.65390625 0.46640625 0.3421875 0.76875
1 0.0421875 0.70703125 0.0359375 0.08125
2 0.89921875 0.6625 0.15234375 0.3921875