2 0.81640625 0.30625 0.24765625 0.36640625
2 0.61640625 0.30703125 0.16796875 0.37265625
2 0.82578125 0.740625 0.22265625 0.26328125
2 0.65078125 0.7609375 0.1234375 0.228125
2 0.4578125 0.2125 0.15234375 0.16796875
2 0.54296875 0.78203125 0.096875 0.1828125
1 0.9359375 0.7484375 0.04296875 0.16328125
2 0.45859375 0.39296875 0.1515625 0.19375
1 0.93671875 0.28203125 0.040625 0.15
0 0.42421875 0.90546875 0.07421875 0.1046875
1 0.08359375 0.67421875 0.04453125 0.15390625
1 0.80703125 0.125 0.121875 0.05703125
0 0.58984375 0.09921875 0.06953125 0.08203125
0 0.75 0.66796875 0.0609375 0.1015625
0 0.53046875 0.6640625 0.071875 0.090625
1 0.8046875 0.8703125 0.12578125 0.05390625
0 0.6171875 0.45546875 0.06328125 0.0828125
0 0.41640625 0.26640625 0.05625 0.07265625
2 0.2265625 0.4953125 0.30390625 0.75078125
0 0.73125 0.4546875 0.06875 0.08828125
1 0.21328125 0.875 0.1265625 0.05625
1 0.084375 0.21875 0.040625 0.15390625
0 0.6109375 0.64140625 0.05390625 0.0921875
0 0.55625 0.253125 0.06171875 0.06953125
1 0.64375 0.8734375 0.0875 0.04375
0 0.05859375 0.46640625 0.065625 0.0796875
1 0.1546875 0.1265625 0.115625 0.0421875
1 0.459375 0.125 0.13359375 0.03515625
1 0.2765625 0.12578125 0.1265625 0.04609375
1 0.93359375 0.55 0.04296875 0.08984375
0 0.928125 0.54921875 0.05390625 0.08984375
1 0.0828125 0.29765625 0.0453125 0.27578125
1 0.38203125 0.35234375 0.01953125 0.053125