2 0.3 0.51328125 0.39296875 0.2671875
2 0.7703125 0.2078125 0.31171875 0.36484375
2 0.76875 0.51953125 0.3140625 0.278125
2 0.421875 0.77578125 0.14453125 0.24375
2 0.76796875 0.78671875 0.315625 0.27578125
0 0.53359375 0.9140625 0.08828125 0.17109375
0 0.5859375 0.70625 0.0859375 0.09609375
0 0.51875 0.53359375 0.0890625 0.10234375
0 0.58515625 0.31953125 0.1 0.10234375
1 0.10078125 0.159375 0.05546875 0.26328125
0 0.58828125 0.59609375 0.08359375 0.0875
0 0.5171875 0.8 0.0875 0.09609375
1 0.1 0.48984375 0.04375 0.20703125
2 0.35703125 0.20703125 0.51640625 0.359375
1 0.9234375 0.74609375 0.03671875 0.2015625
0 0.1390625 0.3203125 0.0875 0.08984375
1 0.925 0.53671875 0.03984375 0.215625
0 0.0734375 0.32265625 0.08671875 0.08515625
1 0.921875 0.1984375 0.053125 0.3328125