2 0.39921875 0.23046875 0.246875 0.1671875
2 0.39140625 0.6765625 0.21953125 0.08125
2 0.73125 0.653125 0.16328125 0.1265625
2 0.57265625 0.6765625 0.14921875 0.0796875
1 0.82109375 0.51640625 0.0375 0.0890625
0 0.5578125 0.74765625 0.078125 0.06796875
0 0.68515625 0.27578125 0.07421875 0.05234375
0 0.49296875 0.275 0.07265625 0.04765625
0 0.7265625 0.228125 0.05234375 0.04140625
2 0.73515625 0.1796875 0.16171875 0.06328125
2 0.5203125 0.36328125 0.2640625 0.09453125
0 0.41796875 0.3421875 0.0703125 0.0484375
2 0.396875 0.54140625 0.24375 0.18515625
0 0.234375 0.590625 0.08046875 0.05703125
2 0.7328125 0.51875 0.16875 0.13671875
0 0.784375 0.33984375 0.08046875 0.05
0 0.5671875 0.29296875 0.06484375 0.04921875
1 0.73046875 0.58984375 0.08515625 0.015625
1 0.34921875 0.41484375 0.0453125 0.02109375
1 0.27734375 0.21796875 0.03125 0.1
0 0.5265625 0.68046875 0.07265625 0.05078125
1 0.5890625 0.41640625 0.0453125 0.0203125
0 0.3765625 0.83515625 0.08046875 0.065625
2 0.33828125 0.36484375 0.10390625 0.09453125
1 0.821875 0.246875 0.03515625 0.03515625
1 0.7140625 0.7203125 0.0421875 0.0203125
2 0.73515625 0.3109375 0.16171875 0.20234375
1 0.2765625 0.515625 0.03046875 0.09296875
2 0.15546875 0.59296875 0.2078125 0.2828125
1 0.47421875 0.7203125 0.04453125 0.021875
1 0.33828125 0.36484375 0.09921875 0.09453125
1 0.82421875 0.3421875 0.034375 0.05234375
1 0.52265625 0.58828125 0.02578125 0.090625