2 0.10078125 0.48125 0.165625 0.1875
2 0.63046875 0.5296875 0.3640625 0.27734375
2 0.15703125 0.19921875 0.2859375 0.36953125
2 0.31171875 0.53125 0.28125 0.278125
2 0.0984375 0.6234375 0.16484375 0.09921875
0 0.353125 0.35625 0.08671875 0.0890625
0 0.24140625 0.35703125 0.0828125 0.0890625
0 0.20859375 0.72734375 0.07890625 0.065625
0 0.20625 0.5046875 0.075 0.065625
0 0.3453125 0.70234375 0.0796875 0.0890625
0 0.47890625 0.44609375 0.08671875 0.0765625
0 0.20859375 0.60625 0.071875 0.0609375
1 0.8078125 0.8265625 0.05703125 0.1921875
1 0.80859375 0.5390625 0.05 0.1640625
0 0.8484375 0.3125 0.0984375 0.08359375
1 0.80859375 0.17578125 0.05859375 0.2171875
0 0.23828125 0.859375 0.08828125 0.1015625
1 0.1625 0.01796875 0.1625 0.034375
2 0.41796875 0.596875 0.059375 0.14609375
2 0.1046875 0.746875 0.15703125 0.15078125
2 0.55546875 0.19609375 0.51171875 0.371875
2 0.8921875 0.19921875 0.178125 0.36484375
2 0.54921875 0.82421875 0.5046875 0.303125