2 0.590625 0.7734375 0.1984375 0.34921875
2 0.84921875 0.53203125 0.1984375 0.15390625
2 0.378125 0.77265625 0.2328125 0.34765625
0 0.725 0.52734375 0.08828125 0.08359375
0 0.3546875 0.628125 0.06640625 0.0765625
0 0.721875 0.62734375 0.0671875 0.07265625
2 0.82109375 0.7703125 0.2609375 0.3625
0 0.7296875 0.07265625 0.06875 0.06953125
0 0.58359375 0.62734375 0.06484375 0.07578125
0 0.11640625 0.71640625 0.0953125 0.1484375
1 0.584375 0.94921875 0.0828125 0.02734375
1 0.41171875 0.95 0.084375 0.0296875
1 0.1734375 0.0359375 0.1421875 0.03828125
1 0.51171875 0.0375 0.13984375 0.0296875
1 0.8 0.94765625 0.14140625 0.034375
1 0.828125 0.0390625 0.1359375 0.0296875
2 0.84609375 0.2515625 0.20703125 0.43828125
2 0.86953125 0.42421875 0.14453125 0.07890625
2 0.3984375 0.3171875 0.71953125 0.56953125