2 0.50078125 0.225 0.56875 0.2296875
2 0.60625 0.55859375 0.3640625 0.2046875
2 0.3390625 0.84453125 0.2078125 0.15234375
2 0.5125 0.40859375 0.18046875 0.14453125
2 0.6875 0.390625 0.18828125 0.10859375
0 0.46640625 0.09140625 0.08359375 0.059375
0 0.3875 0.4140625 0.1109375 0.05390625
0 0.45390625 0.50625 0.10546875 0.05390625
0 0.4734375 0.80078125 0.10390625 0.0484375
1 0.3671875 0.11171875 0.1390625 0.0296875
0 0.35234375 0.68046875 0.0953125 0.065625
1 0.61953125 0.65703125 0.21484375 0.0328125
1 0.60390625 0.1109375 0.2078125 0.03046875
0 0.35078125 0.58671875 0.0953125 0.059375
0 0.5671875 0.4140625 0.0953125 0.05234375
0 0.5171875 0.41015625 0.175 0.1375
2 0.31875 0.615625 0.203125 0.09765625
1 0.440625 0.85546875 0.028125 0.053125
2 0.32265625 0.45 0.21953125 0.225