2 0.7015625 0.3078125 0.365625 0.2359375
2 0.76171875 0.6296875 0.246875 0.203125
2 0.5859375 0.4890625 0.12578125 0.13671875
2 0.36875 0.625 0.2375 0.20703125
2 0.17421875 0.46328125 0.0875 0.09296875
2 0.309375 0.315625 0.36953125 0.25625
0 0.20546875 0.18828125 0.07109375 0.115625
0 0.6 0.1890625 0.0734375 0.11953125
1 0.3578125 0.728125 0.140625 0.0296875
0 0.2015625 0.6140625 0.0703125 0.05625
1 0.75234375 0.190625 0.1859375 0.04296875
1 0.36015625 0.19140625 0.18203125 0.0421875
0 0.240625 0.46875 0.065625 0.04453125
0 0.68046875 0.44453125 0.06875 0.05703125
0 0.67890625 0.53203125 0.06953125 0.059375
0 0.20078125 0.68828125 0.07109375 0.06875
1 0.75 0.73125 0.1515625 0.0453125
0 0.57734375 0.53671875 0.05234375 0.0484375
0 0.66875 0.48671875 0.07109375 0.053125
2 0.584375 0.60859375 0.12421875 0.11328125
0 0.1875 0.80078125 0.0734375 0.06015625
1 0.55 0.6625 0.04765625 0.0328125
2 0.1875 0.865625 0.12109375 0.090625
0 0.5828125 0.60703125 0.1234375 0.109375
0 0.58515625 0.49140625 0.11953125 0.1359375