2 0.72265625 0.2 0.33515625 0.37578125
2 0.71640625 0.5421875 0.3296875 0.30390625
2 0.70546875 0.77578125 0.2984375 0.146875
0 0.51796875 0.60234375 0.09375 0.07578125
1 0.203125 0.1265625 0.0390625 0.1890625
1 0.87890625 0.2234375 0.0453125 0.18828125
0 0.5953125 0.2953125 0.10703125 0.08046875
0 0.1515625 0.25 0.10625 0.08515625
1 0.871875 0.5421875 0.0421875 0.1890625
2 0.828125 0.76640625 0.08203125 0.14921875
1 0.87109375 0.765625 0.04296875 0.08828125
2 0.384375 0.2953125 0.35625 0.5484375