2 0.190625 0.65625 0.21796875 0.359375
2 0.62734375 0.31484375 0.32734375 0.3625
2 0.1921875 0.3140625 0.21875 0.33984375
0 0.39765625 0.8328125 0.07109375 0.1859375
2 0.3296875 0.73515625 0.0609375 0.17109375
0 0.275 0.52578125 0.06484375 0.0859375
2 0.38203125 0.475 0.16484375 0.2515625
1 0.0828125 0.3265625 0.0375 0.21171875
1 0.08203125 0.634375 0.040625 0.2375
0 0.79375 0.43125 0.134375 0.08125
0 0.38515625 0.23671875 0.16640625 0.2171875
0 0.3796875 0.73359375 0.05546875 0.07109375
0 0.3703125 0.38203125 0.053125 0.0859375
0 0.31875 0.384375 0.059375 0.07109375
2 0.415625 0.7140625 0.10703125 0.22890625
1 0.79296875 0.2703125 0.03828125 0.26171875
2 0.44375 0.3921875 0.0625 0.08203125
2 0.38515625 0.2390625 0.16796875 0.21875
0 0.334375 0.73203125 0.07265625 0.15234375
0 0.44453125 0.390625 0.06484375 0.08359375