2 0.13515625 0.49453125 0.20234375 0.325
2 0.6109375 0.578125 0.1875 0.15078125
2 0.6078125 0.41953125 0.1796875 0.17265625
2 0.79453125 0.35703125 0.17578125 0.18515625
2 0.45 0.57265625 0.0828125 0.16484375
2 0.921875 0.5015625 0.08359375 0.09609375
2 0.31171875 0.41015625 0.140625 0.2859375
2 0.9234375 0.59921875 0.0859375 0.1046875
0 0.65390625 0.33203125 0.04140625 0.1015625
2 0.92421875 0.40390625 0.08359375 0.10703125
0 0.86796875 0.49765625 0.04609375 0.05234375
2 0.43359375 0.3765625 0.10625 0.221875
0 0.43046875 0.50390625 0.0375 0.05234375
0 0.35859375 0.55625 0.040625 0.0609375
0 0.359375 0.6734375 0.04296875 0.06328125
0 0.203125 0.334375 0.04453125 0.11640625
0 0.75703125 0.4265625 0.0421875 0.05859375
0 0.6640625 0.4765625 0.0421875 0.05078125
0 0.39375 0.59921875 0.046875 0.0515625
0 0.86875 0.6 0.0375 0.0453125
0 0.90390625 0.3734375 0.03984375 0.0515625
1 0.51875 0.59375 0.0125 0.10703125
1 0.84453125 0.65234375 0.0625 0.02265625
1 0.27421875 0.65234375 0.0328125 0.015625
0 0.7359375 0.2984375 0.04375 0.05625
1 0.28359375 0.2640625 0.0703125 0.021875
1 0.24453125 0.29296875 0.01484375 0.04609375
0 0.6703125 0.53359375 0.0421875 0.05
1 0.9 0.65234375 0.034375 0.0171875
1 0.07109375 0.334375 0.06171875 0.0203125
1 0.39296875 0.653125 0.02265625 0.01484375
1 0.0375 0.4046875 0.015625 0.11875
1 0.0375 0.62421875 0.0125 0.0390625
0 0.70546875 0.30078125 0.05234375 0.05390625
1 0.5609375 0.33515625 0.06484375 0.0203125
1 0.9640625 0.49921875 0.01484375 0.0578125
1 0.75546875 0.653125 0.028125 0.015625
2 0.3578125 0.60546875 0.1046875 0.0921875
1 0.96484375 0.3 0.0109375 0.05546875
1 0.43671875 0.2640625 0.04140625 0.0203125
1 0.490625 0.60546875 0.01328125 0.0359375
1 0.48984375 0.38828125 0.01015625 0.040625
2 0.92421875 0.30546875 0.0859375 0.08515625
1 0.48984375 0.33828125 0.0125 0.12109375
1 0.8265625 0.265625 0.065625 0.021875
1 0.7953125 0.26640625 0.14375 0.02421875
1 0.76484375 0.2640625 0.0671875 0.021875
2 0.35703125 0.56640625 0.05703125 0.0859375
2 0.79140625 0.54765625 0.1875 0.19921875