2 0.68125 0.2390625 0.31953125 0.3609375
2 0.3421875 0.30546875 0.35 0.5125
2 0.7203125 0.4921875 0.20859375 0.14609375
0 0.45546875 0.53046875 0.0796875 0.1078125
0 0.58359375 0.47734375 0.0875 0.11328125
0 0.45078125 0.81484375 0.09140625 0.13125
2 0.45703125 0.66875 0.12734375 0.19375
1 0.6671875 0.04453125 0.190625 0.04921875
1 0.3328125 0.04453125 0.19296875 0.0515625
0 0.565625 0.29375 0.09765625 0.11484375
2 0.66640625 0.5140625 0.0453125 0.08359375
2 0.56171875 0.59921875 0.1078125 0.35
2 0.6640625 0.04453125 0.196875 0.0515625
0 0.57421875 0.3640625 0.0890625 0.11796875