2 0.83359375 0.440625 0.1859375 0.39375
2 0.1765625 0.5484375 0.24296875 0.24453125
2 0.36171875 0.50625 0.128125 0.1625
2 0.4640625 0.7578125 0.1296875 0.1875
2 0.47578125 0.50546875 0.1015625 0.16015625
2 0.61171875 0.30703125 0.06953125 0.12578125
2 0.56015625 0.7171875 0.06328125 0.15078125
2 0.55390625 0.50546875 0.05703125 0.15546875
2 0.66796875 0.6890625 0.0875 0.1015625
2 0.553125 0.3046875 0.05390625 0.12734375
2 0.62109375 0.82734375 0.1875 0.159375
2 0.51328125 0.67734375 0.03203125 0.0859375
0 0.3578125 0.78828125 0.040625 0.06015625
0 0.58828125 0.9203125 0.03671875 0.06015625
0 0.47734375 0.60078125 0.0359375 0.05859375
0 0.80625 0.64921875 0.0453125 0.0671875
2 0.678125 0.30625 0.06328125 0.1265625
0 0.3578125 0.87421875 0.0421875 0.06171875
0 0.38671875 0.71640625 0.040625 0.06328125
0 0.59140625 0.52265625 0.03515625 0.04609375
0 0.23671875 0.40703125 0.0390625 0.059375
0 0.40859375 0.60078125 0.03671875 0.05859375
0 0.5125 0.39765625 0.03671875 0.05
0 0.5875 0.33203125 0.03046875 0.04140625
0 0.61171875 0.4484375 0.03359375 0.05078125
2 0.25546875 0.75703125 0.140625 0.1921875
0 0.58828125 0.7890625 0.03203125 0.059375
1 0.78359375 0.2421875 0.09140625 0.0296875
0 0.55546875 0.38203125 0.02421875 0.03984375
1 0.46953125 0.853125 0.06875 0.02734375
0 0.5125 0.625 0.02890625 0.0421875
0 0.61328125 0.71171875 0.03515625 0.05390625
0 0.60625 0.621875 0.02890625 0.04453125
2 0.6640625 0.45 0.0859375 0.109375
1 0.25390625 0.8546875 0.0765625 0.0296875
1 0.7078125 0.4359375 0.0171875 0.08203125
0 0.55625 0.41484375 0.025 0.0390625
1 0.06015625 0.6765625 0.0203125 0.1078125
1 0.12578125 0.90703125 0.07421875 0.028125
1 0.709375 0.53515625 0.01328125 0.05
0 0.6140625 0.57734375 0.028125 0.0390625
1 0.71015625 0.80390625 0.01640625 0.0828125
0 0.6375 0.3328125 0.0296875 0.0421875
1 0.87734375 0.62734375 0.0828125 0.03515625
1 0.74140625 0.26484375 0.01484375 0.05078125
1 0.59296875 0.24609375 0.028125 0.0234375
1 0.70859375 0.61015625 0.0140625 0.04453125
1 0.55390625 0.2453125 0.03125 0.0234375
0 0.61328125 0.390625 0.025 0.0328125
1 0.70703125 0.32734375 0.015625 0.0734375
1 0.4671875 0.42578125 0.0640625 0.025
1 0.69140625 0.90078125 0.0421875 0.021875
1 0.3515625 0.42890625 0.0703125 0.028125
2 0.66796875 0.6 0.08203125 0.06875
1 0.11328125 0.4296875 0.1 0.03359375
1 0.18203125 0.42890625 0.05234375 0.02578125
2 0.853125 0.71328125 0.228125 0.18828125
2 0.12421875 0.78671875 0.12265625 0.240625