2 0.59765625 0.19296875 0.27109375 0.309375
2 0.73203125 0.4859375 0.3546875 0.27109375
2 0.1578125 0.1890625 0.2078125 0.31796875
2 0.3546875 0.19296875 0.19921875 0.3140625
2 0.15703125 0.54453125 0.21328125 0.159375
2 0.69765625 0.7625 0.41015625 0.2953125
2 0.12578125 0.40625 0.1453125 0.128125
0 0.76015625 0.24375 0.09140625 0.11171875
0 0.31328125 0.440625 0.06640625 0.07890625
0 0.51484375 0.3140625 0.06796875 0.0859375
1 0.903125 0.484375 0.04765625 0.1796875
0 0.44453125 0.628125 0.07578125 0.1640625
0 0.215625 0.39296875 0.0671875 0.0765625
1 0.18515625 0.03203125 0.1109375 0.04609375
2 0.321875 0.54765625 0.08828125 0.15859375
1 0.7296875 0.14296875 0.034375 0.13671875
1 0.903125 0.75625 0.04296875 0.21796875
0 0.40703125 0.3109375 0.06640625 0.0890625
1 0.3734375 0.0328125 0.1125 0.04375
0 0.225 0.44296875 0.06171875 0.0765625
2 0.81796875 0.19375 0.17109375 0.32890625