2 0.40859375 0.24140625 0.14375 0.2078125
2 0.5625 0.38203125 0.10859375 0.2421875
2 0.671875 0.68984375 0.11875 0.25234375
2 0.2046875 0.396875 0.28671875 0.4921875
2 0.5625 0.659375 0.10625 0.31015625
2 0.675 0.41171875 0.11875 0.30078125
2 0.8921875 0.35703125 0.13671875 0.19453125
2 0.4453125 0.3984375 0.05 0.1140625
0 0.15859375 0.2171875 0.04375 0.13515625
2 0.76875 0.5609375 0.0765625 0.22421875
0 0.63125 0.596875 0.04140625 0.08046875
2 0.38359375 0.4 0.09140625 0.1140625
0 0.359375 0.48203125 0.04296875 0.08671875
0 0.8109375 0.40859375 0.0515625 0.07734375
1 0.51015625 0.41328125 0.0265625 0.12421875
0 0.7484375 0.65 0.0375 0.06796875
0 0.5984375 0.534375 0.04375 0.0640625
2 0.8015625 0.7421875 0.14296875 0.15234375
0 0.5984375 0.4640625 0.040625 0.07421875
1 0.28125 0.1390625 0.05546875 0.03828125
0 0.415625 0.3671875 0.0359375 0.05078125
1 0.659375 0.815625 0.0828125 0.02890625
0 0.3546875 0.31328125 0.040625 0.06640625
1 0.51015625 0.578125 0.021875 0.14375
1 0.41953125 0.1390625 0.0484375 0.0328125
0 0.75390625 0.3734375 0.03984375 0.13203125
0 0.75234375 0.3328125 0.0390625 0.078125
1 0.1046875 0.21328125 0.0796875 0.040625
0 0.31796875 0.37890625 0.05390625 0.09375
1 0.80625 0.81640625 0.03359375 0.02734375
0 0.76015625 0.409375 0.0375 0.10078125