2 0.54609375 0.2984375 0.30390625 0.3734375
2 0.3765625 0.70703125 0.14296875 0.24140625
2 0.6125 0.57265625 0.16484375 0.16171875
2 0.61171875 0.7375 0.16484375 0.17109375
2 0.3484375 0.37890625 0.08359375 0.2296875
2 0.35 0.18984375 0.08828125 0.1515625
2 0.35 0.54140625 0.0890625 0.09609375
0 0.5453125 0.09140625 0.046875 0.065625
0 0.4734375 0.84921875 0.0515625 0.078125
0 0.54921875 0.5890625 0.0609375 0.06796875
0 0.4734375 0.778125 0.0546875 0.0734375
0 0.371875 0.284375 0.04296875 0.06015625
0 0.40703125 0.46171875 0.05 0.05625
0 0.428125 0.68515625 0.053125 0.06796875
0 0.409375 0.53984375 0.0484375 0.05546875
1 0.37109375 0.82421875 0.103125 0.03203125
1 0.45546875 0.115625 0.0984375 0.02734375
1 0.5796875 0.821875 0.096875 0.02890625
1 0.615625 0.11640625 0.09296875 0.0265625
0 0.3796875 0.7109375 0.1453125 0.234375