2 0.16015625 0.71015625 0.24453125 0.34765625
2 0.2875 0.1640625 0.1921875 0.21171875
2 0.15859375 0.38046875 0.25625 0.32109375
2 0.11484375 0.13984375 0.153125 0.16640625
0 0.12265625 0.2515625 0.0484375 0.0703125
0 0.34921875 0.8796875 0.07265625 0.184375
1 0.8171875 0.171875 0.02578125 0.165625
1 0.03828125 0.64296875 0.0328125 0.16953125
0 0.846875 0.34609375 0.07265625 0.07578125
1 0.8171875 0.47421875 0.02578125 0.17734375
1 0.03828125 0.346875 0.028125 0.16953125
2 0.5984375 0.16796875 0.43671875 0.203125
1 0.315625 0.275 0.0546875 0.025
2 0.4546875 0.09296875 0.140625 0.06015625
2 0.5515625 0.43515625 0.54296875 0.3234375
2 0.33828125 0.740625 0.11796875 0.296875