2 0.25625 0.46328125 0.30625 0.18359375
2 0.4453125 0.74140625 0.17890625 0.2234375
2 0.79765625 0.72890625 0.22578125 0.24453125
2 0.753125 0.5609375 0.1421875 0.1015625
2 0.23671875 0.7046875 0.2703125 0.296875
2 0.80703125 0.1921875 0.20625 0.2234375
2 0.8265625 0.45703125 0.1609375 0.09375
0 0.38203125 0.40703125 0.078125 0.06953125
0 0.7171875 0.2609375 0.07890625 0.07734375
0 0.7140625 0.646875 0.0765625 0.06796875
0 0.38125 0.59140625 0.08359375 0.06796875
0 0.5859375 0.7453125 0.0765625 0.0765625
0 0.57265625 0.8828125 0.0671875 0.0828125
0 0.79140625 0.38828125 0.06484375 0.0609375
0 0.8703125 0.63359375 0.0546875 0.0515625
0 0.07734375 0.290625 0.10546875 0.08046875
2 0.86484375 0.55703125 0.08671875 0.09453125
0 0.65859375 0.575 0.08125 0.059375
1 0.10546875 0.45546875 0.03125 0.10859375
0 0.503125 0.6625 0.0640625 0.0609375
0 0.80078125 0.05234375 0.0828125 0.07578125
1 0.10390625 0.7125 0.0296875 0.10546875
1 0.80078125 0.853125 0.12734375 0.02890625
2 0.8265625 0.3578125 0.1625 0.109375
1 0.6046875 0.08203125 0.140625 0.02890625
1 0.44453125 0.8515625 0.1140625 0.0296875
1 0.3015625 0.08046875 0.23984375 0.03125
2 0.40546875 0.225 0.59375 0.30234375
2 0.5828125 0.49921875 0.32578125 0.2453125
2 0.61328125 0.8140625 0.15546875 0.06953125