2 0.6390625 0.69296875 0.20546875 0.23046875
2 0.86015625 0.70859375 0.23828125 0.1953125
2 0.64140625 0.2765625 0.2015625 0.3125
2 0.8578125 0.27265625 0.2421875 0.296875
2 0.134375 0.890625 0.19296875 0.16875
2 0.8984375 0.48203125 0.16484375 0.13046875
0 0.2734375 0.13046875 0.06484375 0.11328125
2 0.8984375 0.58125 0.16875 0.0734375
2 0.271875 0.2734375 0.44765625 0.29140625
0 0.2734375 0.74765625 0.0875 0.071875
0 0.69921875 0.40390625 0.0734375 0.06640625
0 0.78515625 0.51640625 0.08046875 0.0609375
0 0.7765625 0.103125 0.075 0.06796875
2 0.128125 0.7609375 0.16953125 0.09765625
1 0.86953125 0.80703125 0.14453125 0.03359375
0 0.77734375 0.40546875 0.071875 0.06484375
0 0.70078125 0.6015625 0.07109375 0.06640625
0 0.85078125 0.5234375 0.06640625 0.059375
0 0.2984375 0.4734375 0.075 0.05859375
1 0.16796875 0.125 0.15078125 0.0265625
0 0.26875 0.83125 0.07421875 0.0671875
2 0.4015625 0.45546875 0.1734375 0.1046875
1 0.64296875 0.80703125 0.1421875 0.03046875
0 0.778125 0.6015625 0.06796875 0.06015625
1 0.3828125 0.8078125 0.1234375 0.025
1 0.87265625 0.1234375 0.134375 0.02734375
1 0.38515625 0.1234375 0.15390625 0.03046875
1 0.6578125 0.125 0.1515625 0.028125
0 0.25 0.88125 0.07421875 0.05703125
2 0.121875 0.64453125 0.153125 0.1453125
2 0.39921875 0.65625 0.2 0.3125