2 0.17734375 0.45 0.12109375 0.30546875
2 0.37109375 0.68125 0.125 0.14609375
2 0.48046875 0.5484375 0.09296875 0.17421875
2 0.7421875 0.68203125 0.12734375 0.13671875
2 0.2734375 0.67890625 0.07265625 0.14296875
2 0.621875 0.48828125 0.1234375 0.17421875
2 0.84140625 0.6796875 0.0734375 0.1359375
2 0.14609375 0.896875 0.05390625 0.13671875
2 0.35390625 0.46328125 0.08359375 0.1328125
2 0.1421875 0.64921875 0.04921875 0.08515625
0 0.659375 0.38671875 0.03515625 0.0484375
0 0.29375 0.621875 0.03046875 0.0453125
2 0.77890625 0.46875 0.20234375 0.13125
0 0.45546875 0.4453125 0.0296875 0.040625
0 0.2046875 0.76328125 0.0328125 0.04609375
0 0.81328125 0.6546875 0.03515625 0.04375
0 0.41796875 0.62421875 0.03046875 0.04296875
0 0.76171875 0.62734375 0.0328125 0.04453125
0 0.1734375 0.6640625 0.0296875 0.04296875
2 0.60234375 0.715625 0.0875 0.075
0 0.4546875 0.646875 0.0296875 0.04296875
0 0.41875 0.515625 0.03046875 0.0421875
0 0.4171875 0.3859375 0.0328125 0.04296875
0 0.32265625 0.6234375 0.03046875 0.04296875
0 0.184375 0.8609375 0.03828125 0.04921875
0 0.6375 0.62734375 0.03125 0.0453125
2 0.275 0.4671875 0.08125 0.14140625
0 0.28046875 0.38671875 0.05703125 0.04296875
1 0.284375 0.75078125 0.0515625 0.02421875
2 0.5890625 0.60625 0.06015625 0.14296875
1 0.434375 0.5703125 0.01484375 0.0765625
0 0.60390625 0.66484375 0.03203125 0.03984375
1 0.58046875 0.75078125 0.02578125 0.021875
2 0.13984375 0.72109375 0.0390625 0.05703125
1 0.34765625 0.40078125 0.053125 0.01953125
1 0.753125 0.75 0.1015625 0.0265625
1 0.753125 0.4 0.11171875 0.0296875
1 0.18203125 0.3046875 0.1 0.03125
1 0.60859375 0.39921875 0.07890625 0.02421875
1 0.659375 0.753125 0.025 0.02578125
1 0.2375 0.3359375 0.0234375 0.0640625
1 0.334375 0.75078125 0.046875 0.02265625
1 0.62265625 0.7515625 0.02578125 0.01953125
2 0.40859375 0.46640625 0.05 0.134375
1 0.42421875 0.7453125 0.02734375 0.03046875
1 0.43515625 0.73359375 0.01640625 0.0375
0 0.4125 0.48046875 0.04375 0.1109375