2 0.59765625 0.25078125 0.3109375 0.35859375
2 0.11328125 0.2421875 0.1625 0.34609375
2 0.64921875 0.5765625 0.19609375 0.28515625
2 0.87578125 0.215625 0.11875 0.290625
2 0.2515625 0.19296875 0.11875 0.2703125
2 0.37265625 0.203125 0.13046875 0.2875
2 0.371875 0.5703125 0.12890625 0.29140625
2 0.471875 0.65 0.0734375 0.13125
2 0.1359375 0.50703125 0.08515625 0.1875
2 0.88984375 0.4578125 0.0921875 0.203125
0 0.53046875 0.74453125 0.03984375 0.0890625
0 0.76015625 0.52734375 0.0453125 0.075
0 0.4828125 0.56015625 0.03671875 0.06796875
0 0.4140625 0.4578125 0.04140625 0.07734375
2 0.2453125 0.51875 0.1359375 0.3734375
0 0.528125 0.61953125 0.0421875 0.07890625
0 0.953125 0.19140625 0.04609375 0.07265625
0 0.08203125 0.5328125 0.03515625 0.06796875
0 0.8328125 0.121875 0.04140625 0.0671875
0 0.0828125 0.63984375 0.03828125 0.06484375
0 0.89453125 0.5296875 0.0390625 0.07109375
0 0.19140625 0.66171875 0.046875 0.065625
0 0.16328125 0.35859375 0.04453125 0.07421875
0 0.20234375 0.73828125 0.0375 0.08203125
0 0.9515625 0.6015625 0.04453125 0.07421875
1 0.3859375 0.715625 0.078125 0.0390625
0 0.80234375 0.315625 0.046875 0.07890625
1 0.36875 0.0625 0.0765625 0.03359375
0 0.4140625 0.30859375 0.03828125 0.0734375
1 0.82421875 0.7203125 0.08359375 0.0421875
1 0.26015625 0.06171875 0.07734375 0.03203125
1 0.6671875 0.71953125 0.09921875 0.03984375
0 0.21328125 0.28828125 0.03828125 0.07734375
1 0.03359375 0.25234375 0.0234375 0.1484375
2 0.78125 0.1484375 0.07265625 0.165625
2 0.05 0.63984375 0.03671875 0.12890625
2 0.8390625 0.6234375 0.1953125 0.16328125
1 0.03359375 0.4828125 0.01953125 0.09921875
1 0.93515625 0.47890625 0.0203125 0.1125
1 0.13671875 0.70703125 0.06328125 0.04140625
1 0.03046875 0.6421875 0.0171875 0.07578125
0 0.86484375 0.4 0.0375 0.07734375
1 0.04765625 0.64140625 0.040625 0.1265625
2 0.0625 0.49765625 0.0640625 0.15859375
1 0.2640625 0.7125 0.08203125 0.0421875