2 0.84765625 0.60625 0.1640625 0.2828125
2 0.78984375 0.28125 0.23984375 0.353125
2 0.6171875 0.209375 0.11328125 0.2140625
0 0.6171875 0.3453125 0.05234375 0.07265625
0 0.81640625 0.77734375 0.0578125 0.075
0 0.3453125 0.28671875 0.4328125 0.36015625
0 0.725 0.4984375 0.05625 0.07734375
1 0.76328125 0.09609375 0.15078125 0.046875
2 0.10625 0.53984375 0.0703125 0.071875
2 0.15234375 0.5359375 0.06875 0.071875
0 0.36875 0.68828125 0.44921875 0.409375
1 0.61953125 0.46640625 0.0890625 0.02109375
0 0.071875 0.6984375 0.140625 0.45859375