2 0.60078125 0.31875 0.16953125 0.25625
2 0.75625 0.36484375 0.14609375 0.34921875
2 0.565625 0.575 0.1 0.25390625
2 0.253125 0.2828125 0.1671875 0.31796875
2 0.7546875 0.61953125 0.14921875 0.171875
2 0.22265625 0.5359375 0.10234375 0.2015625
2 0.2234375 0.696875 0.1015625 0.12578125
2 0.27578125 0.8203125 0.0640625 0.1296875
2 0.44453125 0.59453125 0.07421875 0.13046875
0 0.38984375 0.56875 0.05859375 0.07734375
0 0.371875 0.7921875 0.06171875 0.08515625
0 0.65390625 0.41796875 0.053125 0.0703125
0 0.290625 0.4796875 0.059375 0.075
2 0.40859375 0.325 0.13671875 0.4078125
0 0.34140625 0.09609375 0.0640625 0.0921875
0 0.2484375 0.6125 0.04609375 0.059375
0 0.634375 0.48984375 0.04921875 0.06484375
0 0.70625 0.49296875 0.053125 0.0703125
0 0.75625 0.5125 0.0515625 0.06875
1 0.71875 0.1828125 0.0671875 0.0296875
1 0.40546875 0.125 0.0734375 0.02890625
0 0.3234375 0.83515625 0.04765625 0.05703125
1 0.25234375 0.125 0.1109375 0.028125
1 0.64765625 0.1828125 0.06328125 0.02734375
1 0.20625 0.759375 0.065625 0.01875
1 0.2890625 0.125 0.03515625 0.02734375
1 0.3265625 0.76015625 0.03046875 0.0234375
0 0.284375 0.82421875 0.08125 0.1125