2 0.8796875 0.653125 0.21875 0.20234375
2 0.809375 0.16875 0.36171875 0.2890625
2 0.5296875 0.153125 0.20234375 0.259375
2 0.878125 0.4359375 0.22265625 0.24453125
2 0.078125 0.32890625 0.1546875 0.640625
2 0.80625 0.828125 0.07578125 0.16796875
0 0.7203125 0.91171875 0.07109375 0.175
0 0.7453125 0.7953125 0.075 0.09296875
2 0.91171875 0.825 0.13984375 0.1671875
0 0.7171875 0.27578125 0.06953125 0.09140625
0 0.79453125 0.36171875 0.065625 0.0828125
0 0.74765625 0.671875 0.08515625 0.1
1 0.1625 0.15234375 0.0390625 0.16171875
1 0.984375 0.18671875 0.03125 0.21171875
1 0.1625 0.46171875 0.03671875 0.2046875
1 0.984375 0.434375 0.03125 0.209375
1 0.9875 0.8109375 0.025 0.1046875
0 0.87265625 0.71484375 0.0609375 0.08984375
0 0.13203125 0.31171875 0.075 0.078125
0 0.18046875 0.309375 0.09140625 0.06875
2 0.29921875 0.31796875 0.2609375 0.61484375
2 0.528125 0.4578125 0.20078125 0.35234375
2 0.70078125 0.61328125 0.14453125 0.6109375