2 0.31171875 0.42421875 0.1734375 0.13046875
2 0.7171875 0.328125 0.16328125 0.19921875
2 0.3140625 0.29453125 0.17109375 0.1296875
2 0.3109375 0.609375 0.171875 0.1328125
2 0.7484375 0.74375 0.09921875 0.13359375
2 0.7140625 0.621875 0.16484375 0.1125
2 0.515625 0.56328125 0.240625 0.225
2 0.7140625 0.53359375 0.1625 0.07265625
2 0.68203125 0.459375 0.09765625 0.0734375
2 0.35546875 0.5171875 0.08515625 0.05859375
1 0.52890625 0.23359375 0.1296875 0.025
0 0.38046875 0.56484375 0.046875 0.0375
2 0.7625 0.4609375 0.0671875 0.07421875
0 0.6484375 0.6265625 0.05078125 0.0390625
0 0.71484375 0.58046875 0.03359375 0.03203125
0 0.3828125 0.31328125 0.05 0.0390625
1 0.22734375 0.43359375 0.028125 0.08828125
0 0.4234375 0.68984375 0.03984375 0.04140625
2 0.5171875 0.3390625 0.2390625 0.21953125
0 0.29375 0.5578125 0.03203125 0.0328125
0 0.38203125 0.44296875 0.0484375 0.034375
0 0.43984375 0.21640625 0.046875 0.04609375
0 0.6796875 0.73828125 0.05078125 0.04296875
0 0.6734375 0.68828125 0.0421875 0.04765625
0 0.65 0.37734375 0.04609375 0.0359375
1 0.71171875 0.23359375 0.0984375 0.02265625
1 0.32578125 0.2328125 0.10078125 0.0234375
0 0.70234375 0.5078125 0.034375 0.03203125
0 0.409375 0.5109375 0.03828125 0.03203125
0 0.7671875 0.4140625 0.03046875 0.0296875
1 0.32109375 0.675 0.10546875 0.0203125
1 0.6671875 0.81328125 0.0671875 0.01875
2 0.27265625 0.515625 0.090625 0.06328125
2 0.61015625 0.421875 0.046875 0.05078125
1 0.46328125 0.79609375 0.13984375 0.0390625