2 0.20859375 0.234375 0.340625 0.3359375
2 0.16171875 0.515625 0.2484375 0.22734375
2 0.60546875 0.2484375 0.45390625 0.35078125
2 0.65625 0.53359375 0.3578125 0.2421875
2 0.3328125 0.47265625 0.09609375 0.14140625
2 0.2171875 0.71015625 0.16015625 0.159375
0 0.43046875 0.79375 0.078125 0.2046875
2 0.08671875 0.7046875 0.10078125 0.1671875
0 0.34921875 0.57734375 0.06328125 0.0890625
0 0.26796875 0.5859375 0.0703125 0.07578125
0 0.35234375 0.34921875 0.08203125 0.0859375
0 0.459375 0.5296875 0.07578125 0.0859375
0 0.8578125 0.36171875 0.08671875 0.07734375
1 0.8328125 0.20859375 0.040625 0.26875
0 0.31875 0.67421875 0.0671875 0.07890625
0 0.0765625 0.59453125 0.06171875 0.07890625
1 0.83046875 0.52890625 0.025 0.23359375
1 0.03828125 0.7015625 0.02734375 0.1546875
1 0.03984375 0.5109375 0.03515625 0.21640625
1 0.03984375 0.2390625 0.05 0.33828125