2 0.37109375 0.6609375 0.203125 0.25859375
0 0.6796875 0.7890625 0.07421875 0.19375
0 0.50078125 0.1890625 0.07109375 0.11953125
0 0.4203125 0.5703125 0.0671875 0.09609375
1 0.26328125 0.39765625 0.040625 0.1390625
2 0.50390625 0.71953125 0.0875 0.12109375
1 0.26328125 0.67109375 0.03671875 0.1328125
1 0.4109375 0.2265625 0.13828125 0.05234375
0 0.66015625 0.6609375 0.0671875 0.0828125
1 0.57578125 0.228125 0.0953125 0.053125
2 0.56796875 0.6109375 0.146875 0.15078125
1 0.6734375 0.228125 0.04765625 0.04375
0 0.56796875 0.72890625 0.0640625 0.075
2 0.50390625 0.38515625 0.48046875 0.28671875
2 0.71796875 0.590625 0.04921875 0.12578125