2 0.70859375 0.72109375 0.29765625 0.31328125
2 0.296875 0.60859375 0.27265625 0.2171875
0 0.49375 0.2625 0.12109375 0.1484375
0 0.48828125 0.90703125 0.11484375 0.09140625
0 0.46484375 0.63515625 0.12109375 0.078125
0 0.49453125 0.771875 0.121875 0.08046875
1 0.32265625 0.25 0.14296875 0.03515625
0 0.61171875 0.65703125 0.1265625 0.0765625
1 0.68125 0.24765625 0.259375 0.04453125
0 0.29765625 0.70390625 0.09296875 0.06640625
1 0.69921875 0.87421875 0.2109375 0.0390625
2 0.4578125 0.8375 0.221875 0.0609375
1 0.30390625 0.87734375 0.09765625 0.03203125
2 0.5109375 0.375 0.69296875 0.24609375