2 0.61953125 0.178125 0.16640625 0.2921875
2 0.82578125 0.51484375 0.2453125 0.23671875
2 0.384375 0.17890625 0.30625 0.28203125
2 0.7859375 0.21953125 0.1703125 0.3671875
2 0.1140625 0.15234375 0.1546875 0.22265625
2 0.91015625 0.30078125 0.0734375 0.2015625
2 0.4125 0.5578125 0.08203125 0.14296875
2 0.9109375 0.1234375 0.075 0.16328125
2 0.17734375 0.54375 0.10390625 0.17421875
1 0.615625 0.03046875 0.109375 0.059375
2 0.23046875 0.3671875 0.2140625 0.18359375
2 0.2984375 0.54609375 0.1421875 0.17265625
0 0.325 0.36328125 0.04453125 0.0578125
2 0.2171875 0.15234375 0.0515625 0.22265625
0 0.24140625 0.49609375 0.04375 0.0625
0 0.39453125 0.46484375 0.0375 0.0640625
0 0.51484375 0.65390625 0.03984375 0.075
1 0.46875 0.0328125 0.10625 0.04921875
1 0.64921875 0.946875 0.1796875 0.040625
0 0.371875 0.29375 0.03828125 0.0640625
0 0.6875 0.35625 0.0453125 0.0625
0 0.25546875 0.23046875 0.0453125 0.05859375
0 0.85859375 0.3578125 0.05 0.065625
1 0.78046875 0.03125 0.1421875 0.06015625
0 0.62421875 0.29140625 0.04140625 0.06796875
0 0.071875 0.29296875 0.04375 0.0765625
0 0.28046875 0.4390625 0.0390625 0.06484375
1 0.30078125 0.03203125 0.10078125 0.0421875
1 0.55 0.8453125 0.02265625 0.175
0 0.11015625 0.3546875 0.05234375 0.065625
2 0.53046875 0.4765625 0.340625 0.3046875
1 0.840625 0.9515625 0.09765625 0.03984375
0 0.8625 0.08046875 0.04140625 0.05390625
1 0.26875 0.63046875 0.04296875 0.040625
1 0.7015625 0.51015625 0.02265625 0.121875
1 0.3390625 0.6328125 0.03828125 0.03828125
2 0.7484375 0.78984375 0.409375 0.32109375
1 0.20234375 0.63203125 0.03984375 0.040625
1 0.4046875 0.63203125 0.0515625 0.0390625
1 0.89453125 0.03984375 0.03125 0.03203125
1 0.03828125 0.35 0.02421875 0.17265625
0 0.91015625 0.303125 0.07421875 0.20390625
0 0.296875 0.54609375 0.1421875 0.1703125