2 0.21015625 0.53515625 0.21171875 0.24453125
2 0.61328125 0.3109375 0.17265625 0.27265625
2 0.7921875 0.2609375 0.19375 0.16953125
2 0.61015625 0.5484375 0.17109375 0.21484375
2 0.42265625 0.846875 0.1 0.1859375
2 0.29140625 0.29453125 0.36328125 0.23671875
2 0.740625 0.5953125 0.09375 0.1203125
2 0.4203125 0.61171875 0.09921875 0.0828125
0 0.3078125 0.18125 0.05546875 0.10234375
0 0.72890625 0.17890625 0.05390625 0.10390625
2 0.834375 0.58984375 0.09375 0.1328125
0 0.33671875 0.67734375 0.05390625 0.059375
0 0.28984375 0.525 0.06328125 0.05546875
0 0.35234375 0.8453125 0.0640625 0.06015625
0 0.3359375 0.590625 0.0453125 0.053125
1 0.22265625 0.1796875 0.10859375 0.03203125
0 0.77421875 0.49765625 0.0484375 0.03984375
1 0.8046875 0.17890625 0.10234375 0.03046875
1 0.640625 0.1765625 0.10390625 0.03125
2 0.20625 0.79921875 0.209375 0.29453125
1 0.3875 0.178125 0.096875 0.03046875
1 0.21875 0.65546875 0.11484375 0.03671875
0 0.7703125 0.3734375 0.0546875 0.05078125
0 0.67421875 0.38046875 0.06171875 0.05625
0 0.40390625 0.55859375 0.0484375 0.0453125
0 0.80234375 0.56640625 0.04453125 0.0421875
1 0.8125 0.65703125 0.04765625 0.025
0 0.675 0.475 0.05546875 0.05
0 0.728125 0.32265625 0.05390625 0.05546875
1 0.75078125 0.65703125 0.05390625 0.0265625
1 0.6390625 0.65546875 0.1078125 0.03046875