2 0.303125 0.421875 0.21171875 0.2609375
2 0.3875 0.73515625 0.1046875 0.16015625
2 0.55390625 0.73359375 0.23515625 0.159375
0 0.57109375 0.23671875 0.09296875 0.14609375
1 0.7 0.28125 0.171875 0.071875
0 0.5234375 0.61484375 0.06875 0.096875
1 0.79296875 0.44453125 0.03203125 0.17578125
1 0.2828125 0.27734375 0.13125 0.04921875
0 0.64765625 0.69453125 0.06171875 0.07578125
0 0.2796875 0.76953125 0.08046875 0.1203125
0 0.31171875 0.73203125 0.071875 0.0734375
2 0.68515625 0.475 0.21328125 0.36484375
1 0.79453125 0.60390625 0.04140625 0.09375
2 0.49453125 0.42734375 0.178125 0.26015625
1 0.8 0.171875 0.0234375 0.17578125
2 0.728125 0.7359375 0.11953125 0.16484375