2 0.56015625 0.2890625 0.1546875 0.259375
2 0.38046875 0.290625 0.21328125 0.25234375
2 0.56015625 0.71328125 0.1546875 0.228125
2 0.35 0.59921875 0.15078125 0.20546875
2 0.58359375 0.465625 0.0984375 0.09453125
2 0.584375 0.5546875 0.10234375 0.0890625
2 0.39375 0.45859375 0.0609375 0.08203125
0 0.44453125 0.14140625 0.05234375 0.06953125
0 0.44765625 0.62578125 0.05078125 0.0640625
0 0.40390625 0.52421875 0.04921875 0.05078125
0 0.55546875 0.49140625 0.0453125 0.05390625
0 0.509375 0.39609375 0.05234375 0.06171875
0 0.50703125 0.62578125 0.05234375 0.05390625
2 0.31796875 0.45703125 0.08828125 0.078125
0 0.45 0.728125 0.05234375 0.07109375
1 0.35625 0.7015625 0.1109375 0.0328125
0 0.44140625 0.4734375 0.04921875 0.05078125
0 0.340625 0.51796875 0.04453125 0.0515625
0 0.515625 0.48828125 0.04375 0.04921875
1 0.36875 0.1625 0.11328125 0.02890625
1 0.5546875 0.83125 0.10546875 0.02890625
1 0.5515625 0.16328125 0.1015625 0.0265625
0 0.39375 0.46015625 0.06484375 0.08203125
0 0.4796875 0.62421875 0.11328125 0.06171875