2 0.48046875 0.45 0.1171875 0.31796875
2 0.87734375 0.78125 0.1 0.20390625
2 0.7234375 0.79921875 0.10546875 0.2375
2 0.35078125 0.40234375 0.146875 0.30234375
2 0.23671875 0.42421875 0.08984375 0.265625
2 0.7984375 0.4046875 0.25703125 0.33828125
2 0.48046875 0.67109375 0.11484375 0.13203125
0 0.8453125 0.3015625 0.040625 0.134375
2 0.90234375 0.63046875 0.0546875 0.0984375
0 0.3984375 0.24921875 0.03984375 0.1390625
0 0.45859375 0.25703125 0.04765625 0.0953125
2 0.31484375 0.70859375 0.0734375 0.06953125
2 0.85078125 0.63203125 0.0484375 0.0984375
0 0.29453125 0.34609375 0.04140625 0.0734375
0 0.4046875 0.70234375 0.034375 0.07421875
0 0.80859375 0.91484375 0.0359375 0.06875
2 0.4984375 0.80859375 0.08203125 0.15
0 0.8140625 0.640625 0.03671875 0.065625
0 0.37109375 0.6484375 0.0328125 0.0671875
0 0.7640625 0.75390625 0.0375 0.06484375
0 0.4078125 0.6359375 0.03515625 0.0640625
1 0.62734375 0.29609375 0.0734375 0.034375
0 0.88828125 0.70625 0.03125 0.0640625
0 0.36484375 0.71484375 0.03515625 0.0609375
0 0.80625 0.846875 0.03984375 0.06875
0 0.83984375 0.7359375 0.03359375 0.06015625
0 0.43515625 0.5703125 0.04140625 0.0609375
1 0.89140625 0.29765625 0.05078125 0.03125
1 0.334375 0.2484375 0.08203125 0.034375
0 0.446875 0.7875 0.0328125 0.05546875
1 0.23203125 0.29609375 0.06875 0.0328125
1 0.5046875 0.29609375 0.0578125 0.034375
1 0.753125 0.25 0.11796875 0.03359375
2 0.33203125 0.80859375 0.11015625 0.14921875
1 0.87109375 0.8828125 0.075 0.0234375
1 0.725 0.91640625 0.071875 0.02578125
2 0.628125 0.42421875 0.08203125 0.26328125