2 0.715625 0.509375 0.215625 0.3703125
2 0.484375 0.78125 0.20703125 0.16796875
0 0.3734375 0.32265625 0.05546875 0.13046875
1 0.21171875 0.3265625 0.12265625 0.06328125
0 0.2203125 0.8578125 0.05859375 0.13515625
1 0.7109375 0.3265625 0.1265625 0.05234375
1 0.5421875 0.32734375 0.1296875 0.05
0 0.5703125 0.7453125 0.0546875 0.06328125
0 0.36328125 0.7640625 0.05859375 0.0703125
0 0.74765625 0.67109375 0.046875 0.0671875
2 0.6421875 0.78125 0.11171875 0.1703125
2 0.36953125 0.509375 0.47421875 0.36171875
1 0.3296875 0.32578125 0.0328125 0.040625
2 0.7609375 0.7796875 0.1296875 0.178125
2 0.259375 0.78046875 0.24609375 0.1765625