2 0.6796875 0.5421875 0.284375 0.20859375
2 0.20390625 0.53828125 0.321875 0.21953125
2 0.68984375 0.25 0.259375 0.26875
2 0.30234375 0.38203125 0.20078125 0.12890625
2 0.2921875 0.21328125 0.496875 0.203125
2 0.690625 0.4125 0.2578125 0.0640625
2 0.746875 0.8515625 0.13359375 0.1859375
0 0.5234375 0.1125 0.0890625 0.08984375
2 0.1265625 0.36875 0.15234375 0.10390625
0 0.484375 0.565625 0.0984375 0.0578125
0 0.47421875 0.6671875 0.0953125 0.05390625
0 0.4296875 0.3734375 0.10546875 0.05390625
0 0.6375 0.846875 0.11015625 0.0578125
0 0.6 0.35625 0.09609375 0.0484375
0 0.5703125 0.4703125 0.103125 0.05078125
0 0.534375 0.4171875 0.0828125 0.04453125
0 0.32421875 0.47109375 0.09921875 0.05234375
0 0.23203125 0.3421875 0.08984375 0.04765625
1 0.80703125 0.70703125 0.06796875 0.1140625
1 0.371875 0.11328125 0.20234375 0.01953125
1 0.21328125 0.646875 0.1921875 0.02265625
1 0.6890625 0.11328125 0.14296875 0.02265625
1 0.615625 0.646875 0.165625 0.02265625