2 0.56796875 0.56796875 0.13671875 0.3765625
2 0.33203125 0.51484375 0.246875 0.46796875
2 0.5703125 0.26796875 0.1390625 0.234375
2 0.08984375 0.4421875 0.13984375 0.21875
2 0.06171875 0.64375 0.09609375 0.19609375
2 0.68046875 0.61796875 0.1109375 0.27734375
2 0.71796875 0.1640625 0.05078125 0.2359375
2 0.66640625 0.21328125 0.0546875 0.1328125
0 0.18359375 0.7734375 0.0375 0.08828125
0 0.76875 0.7828125 0.0359375 0.08828125
0 0.06796875 0.5171875 0.03984375 0.078125
0 0.72265625 0.30703125 0.03828125 0.084375
0 0.625 0.42734375 0.0390625 0.07421875
0 0.1828125 0.5796875 0.0375 0.084375
0 0.66484375 0.5125 0.03671875 0.08203125
1 0.5015625 0.56953125 0.028125 0.18203125
0 0.65859375 0.3078125 0.03671875 0.078125
2 0.18125 0.490625 0.0484375 0.11796875
0 0.12578125 0.58046875 0.0359375 0.08515625
1 0.5015625 0.2765625 0.0203125 0.121875
1 0.94140625 0.221875 0.025 0.2703125
1 0.9421875 0.609375 0.0265625 0.171875
2 0.840625 0.39765625 0.20234375 0.71796875
1 0.01640625 0.44140625 0.01796875 0.09140625
1 0.68671875 0.753125 0.0578125 0.04609375
0 0.62578125 0.33828125 0.03828125 0.0703125
1 0.0578125 0.74765625 0.03046875 0.03515625
0 0.946875 0.4078125 0.0703125 0.06953125
1 0.38671875 0.74765625 0.08046875 0.053125
1 0.415625 0.746875 0.04921875 0.04453125
0 0.64375 0.32109375 0.05625 0.08125