2 0.34296875 0.39375 0.20546875 0.3140625
2 0.63828125 0.6796875 0.2703125 0.2515625
2 0.6078125 0.39453125 0.32890625 0.31171875
2 0.37265625 0.74296875 0.128125 0.1328125
0 0.47109375 0.240625 0.053125 0.13828125
0 0.27734375 0.71484375 0.05390625 0.0859375
2 0.47109375 0.7359375 0.0734375 0.11875
0 0.4765625 0.65 0.0484375 0.07109375
0 0.33984375 0.65078125 0.053125 0.071875
0 0.4171875 0.5203125 0.05234375 0.08046875
1 0.7703125 0.67734375 0.0234375 0.1859375
1 0.65234375 0.23984375 0.1734375 0.04765625
1 0.3390625 0.23984375 0.14453125 0.04765625
0 0.4703125 0.73046875 0.07265625 0.128125
2 0.37421875 0.6140625 0.265625 0.1359375