2 0.3140625 0.63984375 0.19453125 0.26953125
2 0.675 0.3734375 0.3078125 0.28671875
2 0.3140625 0.3703125 0.19921875 0.2828125
2 0.471875 0.3125 0.11484375 0.16875
0 0.44140625 0.7734375 0.065625 0.15390625
0 0.8234375 0.4609375 0.12421875 0.06953125
0 0.38828125 0.43125 0.05703125 0.0671875
0 0.48359375 0.425 0.0515625 0.06328125
0 0.3875 0.54453125 0.0515625 0.06484375
1 0.8234375 0.3484375 0.03515625 0.16796875
1 0.21953125 0.403125 0.025 0.125
1 0.21875 0.60234375 0.02421875 0.12734375
1 0.4640625 0.228125 0.0625 0.028125
1 0.509375 0.578125 0.015625 0.07421875