2 0.13203125 0.70546875 0.20546875 0.29453125
2 0.33671875 0.3140625 0.209375 0.25703125
2 0.84375 0.31796875 0.240625 0.26328125
2 0.58125 0.34375 0.2953125 0.31796875
2 0.3296875 0.57734375 0.203125 0.28125
2 0.578125 0.67734375 0.2859375 0.3421875
2 0.134375 0.3671875 0.21015625 0.384375
2 0.390625 0.78515625 0.10234375 0.13984375
2 0.7828125 0.55703125 0.1171875 0.13984375
0 0.3625 0.68359375 0.06328125 0.0796875
0 0.36328125 0.409375 0.065625 0.08515625
0 0.746875 0.74765625 0.065625 0.07578125
0 0.675 0.14765625 0.06875 0.08828125
0 0.2109375 0.484375 0.06796875 0.0828125
0 0.8671875 0.4015625 0.06328125 0.07578125
0 0.2109375 0.61171875 0.0640625 0.06953125
2 0.84296875 0.7578125 0.26015625 0.18203125
0 0.259375 0.88203125 0.05859375 0.07734375
2 0.2859375 0.78515625 0.1109375 0.14453125
0 0.7484375 0.39375 0.0640625 0.07578125
1 0.3109375 0.85078125 0.046875 0.0328125
2 0.903125 0.48203125 0.12734375 0.096875
0 0.26640625 0.74375 0.0609375 0.07890625
0 0.8640625 0.5765625 0.0625 0.07578125
0 0.86796875 0.71640625 0.0546875 0.07265625
1 0.1328125 0.184375 0.0890625 0.0359375
2 0.90234375 0.61015625 0.1296875 0.14765625
1 0.33828125 0.18359375 0.11171875 0.0375
1 0.83046875 0.18671875 0.08203125 0.03515625
1 0.1359375 0.8515625 0.09140625 0.0359375
1 0.96484375 0.6390625 0.01953125 0.053125
1 0.56328125 0.1859375 0.1390625 0.034375
1 0.9640625 0.21796875 0.021875 0.05390625
1 0.0296875 0.6359375 0.02578125 0.05390625
1 0.96484375 0.496875 0.01953125 0.05
1 0.5828125 0.8546875 0.13046875 0.034375
1 0.0296875 0.40390625 0.021875 0.05625
1 0.80859375 0.8578125 0.125 0.02265625
0 0.3890625 0.7796875 0.10625 0.14453125
0 0.284375 0.77578125 0.103125 0.1390625
1 0.37578125 0.853125 0.04296875 0.02734375
0 0.8453125 0.76015625 0.26484375 0.18515625
0 0.978125 0.740625 0.040625 0.0796875
2 0.97890625 0.74296875 0.040625 0.084375
2 0.86953125 0.58515625 0.07421875 0.09921875
1 0.02890625 0.90546875 0.0265625 0.11171875