2 0.76796875 0.25546875 0.13515625 0.30625
2 0.2046875 0.6453125 0.128125 0.21640625
2 0.68515625 0.578125 0.11640625 0.3609375
2 0.178125 0.16640625 0.0703125 0.1171875
2 0.203125 0.4375 0.1203125 0.2078125
2 0.66484375 0.18671875 0.07421875 0.1640625
2 0.79140625 0.690625 0.08984375 0.33046875
2 0.66640625 0.33359375 0.075 0.1359375
2 0.38125 0.375 0.18046875 0.5296875
2 0.309375 0.2265625 0.05234375 0.09453125
0 0.76484375 0.37578125 0.05703125 0.06875
0 0.29765625 0.296875 0.02890625 0.0625
0 0.13046875 0.25625 0.03828125 0.06328125
0 0.25078125 0.36875 0.0328125 0.065625
2 0.8640625 0.17265625 0.065625 0.13671875
0 0.2515625 0.30390625 0.03515625 0.06015625
0 0.25234375 0.621875 0.03671875 0.06640625
0 0.06484375 0.10859375 0.03515625 0.05703125
0 0.2828125 0.775 0.03125 0.07890625
0 0.50703125 0.2046875 0.04296875 0.0625
0 0.72734375 0.77421875 0.03359375 0.08671875
0 0.709375 0.18828125 0.034375 0.0609375
0 0.34375 0.15078125 0.03125 0.04921875
1 0.14375 0.459375 0.01953125 0.10703125
0 0.20703125 0.21953125 0.028125 0.06640625
0 0.76171875 0.67578125 0.03671875 0.07265625
2 0.6953125 0.81953125 0.103125 0.146875
1 0.3453125 0.84765625 0.03828125 0.04140625
1 0.165625 0.75390625 0.04609375 0.04296875
0 0.709375 0.37578125 0.03046875 0.04921875
2 0.1109375 0.1046875 0.06953125 0.13984375
2 0.20078125 0.28203125 0.11796875 0.1171875
1 0.14296875 0.69765625 0.021875 0.10859375
1 0.47109375 0.71640625 0.01875 0.125
2 0.24765625 0.18046875 0.07265625 0.14921875
1 0.69609375 0.7546875 0.040625 0.04140625
0 0.4796875 0.528125 0.0453125 0.0640625
2 0.50078125 0.14296875 0.059375 0.08515625
1 0.47109375 0.43828125 0.015625 0.1453125
1 0.7703125 0.8484375 0.04296875 0.03984375
2 0.39453125 0.74453125 0.1578125 0.20703125
0 0.85390625 0.3 0.04296875 0.11171875
2 0.30859375 0.14375 0.05078125 0.0703125
1 0.46796875 0.2765625 0.015625 0.12421875
2 0.1890625 0.22265625 0.0890625 0.24140625
0 0.18125 0.225 0.0890625 0.23046875