2 0.63671875 0.33828125 0.1515625 0.30859375
2 0.63515625 0.56796875 0.1546875 0.146875
2 0.60078125 0.83515625 0.23046875 0.24921875
2 0.42109375 0.33671875 0.259375 0.3078125
0 0.53203125 0.18671875 0.06328125 0.128125
2 0.66328125 0.1234375 0.11484375 0.12109375
0 0.5203125 0.7390625 0.0609375 0.06484375
0 0.61796875 0.73828125 0.05625 0.06171875
0 0.53828125 0.60859375 0.0625 0.05546875
2 0.35546875 0.5484375 0.11640625 0.10859375
0 0.58203125 0.09609375 0.0625 0.05625
0 0.43359375 0.55859375 0.06875 0.053125
1 0.4046875 0.190625 0.209375 0.034375
0 0.44453125 0.60625 0.06796875 0.1234375
1 0.6125 0.96171875 0.1421875 0.0328125
2 0.62734375 0.67734375 0.14921875 0.06875