2 0.21640625 0.371875 0.334375 0.4875
2 0.17109375 0.72890625 0.22578125 0.2265625
0 0.31328125 0.72578125 0.0890625 0.10546875
2 0.49609375 0.38984375 0.24296875 0.51953125
0 0.5 0.84453125 0.10703125 0.225
0 0.70859375 0.26328125 0.096875 0.19140625
1 0.50859375 0.13828125 0.196875 0.053125
1 0.8421875 0.27109375 0.184375 0.05234375
0 0.48046875 0.61640625 0.0875 0.10546875
1 0.2765625 0.13828125 0.19140625 0.053125
0 0.3265625 0.5703125 0.09296875 0.109375
2 0.4109375 0.58359375 0.071875 0.146875
2 0.70546875 0.32734375 0.0765625 0.08203125
2 0.34296875 0.57421875 0.12265625 0.1265625
2 0.79921875 0.56015625 0.3578125 0.5859375