2 0.1703125 0.44609375 0.31640625 0.40625
2 0.87265625 0.44375 0.23046875 0.40703125
2 0.12890625 0.81640625 0.2578125 0.3375
2 0.33125 0.89765625 0.1578125 0.1796875
2 0.54765625 0.45390625 0.4390625 0.403125
2 0.59375 0.734375 0.13203125 0.1765625
0 0.3578125 0.27421875 0.06953125 0.0984375
0 0.2875 0.6171875 0.0625 0.0984375
0 0.73046875 0.38359375 0.07734375 0.08671875
0 0.28125 0.7125 0.07578125 0.084375
0 0.465625 0.68046875 0.06640625 0.08203125
0 0.46484375 0.825 0.078125 0.1796875
1 0.8625 0.23984375 0.196875 0.046875
0 0.51484375 0.73515625 0.05703125 0.0703125
0 0.2875 0.78359375 0.053125 0.07265625
1 0.15390625 0.2421875 0.24453125 0.04609375
1 0.01484375 0.790625 0.02890625 0.2765625
0 0.4640625 0.7703125 0.06796875 0.084375