2 0.18515625 0.64453125 0.31953125 0.40234375
0 0.184375 0.253125 0.31953125 0.37890625
0 0.40625 0.19140625 0.121875 0.2640625
2 0.76875 0.6765625 0.42109375 0.33125
0 0.4203125 0.84140625 0.09296875 0.246875
2 0.3125 0.38203125 0.08203125 0.115625
0 0.5375 0.67734375 0.08125 0.11875
2 0.4171875 0.35546875 0.05859375 0.09609375
0 0.6671875 0.28828125 0.40703125 0.453125
1 0.97734375 0.68515625 0.021875 0.2359375
2 0.89296875 0.4328125 0.0921875 0.11640625
1 0.865625 0.23828125 0.02421875 0.3109375
2 0.31796875 0.50546875 0.08203125 0.11484375
1 0.028125 0.640625 0.0203125 0.28125
1 0.028125 0.25703125 0.021875 0.290625
0 0.3171875 0.50625 0.08125 0.11484375