2 0.71640625 0.403125 0.33515625 0.41171875
2 0.7140625 0.725 0.35390625 0.25234375
2 0.22734375 0.33671875 0.275 0.35
2 0.1578125 0.64375 0.13828125 0.2484375
0 0.60546875 0.1640625 0.08515625 0.096875
0 0.271875 0.48046875 0.0859375 0.090625
1 0.8859375 0.46953125 0.046875 0.14609375
2 0.45234375 0.3421875 0.196875 0.35078125
1 0.88359375 0.71640625 0.04453125 0.1421875
0 0.57734375 0.63671875 0.08828125 0.0828125
1 0.44765625 0.1671875 0.16796875 0.04921875
0 0.26640625 0.659375 0.0890625 0.08203125
1 0.2234375 0.1640625 0.16328125 0.046875
0 0.578125 0.55546875 0.09140625 0.08203125
1 0.75625 0.20234375 0.2234375 0.0375
0 0.475 0.65703125 0.071875 0.071875
0 0.4515625 0.55078125 0.07890625 0.09140625
2 0.475 0.71875 0.11171875 0.08046875
0 0.26875 0.8015625 0.0796875 0.096875
2 0.3734375 0.6421875 0.3046875 0.2390625
0 0.475 0.68515625 0.08828125 0.1359375