2 0.2078125 0.4625 0.3375 0.434375
2 0.853125 0.4640625 0.215625 0.42578125
2 0.5921875 0.77734375 0.15390625 0.20078125
0 0.44921875 0.91953125 0.06796875 0.11171875
1 0.21953125 0.240625 0.1765625 0.090625
2 0.3984375 0.78046875 0.22421875 0.196875
0 0.31328125 0.759375 0.0734375 0.08515625
2 0.65 0.1421875 0.1421875 0.15859375
0 0.43125 0.71875 0.065625 0.10078125
0 0.4921875 0.7796875 0.07890625 0.09609375
1 0.83828125 0.234375 0.09921875 0.0828125
0 0.38671875 0.5890625 0.06953125 0.1234375
2 0.5671875 0.45625 0.40078125 0.4359375
1 0.50859375 0.2359375 0.1328125 0.09921875
0 0.6296875 0.225 0.07421875 0.17578125
2 0.4234375 0.7375 0.09765625 0.1375
0 0.64375 0.15546875 0.1125 0.184375
2 0.23046875 0.7796875 0.11171875 0.2