2 0.7328125 0.6109375 0.36484375 0.30703125
2 0.2375 0.54765625 0.27578125 0.1859375
0 0.6109375 0.53125 0.15625 0.06796875
0 0.49375 0.08359375 0.1453125 0.0875
2 0.24453125 0.9046875 0.30625 0.0734375
0 0.475 0.79453125 0.15234375 0.09296875
0 0.48125 0.6453125 0.15625 0.08203125
0 0.265625 0.84140625 0.1375 0.0703125
0 0.271875 0.61640625 0.10703125 0.06171875
0 0.421875 0.54609375 0.1453125 0.06640625
1 0.2625 0.11171875 0.23046875 0.0359375
1 0.70703125 0.11171875 0.29609375 0.03828125
1 0.70390625 0.76171875 0.2671875 0.0390625
1 0.26171875 0.76328125 0.125 0.0296875
2 0.27265625 0.30859375 0.31953125 0.28203125
2 0.44375 0.71953125 0.22890625 0.09453125
2 0.21875 0.70234375 0.234375 0.12734375
2 0.496875 0.28515625 0.821875 0.32734375