2 0.25234375 0.26171875 0.303125 0.32421875
2 0.74375 0.7109375 0.35390625 0.3125
2 0.25390625 0.75390625 0.3109375 0.21875
2 0.3421875 0.58828125 0.12109375 0.11328125
2 0.25234375 0.48203125 0.3203125 0.10546875
2 0.190625 0.590625 0.190625 0.1140625
0 0.47109375 0.10078125 0.09140625 0.1171875
0 0.61328125 0.634375 0.0921875 0.05625
2 0.73125 0.496875 0.3296875 0.11328125
0 0.4765625 0.88828125 0.08046875 0.07109375
0 0.36875 0.7125 0.0953125 0.0578125
1 0.26953125 0.1015625 0.240625 0.04375
0 0.43359375 0.5859375 0.08203125 0.04921875
0 0.434375 0.46484375 0.07734375 0.046875
0 0.2359375 0.51484375 0.07734375 0.04765625
0 0.47265625 0.81328125 0.08125 0.059375
0 0.5453125 0.50546875 0.078125 0.05078125
1 0.6921875 0.1015625 0.31796875 0.03828125
1 0.74765625 0.8640625 0.23515625 0.03203125
1 0.2796875 0.86328125 0.234375 0.02421875
2 0.6609375 0.27421875 0.51015625 0.35234375