2 0.73515625 0.26796875 0.29921875 0.3390625
2 0.18046875 0.2484375 0.2875 0.31171875
2 0.184375 0.565625 0.290625 0.32890625
2 0.521875 0.19921875 0.121875 0.20390625
2 0.39375 0.19609375 0.125 0.2
0 0.3671875 0.73828125 0.07578125 0.1828125
0 0.30546875 0.50859375 0.07421875 0.0875
0 0.3609375 0.32265625 0.04765625 0.06640625
1 0.04140625 0.5484375 0.02109375 0.25390625
1 0.04140625 0.27421875 0.02421875 0.203125
1 0.87890625 0.225 0.025 0.19453125
2 0.18671875 0.7 0.29609375 0.07421875
0 0.9140625 0.36328125 0.08359375 0.10234375
0 0.84609375 0.36328125 0.075 0.103125
2 0.3921875 0.52109375 0.121875 0.44453125