2 0.47421875 0.409375 0.290625 0.4140625
2 0.14453125 0.70546875 0.190625 0.18671875
2 0.19609375 0.41328125 0.2828125 0.4125
0 0.7125 0.20703125 0.0765625 0.1828125
0 0.4421875 0.796875 0.0828125 0.2015625
0 0.37578125 0.58046875 0.08671875 0.109375
0 0.5359375 0.7578125 0.075 0.0875
0 0.26640625 0.675 0.0796875 0.0859375
1 0.23359375 0.20859375 0.190625 0.05625
1 0.4296875 0.20859375 0.1875 0.05390625
1 0.84765625 0.20859375 0.1859375 0.04765625
2 0.553125 0.865625 0.11953125 0.15234375
0 0.284375 0.5921875 0.08046875 0.0921875
2 0.790625 0.11875 0.34609375 0.159375
2 0.7875 0.56875 0.3484375 0.72890625
2 0.53203125 0.82578125 0.0703125 0.06796875
0 0.27578125 0.63671875 0.08203125 0.16875