2 0.1953125 0.2890625 0.29453125 0.4875
2 0.65234375 0.3828125 0.365625 0.25546875
2 0.53984375 0.14765625 0.14375 0.2
2 0.19140625 0.71171875 0.2953125 0.4046875
2 0.39765625 0.2265625 0.128125 0.11015625
2 0.7484375 0.14609375 0.15 0.2
0 0.37890625 0.6515625 0.0765625 0.19453125
0 0.6859375 0.2828125 0.06484375 0.10390625
2 0.40390625 0.109375 0.12890625 0.12421875
0 0.30859375 0.421875 0.08125 0.11796875
0 0.31796875 0.12421875 0.06640625 0.0890625
0 0.3078125 0.58671875 0.075 0.10703125
0 0.63203125 0.2015625 0.0546875 0.08359375
2 0.64296875 0.1046875 0.065625 0.11328125
0 0.36796875 0.3109375 0.05859375 0.084375
0 0.4453125 0.38828125 0.0625 0.08984375
1 0.82421875 0.3828125 0.02734375 0.1421875
1 0.04921875 0.73046875 0.02734375 0.15078125
0 0.84765625 0.2015625 0.06171875 0.0875
1 0.92890625 0.709375 0.02421875 0.10234375
1 0.05078125 0.33125 0.04453125 0.3046875
0 0.86640625 0.50625 0.06171875 0.13203125
2 0.865625 0.51171875 0.0609375 0.1203125
2 0.734375 0.70625 0.38828125 0.4140625