2 0.7234375 0.1890625 0.28515625 0.28125
2 0.22109375 0.54140625 0.3203125 0.27734375
2 0.721875 0.47109375 0.28828125 0.28046875
2 0.76953125 0.68125 0.1859375 0.15546875
2 0.42890625 0.49375 0.07109375 0.1921875
2 0.63125 0.6875 0.10546875 0.13984375
2 0.375 0.2265625 0.4109375 0.34296875
2 0.203125 0.8140625 0.2875 0.27265625
0 0.55390625 0.4890625 0.07421875 0.09609375
0 0.39609375 0.803125 0.0546875 0.07421875
0 0.32734375 0.7234375 0.06796875 0.09375
0 0.51171875 0.75546875 0.071875 0.19375
0 0.60703125 0.2796875 0.084375 0.0984375
0 0.32421875 0.628125 0.075 0.090625
0 0.55859375 0.67578125 0.05078125 0.0671875
1 0.0625 0.784375 0.0328125 0.2078125
1 0.16640625 0.175 0.0234375 0.2421875
1 0.0625 0.58046875 0.0328125 0.19375
2 0.4109375 0.86484375 0.10625 0.18125
1 0.86171875 0.49609375 0.025 0.16015625
1 0.86171875 0.22265625 0.02578125 0.2078125
0 0.1953125 0.334375 0.07578125 0.09375
2 0.13515625 0.33359375 0.07421875 0.09375
1 0.8625 0.6421875 0.0171875 0.07421875
1 0.78671875 0.3296875 0.07421875 0.034375
0 0.134375 0.33515625 0.07109375 0.090625
0 0.409375 0.859375 0.1015625 0.184375
2 0.61875 0.365625 0.07890625 0.0609375