2 0.296875 0.3796875 0.12578125 0.21328125
2 0.1703125 0.3796875 0.13125 0.2171875
2 0.18125 0.68125 0.15546875 0.20078125
2 0.14453125 0.5359375 0.0765625 0.09296875
2 0.3078125 0.725 0.0984375 0.11015625
2 0.66953125 0.67578125 0.1265625 0.20390625
2 0.7703125 0.72890625 0.0734375 0.1046875
0 0.2359375 0.60625 0.04296875 0.0640625
0 0.33515625 0.64296875 0.0453125 0.06484375
0 0.209375 0.45859375 0.04375 0.06484375
0 0.25703125 0.45859375 0.0453125 0.06484375
0 0.6234375 0.6046875 0.0390625 0.0640625
0 0.2015625 0.5453125 0.04296875 0.06015625
0 0.725 0.596875 0.0390625 0.06328125
2 0.62578125 0.3640625 0.14609375 0.18203125
0 0.640625 0.434375 0.0359375 0.05078125
1 0.18203125 0.26484375 0.0546875 0.0296875
1 0.18203125 0.7828125 0.053125 0.028125
1 0.67734375 0.78203125 0.05078125 0.028125
1 0.40703125 0.26640625 0.05703125 0.03125
0 0.82578125 0.6046875 0.02890625 0.04765625
0 0.33515625 0.24140625 0.0421875 0.06171875
0 0.5640625 0.3625 0.0296875 0.0765625
1 0.55859375 0.78359375 0.0546875 0.0296875
1 0.5046875 0.26640625 0.05546875 0.03203125
1 0.6640625 0.26640625 0.0515625 0.02578125
1 0.10546875 0.38828125 0.01875 0.0421875
0 0.334375 0.81328125 0.03671875 0.053125
1 0.4171875 0.78203125 0.06953125 0.03046875
0 0.5734375 0.2421875 0.040625 0.0640625
1 0.10703125 0.525 0.01484375 0.03828125
2 0.48203125 0.65234375 0.246875 0.23671875
1 0.84375 0.7640625 0.03671875 0.01953125
1 0.8046875 0.61171875 0.0109375 0.05625
1 0.296875 0.26640625 0.03203125 0.02578125
1 0.8046875 0.45703125 0.0171875 0.0375
1 0.1015625 0.66328125 0.0203125 0.0421875
2 0.4546875 0.403125 0.18984375 0.2609375
0 0.82109375 0.7125 0.02890625 0.0484375
2 0.75234375 0.47109375 0.103125 0.19375