2 0.3765625 0.340625 0.20078125 0.21953125
2 0.4109375 0.80234375 0.11640625 0.1015625
2 0.41875 0.53125 0.11875 0.15859375
0 0.5046875 0.57734375 0.0734375 0.04609375
2 0.603125 0.50625 0.259375 0.1046875
0 0.51171875 0.2359375 0.06484375 0.08671875
0 0.44765625 0.634375 0.053125 0.0375
2 0.4125 0.69375 0.11484375 0.08359375
2 0.5203125 0.7109375 0.075 0.06171875
2 0.60078125 0.3984375 0.2625 0.32578125
1 0.4046875 0.23359375 0.1296875 0.02109375
1 0.6078125 0.2328125 0.13828125 0.021875
0 0.51796875 0.7734375 0.0640625 0.0546875
2 0.60390625 0.65078125 0.26328125 0.18125
1 0.6328125 0.7484375 0.0828125 0.0203125
2 0.41875 0.62890625 0.11640625 0.0484375
0 0.51015625 0.25859375 0.059375 0.04375