2 0.56953125 0.3109375 0.3875 0.2296875
2 0.646875 0.54921875 0.2484375 0.121875
2 0.25859375 0.26796875 0.21484375 0.15703125
2 0.27578125 0.54609375 0.240625 0.1265625
2 0.26796875 0.81875 0.2375 0.24765625
2 0.2359375 0.6515625 0.16875 0.09296875
0 0.365625 0.50625 0.084375 0.046875
0 0.5515625 0.50625 0.08046875 0.04609375
0 0.42734375 0.4 0.07734375 0.0453125
2 0.69765625 0.45703125 0.13828125 0.06328125
2 0.2734375 0.41171875 0.23984375 0.1453125
0 0.3421875 0.6640625 0.08359375 0.0453125
0 0.49140625 0.4609375 0.078125 0.0453125
0 0.3359375 0.28203125 0.071875 0.06015625
0 0.4828125 0.62578125 0.0828125 0.05546875
0 0.36171875 0.6078125 0.071875 0.0359375
1 0.6390625 0.6125 0.125 0.0296875
1 0.7578125 0.3328125 0.04609375 0.0484375
2 0.5734375 0.45625 0.11796875 0.0625
1 0.6015625 0.18984375 0.16796875 0.028125
0 0.42265625 0.7078125 0.1 0.0390625