2 0.7078125 0.121875 0.2125 0.14921875
2 0.746875 0.7453125 0.1640625 0.2453125
2 0.40078125 0.4890625 0.2078125 0.13359375
2 0.70859375 0.4828125 0.215625 0.1375
2 0.65703125 0.3875 0.10625 0.05625
2 0.7515625 0.23515625 0.11640625 0.078125
2 0.45 0.22890625 0.31640625 0.3828125
2 0.40390625 0.37890625 0.2046875 0.084375
2 0.65234375 0.234375 0.0890625 0.0796875
2 0.76015625 0.3875 0.10859375 0.05625
2 0.20078125 0.259375 0.20078125 0.3
0 0.53359375 0.56875 0.05390625 0.04921875
0 0.7390625 0.29296875 0.05625 0.04453125
0 0.76015625 0.428125 0.03828125 0.0328125
0 0.62890625 0.43671875 0.06328125 0.0453125
0 0.5796875 0.390625 0.0625 0.04609375
0 0.628125 0.296875 0.0625 0.04609375
0 0.48125 0.44453125 0.065625 0.04765625
0 0.628125 0.16953125 0.0625 0.0484375
0 0.7140625 0.2515625 0.053125 0.03515625
0 0.74375 0.603125 0.0609375 0.0515625
2 0.71015625 0.3171875 0.2125 0.0875
1 0.81640625 0.11875 0.028125 0.08046875
1 0.3015625 0.4765625 0.03125 0.08125
2 0.49375 0.74453125 0.3421875 0.25078125
1 0.53359375 0.04140625 0.0640625 0.021875
1 0.81640625 0.48125 0.02421875 0.0765625
0 0.27890625 0.3703125 0.0609375 0.046875
1 0.30390625 0.26015625 0.03359375 0.10078125
1 0.3 0.2125 0.03828125 0.18828125
1 0.81875 0.80078125 0.02578125 0.0484375
1 0.3015625 0.36953125 0.01875 0.046875
1 0.303125 0.07890625 0.021875 0.04453125
2 0.73828125 0.29921875 0.0828125 0.065625
2 0.62734375 0.43671875 0.05703125 0.04140625
0 0.303125 0.07890625 0.025 0.040625
1 0.3 0.17109375 0.03125 0.10078125