2 0.2578125 0.58046875 0.35703125 0.13359375
2 0.7875 0.58046875 0.359375 0.13515625
2 0.815625 0.2890625 0.2953125 0.15859375
2 0.35625 0.484375 0.16796875 0.06328125
2 0.80546875 0.86328125 0.3359375 0.2421875
0 0.70546875 0.30234375 0.08984375 0.06640625
2 0.790625 0.44375 0.35703125 0.14921875
0 0.57421875 0.4265625 0.11484375 0.04375
0 0.48046875 0.48984375 0.10859375 0.04375
0 0.3890625 0.53671875 0.1078125 0.04453125
2 0.84921875 0.6921875 0.22890625 0.07890625
2 0.18203125 0.4859375 0.1921875 0.06171875
0 0.6609375 0.53671875 0.1078125 0.0453125
1 0.08125 0.35859375 0.04921875 0.05
2 0.36953125 0.33046875 0.5921875 0.24296875
1 0.26171875 0.646875 0.13515625 0.01875
1 0.23828125 0.20546875 0.15390625 0.01953125
0 0.68984375 0.70234375 0.09609375 0.0390625
1 0.809375 0.2046875 0.1125 0.01875
1 0.390625 0.20546875 0.15390625 0.01953125
0 0.48984375 0.665625 0.10546875 0.0421875
2 0.50390625 0.69609375 0.190625 0.07734375
1 0.43671875 0.603125 0.03046875 0.065625
0 0.51796875 0.1859375 0.10390625 0.0453125