2 0.5 0.609375 0.0921875 0.18828125
2 0.7453125 0.40390625 0.0875 0.23671875
2 0.49765625 0.39921875 0.0921875 0.23046875
2 0.23046875 0.759375 0.09765625 0.0984375
2 0.59296875 0.6140625 0.08828125 0.1765625
2 0.35859375 0.36875 0.08984375 0.178125
0 0.30234375 0.490625 0.03203125 0.0578125
0 0.584375 0.53671875 0.02734375 0.05078125
0 0.25546875 0.25078125 0.03984375 0.071875
0 0.23203125 0.0671875 0.03671875 0.075
2 0.11640625 0.58828125 0.12890625 0.25234375
2 0.61328125 0.13828125 0.0984375 0.09765625
0 0.2296875 0.834375 0.0328125 0.06953125
0 0.64140625 0.28203125 0.02890625 0.10234375
2 0.625 0.40546875 0.1578125 0.22421875
0 0.20625 0.54453125 0.02734375 0.0609375
0 0.20625 0.6890625 0.03125 0.0578125
0 0.68828125 0.3484375 0.0296875 0.05234375
2 0.36015625 0.5203125 0.08671875 0.1234375
2 0.28046875 0.671875 0.0671875 0.06953125
0 0.753125 0.5421875 0.0296875 0.06015625
2 0.74609375 0.64375 0.08125 0.11640625
2 0.36015625 0.64140625 0.09140625 0.1296875
0 0.55390625 0.6375 0.0234375 0.0421875
1 0.60234375 0.28203125 0.05234375 0.03125
0 0.55390625 0.41015625 0.028125 0.04609375
2 0.23125 0.14375 0.096875 0.0953125
2 0.24609375 0.4046875 0.13671875 0.23359375
0 0.6234375 0.64765625 0.02421875 0.03828125
2 0.490625 0.12265625 0.11171875 0.23203125
1 0.34375 0.28203125 0.04140625 0.02421875
2 0.11953125 0.3765625 0.134375 0.175
1 0.1171875 0.2859375 0.0375 0.0234375
2 0.24921875 0.57890625 0.1328125 0.11953125
1 0.50234375 0.7046875 0.0359375 0.025
1 0.5015625 0.28203125 0.03671875 0.02734375
2 0.2296875 0.1984375 0.09765625 0.18828125
1 0.21328125 0.28125 0.05859375 0.03125
1 0.0546875 0.38984375 0.01796875 0.09453125
2 0.665625 0.6640625 0.06953125 0.071875
0 0.303125 0.3796875 0.03046875 0.0484375
1 0.6140625 0.69609375 0.034375 0.0265625
1 0.58515625 0.6984375 0.03359375 0.028125
0 0.23671875 0.6625 0.02578125 0.04921875