2 0.24375 0.39609375 0.16796875 0.21640625
2 0.24609375 0.178125 0.16953125 0.23125
2 0.11171875 0.28984375 0.10078125 0.1828125
2 0.10859375 0.13125 0.10546875 0.134375
2 0.59296875 0.6203125 0.1203125 0.2328125
2 0.12734375 0.85 0.15078125 0.21484375
2 0.15703125 0.58984375 0.2078125 0.16328125
2 0.73359375 0.69375 0.1328125 0.134375
2 0.88203125 0.67109375 0.17890625 0.3265625
2 0.125 0.7078125 0.1390625 0.07890625
2 0.72578125 0.56796875 0.14609375 0.121875
2 0.11015625 0.44140625 0.09765625 0.1296875
2 0.403125 0.846875 0.253125 0.21875
0 0.240625 0.8640625 0.0484375 0.0625
2 0.59765625 0.84609375 0.128125 0.21953125
0 0.72578125 0.78984375 0.046875 0.06875
0 0.55546875 0.6734375 0.0546875 0.0640625
0 0.68359375 0.8828125 0.0515625 0.05703125
0 0.171875 0.771875 0.0453125 0.05546875
0 0.13984375 0.3578125 0.03828125 0.04609375
1 0.05703125 0.596875 0.02578125 0.07734375
0 0.18046875 0.3203125 0.04609375 0.05703125
0 0.21015625 0.64765625 0.04609375 0.06015625
1 0.71640625 0.50234375 0.04765625 0.0265625
0 0.2421875 0.96640625 0.046875 0.05703125
0 0.17421875 0.1234375 0.04296875 0.05
0 0.20625 0.69140625 0.040625 0.05234375
0 0.1859375 0.27265625 0.0484375 0.07578125
1 0.32734375 0.1796875 0.02265625 0.08125
1 0.59140625 0.50390625 0.0625 0.0296875
1 0.46953125 0.50234375 0.06328125 0.03125
0 0.909375 0.871875 0.06328125 0.0890625
1 0.11796875 0.95078125 0.06015625 0.028125
1 0.32578125 0.390625 0.02578125 0.11796875
0 0.8078125 0.56484375 0.03515625 0.040625
0 0.553125 0.8828125 0.04921875 0.05546875
2 0.38828125 0.61796875 0.30234375 0.2328125
1 0.43828125 0.95078125 0.06171875 0.02578125
1 0.59140625 0.95390625 0.06015625 0.02265625
1 0.53515625 0.584375 0.025 0.13671875
0 0.346875 0.4625 0.03671875 0.0390625
1 0.325 0.36015625 0.0234375 0.06171875
2 0.55234375 0.88359375 0.0484375 0.0578125