2 0.7390625 0.5703125 0.14296875 0.13125
2 0.1140625 0.6828125 0.2265625 0.30078125
0 0.45 0.46953125 0.07890625 0.05546875
2 0.728125 0.684375 0.175 0.10078125
0 0.6359375 0.5328125 0.08359375 0.0609375
2 0.3578125 0.3203125 0.24140625 0.22265625
0 0.3828125 0.5484375 0.071875 0.0515625
0 0.540625 0.22109375 0.09140625 0.06640625
0 0.56953125 0.76015625 0.08828125 0.06484375
2 0.325 0.48125 0.19921875 0.10546875
0 0.56171875 0.85390625 0.0984375 0.07890625
2 0.1125 0.39921875 0.2234375 0.2859375
1 0.36953125 0.8359375 0.15859375 0.0375
1 0.0984375 0.83359375 0.15234375 0.03984375
0 0.45546875 0.59921875 0.08046875 0.059375
2 0.7296875 0.7796875 0.1703125 0.0953125
0 0.58359375 0.92421875 0.090625 0.05859375
2 0.64609375 0.3765625 0.33203125 0.2546875
1 0.36328125 0.20546875 0.0890625 0.028125
2 0.7015625 0.89453125 0.175 0.13359375
0 0.6046875 0.7015625 0.08125 0.06328125
1 0.684375 0.2484375 0.18125 0.03046875
1 0.1203125 0.2578125 0.090625 0.02890625
2 0.3640625 0.68125 0.2640625 0.3015625
2 0.56171875 0.8515625 0.090625 0.0734375
0 0.31875 0.21015625 0.03671875 0.028125
2 0.540625 0.221875 0.09375 0.0671875
0 0.684375 0.70859375 0.07578125 0.053125