2 0.396875 0.403125 0.09453125 0.12578125
2 0.36484375 0.18828125 0.1640625 0.30625
2 0.86875 0.540625 0.103125 0.1203125
0 0.41875 0.50390625 0.05 0.0765625
2 0.3125 0.40390625 0.07265625 0.11796875
0 0.4671875 0.41640625 0.05078125 0.07578125
0 0.41875 0.29765625 0.0578125 0.0796875
0 0.3265625 0.490625 0.0359375 0.0609375
0 0.7015625 0.59140625 0.0578125 0.08125
2 0.1609375 0.12421875 0.22890625 0.1828125
0 0.70078125 0.24765625 0.05234375 0.07265625
0 0.7875 0.57578125 0.04921875 0.08203125
2 0.3828125 0.609375 0.1203125 0.290625
0 0.3265625 0.3140625 0.04140625 0.0625
0 0.8484375 0.625 0.0421875 0.07265625
1 0.6328125 0.76015625 0.08125 0.03359375
0 0.2109375 0.27890625 0.06015625 0.0984375
1 0.54296875 0.021875 0.0890625 0.04140625
1 0.15859375 0.02109375 0.06875 0.0390625
1 0.80390625 0.7609375 0.06640625 0.0265625
0 0.5125 0.80390625 0.053125 0.08203125
1 0.92265625 0.36796875 0.02265625 0.1
1 0.3859375 0.02578125 0.0859375 0.04140625
1 0.62578125 0.02265625 0.09140625 0.03984375
1 0.81171875 0.0234375 0.08203125 0.03671875
2 0.76953125 0.503125 0.09296875 0.07421875
2 0.82421875 0.6765625 0.20546875 0.1609375
2 0.82265625 0.1703125 0.1984375 0.26171875
2 0.5828125 0.38984375 0.2828125 0.721875
0 0.79375 0.42265625 0.05 0.0703125
1 0.37109375 0.76171875 0.06875 0.0328125