2 0.26328125 0.23046875 0.35546875 0.2421875
2 0.696875 0.721875 0.43359375 0.1875
2 0.19765625 0.53828125 0.23125 0.1375
2 0.61171875 0.859375 0.25234375 0.0921875
2 0.19453125 0.65390625 0.22265625 0.0984375
0 0.5265625 0.65546875 0.115625 0.05859375
2 0.1796875 0.75703125 0.2046875 0.109375
2 0.32265625 0.40859375 0.14921875 0.11640625
0 0.2078125 0.5859375 0.08671875 0.04375
0 0.34921875 0.5359375 0.10703125 0.053125
1 0.909375 0.50625 0.071875 0.115625
2 0.72890625 0.53671875 0.365625 0.17734375
0 0.5140625 0.496875 0.08359375 0.04140625
2 0.171875 0.41171875 0.16328125 0.115625
0 0.20703125 0.3375 0.09140625 0.04609375
0 0.23984375 0.6875 0.08125 0.03984375
0 0.40859375 0.8359375 0.12734375 0.06328125
2 0.11875 0.8578125 0.1921875 0.09453125
0 0.52578125 0.0828125 0.1046875 0.07109375
1 0.9109375 0.3578125 0.05859375 0.04765625
1 0.29765625 0.109375 0.2203125 0.028125
1 0.81796875 0.81171875 0.1265625 0.028125
0 0.43125 0.86875 0.09765625 0.04296875
0 0.36484375 0.465625 0.09296875 0.05234375
0 0.4109375 0.7265625 0.12265625 0.05859375
1 0.71484375 0.1078125 0.28984375 0.03125
1 0.9109375 0.77265625 0.04765625 0.04453125
1 0.57890625 0.90234375 0.1171875 0.01953125
2 0.38515625 0.7578125 0.2046875 0.11796875
2 0.6859375 0.27421875 0.478125 0.340625