2 0.7046875 0.31875 0.12578125 0.2734375
2 0.79453125 0.7125 0.15703125 0.2625
2 0.84140625 0.31796875 0.15390625 0.275
2 0.38671875 0.65390625 0.103125 0.11875
2 0.54140625 0.32578125 0.21171875 0.2859375
2 0.284375 0.65703125 0.10625 0.09921875
2 0.28515625 0.45546875 0.1015625 0.06328125
2 0.33125 0.30234375 0.21015625 0.2375
0 0.46328125 0.15390625 0.046875 0.06796875
2 0.3875 0.4890625 0.1 0.1140625
2 0.86484375 0.515625 0.09609375 0.12265625
0 0.4125 0.38671875 0.0546875 0.06796875
0 0.74453125 0.6109375 0.0390625 0.05625
0 0.20703125 0.66875 0.0359375 0.05390625
1 0.3015625 0.17890625 0.08203125 0.03359375
0 0.790625 0.42421875 0.0453125 0.06875
0 0.65 0.8671875 0.0484375 0.06953125
0 0.3609375 0.74453125 0.04609375 0.0671875
0 0.41171875 0.75078125 0.04453125 0.065625
0 0.20859375 0.75234375 0.03515625 0.0515625
0 0.353125 0.45078125 0.0390625 0.05078125
1 0.71328125 0.18359375 0.0828125 0.02734375
2 0.29140625 0.75078125 0.10234375 0.08125
1 0.30234375 0.8359375 0.08125 0.0296875
1 0.82734375 0.18359375 0.08984375 0.03125
1 0.7984375 0.84140625 0.08984375 0.02890625
0 0.6515625 0.76171875 0.05 0.071875
0 0.35546875 0.57421875 0.03359375 0.04453125
1 0.5453125 0.18046875 0.05234375 0.0296875
0 0.79296875 0.5328125 0.0515625 0.0734375
1 0.121875 0.0765625 0.0375 0.025
1 0.1578125 0.0765625 0.0359375 0.02578125
0 0.16328125 0.48203125 0.05390625 0.07109375
2 0.20546875 0.50078125 0.03515625 0.09296875
2 0.2859375 0.771875 0.09765625 0.12421875
0 0.10078125 0.48046875 0.05390625 0.07109375
2 0.13828125 0.26171875 0.1828125 0.36328125
2 0.575 0.65390625 0.27734375 0.39375
1 0.51328125 0.9046875 0.10546875 0.0328125