2 0.4734375 0.72421875 0.11171875 0.203125
2 0.4921875 0.528125 0.146875 0.19296875
2 0.8140625 0.5546875 0.13828125 0.140625
2 0.6171875 0.56953125 0.10703125 0.09609375
2 0.3640625 0.628125 0.10234375 0.13046875
2 0.60546875 0.43125 0.0828125 0.171875
2 0.69375 0.43828125 0.096875 0.17890625
2 0.69921875 0.82265625 0.1375 0.159375
2 0.871875 0.7625 0.08125 0.09375
0 0.53828125 0.43125 0.03125 0.0859375
2 0.709375 0.5703125 0.07265625 0.0890625
0 0.7234375 0.72109375 0.03515625 0.05234375
0 0.7875 0.721875 0.034375 0.05078125
0 0.51796875 0.67734375 0.0359375 0.04921875
2 0.81015625 0.41484375 0.1390625 0.1421875
2 0.36484375 0.5078125 0.1046875 0.11015625
0 0.5796875 0.4640625 0.03203125 0.04765625
0 0.4 0.58828125 0.03828125 0.0546875
0 0.54921875 0.59921875 0.03046875 0.04453125
0 0.29765625 0.53125 0.046875 0.0578125
0 0.5953125 0.73984375 0.02421875 0.03359375
0 0.5546875 0.54296875 0.028125 0.0375
1 0.7921875 0.3421875 0.0515625 0.0265625
0 0.55078125 0.8484375 0.03515625 0.05703125
0 0.296875 0.58828125 0.04375 0.06328125
0 0.284375 0.409375 0.0578125 0.0453125
1 0.84140625 0.34375 0.05 0.025
2 0.66875 0.71953125 0.07578125 0.05
1 0.465625 0.828125 0.0515625 0.03046875
1 0.81796875 0.90390625 0.0484375 0.02890625
1 0.48125 0.4359375 0.05 0.0265625
2 0.84140625 0.1953125 0.07734375 0.0875
2 0.83984375 0.7984375 0.14453125 0.19609375
0 0.55390625 0.77734375 0.04765625 0.0625
2 0.43515625 0.5859375 0.0359375 0.0703125
1 0.590625 0.340625 0.0484375 0.0203125
2 0.603125 0.86171875 0.05234375 0.075
2 0.60546875 0.79765625 0.0484375 0.084375
0 0.75390625 0.26953125 0.03671875 0.05
1 0.88515625 0.5984375 0.01640625 0.03984375
1 0.1953125 0.4296875 0.10078125 0.0265625
1 0.6328125 0.34296875 0.05078125 0.01953125
1 0.71015625 0.3390625 0.046875 0.021875
2 0.21875 0.56484375 0.19296875 0.27421875
0 0.66015625 0.63203125 0.021875 0.03046875
2 0.6171875 0.728125 0.02578125 0.059375
2 0.55625 0.7796875 0.05234375 0.0625