2 0.8828125 0.634375 0.18359375 0.1109375
2 0.71640625 0.68203125 0.15546875 0.1328125
2 0.2125 0.87421875 0.1828125 0.121875
2 0.65078125 0.26484375 0.14375 0.11015625
2 0.70546875 0.87265625 0.17421875 0.121875
2 0.46484375 0.2609375 0.225 0.1046875
2 0.74609375 0.78046875 0.09140625 0.0625
2 0.8875 0.23203125 0.16875 0.12734375
2 0.75 0.290625 0.0796875 0.0515625
0 0.67265625 0.8265625 0.04375 0.0359375
0 0.75703125 0.25234375 0.04921875 0.034375
0 0.3484375 0.85234375 0.05078125 0.0359375
0 0.44765625 0.5984375 0.04609375 0.03515625
0 0.28203125 0.83046875 0.046875 0.03359375
0 0.68359375 0.76484375 0.046875 0.034375
2 0.2375 0.15546875 0.2484375 0.10390625
2 0.2171875 0.78046875 0.17421875 0.0625
2 0.23125 0.26328125 0.22421875 0.10859375
0 0.4015625 0.94609375 0.05 0.040625
0 0.4 0.8828125 0.05390625 0.0421875
0 0.3234375 0.76796875 0.05234375 0.0375
1 0.9734375 0.828125 0.0203125 0.03828125
1 0.70390625 0.93125 0.0765625 0.0171875
2 0.3390625 0.89921875 0.071875 0.06953125
2 0.8578125 0.93125 0.06171875 0.05234375
1 0.33984375 0.6140625 0.06484375 0.0171875
1 0.51484375 0.93203125 0.0703125 0.01875
0 0.10625 0.25625 0.0484375 0.03671875
0 0.84765625 0.5671875 0.05234375 0.03515625
1 0.971875 0.63984375 0.0203125 0.04140625
0 0.18828125 0.7640625 0.04375 0.034375
1 0.234375 0.9328125 0.071875 0.0171875
2 0.434375 0.684375 0.40546875 0.134375
2 0.17890625 0.7078125 0.10078125 0.07109375
1 0.7046875 0.6109375 0.07578125 0.01875
2 0.58125 0.1546875 0.42265625 0.10078125
1 0.528125 0.61171875 0.05859375 0.01640625
1 0.4875 0.61171875 0.03359375 0.01796875
2 0.8859375 0.340625 0.1796875 0.08359375
1 0.97421875 0.7359375 0.01953125 0.0375
1 0.5703125 0.61015625 0.03515625 0.01953125
2 0.175 0.63984375 0.10390625 0.05703125
0 0.16484375 0.690625 0.04140625 0.03203125
0 0.571875 0.609375 0.03828125 0.02421875
2 0.40703125 0.36875 0.09609375 0.10078125
1 0.34140625 0.93359375 0.0453125 0.0140625
0 0.10234375 0.76953125 0.0359375 0.028125
1 0.91640625 0.89453125 0.05 0.0203125
2 0.54453125 0.88203125 0.16328125 0.10703125
2 0.8859375 0.78671875 0.17734375 0.2046875