2 0.45859375 0.45859375 0.4203125 0.4046875
2 0.67890625 0.75625 0.41953125 0.2015625
0 0.7375 0.31875 0.09453125 0.103125
1 0.915625 0.50234375 0.071875 0.18515625
0 0.16171875 0.8609375 0.1125 0.23359375
2 0.7875 0.534375 0.24140625 0.253125
0 0.528125 0.71640625 0.09921875 0.10234375
1 0.79609375 0.38828125 0.18046875 0.06328125
1 0.48203125 0.24140625 0.21953125 0.06171875
2 0.625 0.6203125 0.06875 0.059375
1 0.68984375 0.315625 0.05546875 0.1171875
2 0.2953125 0.75 0.390625 0.19453125
1 0.78125 0.4078125 0.18671875 0.0375
1 0.91875 0.6984375 0.025 0.0484375
1 0.9171875 0.77421875 0.0375 0.0484375