2 0.803125 0.73984375 0.2828125 0.384375
2 0.32890625 0.73671875 0.3765625 0.40859375
0 0.69296875 0.60625 0.06328125 0.121875
2 0.328125 0.303125 0.371875 0.48046875
0 0.5078125 0.6046875 0.0609375 0.11796875
2 0.625 0.16484375 0.17109375 0.225
2 0.078125 0.30546875 0.11484375 0.50859375
0 0.17890625 0.18984375 0.05703125 0.11015625
0 0.7375 0.47421875 0.0671875 0.11875
2 0.915625 0.10859375 0.0390625 0.08671875
1 0.41953125 0.5421875 0.08515625 0.04453125
2 0.82734375 0.30703125 0.23359375 0.4984375
0 0.66953125 0.33125 0.03984375 0.06953125
1 0.19140625 0.5390625 0.09296875 0.03828125
2 0.08203125 0.76953125 0.10625 0.4609375