2 0.19921875 0.61484375 0.24296875 0.3453125
2 0.19296875 0.29765625 0.240625 0.30078125
2 0.8078125 0.7765625 0.22578125 0.41015625
2 0.475 0.453125 0.134375 0.19921875
2 0.73828125 0.3640625 0.25703125 0.41484375
2 0.57421875 0.45859375 0.0734375 0.20078125
2 0.3640625 0.2515625 0.09453125 0.2015625
2 0.55546875 0.26171875 0.1109375 0.2015625
0 0.72265625 0.64609375 0.0796875 0.09921875
1 0.69140625 0.81328125 0.03828125 0.19765625
0 0.13984375 0.93203125 0.0828125 0.1359375
0 0.6296875 0.3984375 0.065625 0.08515625
0 0.4765625 0.3078125 0.06171875 0.08359375
1 0.86171875 0.44375 0.0390625 0.18515625
0 0.64296875 0.50546875 0.065625 0.09921875
0 0.37890625 0.40234375 0.06953125 0.13984375
0 0.28984375 0.4015625 0.07578125 0.09921875
1 0.07734375 0.275 0.03828125 0.18203125
1 0.23125 0.784375 0.0984375 0.0484375
1 0.078125 0.65 0.0375 0.1875
1 0.53671875 0.15234375 0.06484375 0.0453125
2 0.453125 0.25703125 0.0890625 0.19375
1 0.43984375 0.15078125 0.04765625 0.05625
1 0.13984375 0.78203125 0.10625 0.04609375
1 0.4609375 0.98046875 0.06484375 0.0390625
1 0.91484375 0.88984375 0.02421875 0.14296875