1 0.90625 0.396875 0.0359375 0.1578125
1 0.74296875 0.7015625 0.0625 0.0421875
2 0.190625 0.5984375 0.1609375 0.23828125
1 0.425 0.7046875 0.08359375 0.0421875
2 0.51484375 0.17734375 0.04296875 0.09921875
1 0.12578125 0.37421875 0.0296875 0.12265625
2 0.20703125 0.25 0.159375 0.41640625
2 0.3859375 0.490625 0.1921875 0.3875
0 0.4359375 0.359375 0.07578125 0.11953125
0 0.0765625 0.37421875 0.09296875 0.12890625
0 0.21875 0.7640625 0.09296875 0.12890625
0 0.52265625 0.49140625 0.08671875 0.12265625
0 0.54296875 0.7671875 0.0890625 0.115625
2 0.6921875 0.36484375 0.42421875 0.671875