2 0.2578125 0.3640625 0.35546875 0.2515625
0 0.39453125 0.5328125 0.10078125 0.07265625
2 0.2625 0.62578125 0.3578125 0.2546875
2 0.1734375 0.82578125 0.16953125 0.13828125
0 0.78359375 0.18828125 0.103125 0.07421875
0 0.390625 0.43984375 0.103125 0.078125
0 0.3046875 0.79296875 0.09765625 0.07109375
0 0.64765625 0.80390625 0.09765625 0.0734375
1 0.9078125 0.44765625 0.0609375 0.0984375
1 0.25234375 0.23125 0.18125 0.040625
1 0.6328125 0.2296875 0.21015625 0.04296875
2 0.7296875 0.82578125 0.2703125 0.14921875
2 0.1765625 0.5140625 0.15390625 0.04453125
2 0.47734375 0.8234375 0.2484375 0.140625
1 0.08203125 0.6859375 0.05 0.1078125
1 0.7828125 0.22578125 0.10390625 0.02734375
1 0.78359375 0.19140625 0.1046875 0.08515625
2 0.6625 0.4921875 0.45234375 0.51953125