2 0.4734375 0.26015625 0.10234375 0.13671875
2 0.5203125 0.43046875 0.18046875 0.20625
2 0.58828125 0.2609375 0.1328125 0.13828125
2 0.8203125 0.5921875 0.20234375 0.1359375
2 0.35 0.24296875 0.14296875 0.1546875
2 0.39296875 0.3921875 0.065625 0.10078125
2 0.63359375 0.47421875 0.04140625 0.08046875
2 0.821875 0.33203125 0.20234375 0.15390625
2 0.81953125 0.4671875 0.20078125 0.11796875
2 0.31015625 0.38359375 0.1015625 0.1265625
0 0.58984375 0.35 0.04140625 0.05234375
2 0.31328125 0.53984375 0.09140625 0.18671875
0 0.334375 0.46484375 0.0390625 0.04765625
0 0.690625 0.35078125 0.0453125 0.05078125
0 0.38984375 0.325 0.04140625 0.04609375
0 0.3796875 0.4625 0.034375 0.0421875
0 0.73671875 0.55078125 0.04453125 0.053125
0 0.25546875 0.29453125 0.0390625 0.05078125
0 0.49609375 0.57265625 0.04765625 0.0578125
0 0.74609375 0.275 0.0453125 0.046875
0 0.73984375 0.68046875 0.04921875 0.05234375
2 0.1875 0.4765625 0.15 0.31328125
0 0.540625 0.30546875 0.0421875 0.03984375
2 0.39375 0.49375 0.06484375 0.09140625
0 0.440625 0.41484375 0.03828125 0.04453125
0 0.678125 0.6875 0.046875 0.04765625
0 0.63984375 0.53125 0.03125 0.0421875
1 0.36015625 0.58359375 0.01796875 0.04375
0 0.38125 0.1140625 0.05 0.053125
0 0.5875 0.62265625 0.03046875 0.0390625
1 0.5203125 0.765625 0.02421875 0.05546875
2 0.68671875 0.2609375 0.065625 0.13125
0 0.74140625 0.37734375 0.0484375 0.05078125
0 0.3875 0.1625 0.04765625 0.0515625
1 0.9171875 0.34375 0.021875 0.059375
2 0.54609375 0.56328125 0.05 0.09296875
1 0.9171875 0.56953125 0.02265625 0.06796875
1 0.91796875 0.44921875 0.021875 0.06640625
0 0.2875 0.4203125 0.0421875 0.04140625
2 0.61328125 0.56171875 0.09140625 0.0875
1 0.7203125 0.4234375 0.01953125 0.0546875
1 0.91640625 0.7765625 0.0234375 0.06015625
1 0.71875 0.6171875 0.01796875 0.08515625
0 0.09375 0.26640625 0.04609375 0.04296875
0 0.734375 0.4671875 0.05 0.05078125
0 0.209375 0.66796875 0.04453125 0.05703125
2 0.81953125 0.784375 0.1984375 0.2640625
0 0.590625 0.48828125 0.03828125 0.05
2 0.58828125 0.6734375 0.1375 0.1296875
1 0.91640625 0.8140625 0.02265625 0.0796875
1 0.73125 0.46640625 0.0421875 0.05078125
1 0.8265625 0.9171875 0.0515625 0.02265625
1 0.52421875 0.25 0.015625 0.0828125
0 0.17109375 0.66640625 0.05546875 0.059375
2 0.81875 0.2234375 0.20078125 0.06484375
2 0.61796875 0.81640625 0.19453125 0.20859375
1 0.61484375 0.9171875 0.04921875 0.01484375
2 0.44375 0.58984375 0.15546875 0.11015625