2 0.30625 0.225 0.4109375 0.36640625
2 0.70546875 0.275 0.41328125 0.26015625
2 0.18359375 0.4640625 0.16796875 0.125
0 0.60859375 0.74765625 0.11875 0.12421875
2 0.765625 0.6375 0.26953125 0.21484375
0 0.4453125 0.37578125 0.10625 0.06875
0 0.58359375 0.146875 0.10859375 0.12265625
2 0.7734375 0.4640625 0.25546875 0.1234375
0 0.5890625 0.49609375 0.11171875 0.0671875
1 0.75 0.1453125 0.234375 0.03828125
0 0.56015625 0.3765625 0.1078125 0.06875
0 0.60859375 0.43203125 0.10078125 0.05390625
0 0.29375 0.4609375 0.08828125 0.0515625
1 0.3 0.046875 0.328125 0.03671875
1 0.7421875 0.74453125 0.190625 0.03515625
1 0.47578125 0.74609375 0.184375 0.03984375
0 0.325 0.4984375 0.11875 0.06328125
1 0.221875 0.9578125 0.27421875 0.0359375
1 0.49375 0.95703125 0.24453125 0.03359375
1 0.76484375 0.9609375 0.26484375 0.03515625
1 0.9078125 0.81875 0.05234375 0.13984375
2 0.2046875 0.62890625 0.35546875 0.21171875