2 0.5015625 0.6671875 0.146875 0.27890625
0 0.4671875 0.11796875 0.05078125 0.128125
2 0.35390625 0.625 0.1328125 0.38203125
2 0.5671875 0.35703125 0.06171875 0.1484375
0 0.215625 0.28203125 0.05078125 0.0703125
0 0.7953125 0.60859375 0.0484375 0.0734375
0 0.4515625 0.55859375 0.04765625 0.0765625
0 0.41015625 0.084375 0.046875 0.07421875
2 0.3375 0.17109375 0.10234375 0.1109375
2 0.41328125 0.1671875 0.05234375 0.1015625
0 0.67421875 0.6109375 0.05078125 0.07734375
0 0.73125 0.82734375 0.0453125 0.078125
2 0.6375 0.68828125 0.12265625 0.23125
0 0.57890625 0.45234375 0.03984375 0.0640625
2 0.33828125 0.35234375 0.103125 0.15
2 0.521875 0.2 0.1609375 0.1625
1 0.48984375 0.80859375 0.09140625 0.0375
0 0.409375 0.46796875 0.05 0.0765625
2 0.68984375 0.275 0.17109375 0.3265625
1 0.85859375 0.80390625 0.0875 0.03828125
1 0.359375 0.81015625 0.09609375 0.0359375
2 0.1171875 0.321875 0.15625 0.2234375
2 0.478125 0.359375 0.1109375 0.15234375
0 0.7328125 0.72734375 0.05 0.078125
0 0.40546875 0.4 0.046875 0.06796875
1 0.62265625 0.80703125 0.08515625 0.03515625
2 0.86484375 0.6671875 0.1796875 0.2734375
1 0.54375 0.1140625 0.09296875 0.0296875
1 0.2875 0.371875 0.021875 0.08203125
1 0.81796875 0.1109375 0.0703125 0.028125
2 0.73515625 0.61640625 0.07734375 0.06328125
1 0.04296875 0.88125 0.01875 0.090625
1 0.6890625 0.11015625 0.0828125 0.02578125
0 0.93515625 0.1203125 0.0234375 0.0390625
2 0.86484375 0.321875 0.1921875 0.4375