2 0.421875 0.240625 0.3953125 0.33046875
2 0.69765625 0.20546875 0.1375 0.240625
2 0.83046875 0.84375 0.11328125 0.25078125
1 0.21171875 0.5953125 0.0734375 0.24609375
1 0.40078125 0.0625 0.1765625 0.06328125
0 0.83125 0.44453125 0.10234375 0.121875
1 0.89375 0.0609375 0.08359375 0.05625
0 0.8 0.2640625 0.1046875 0.11484375
0 0.171875 0.31796875 0.1 0.11953125
2 0.1109375 0.27578125 0.19609375 0.3671875
0 0.28359375 0.33984375 0.11171875 0.1140625
2 0.85703125 0.22890625 0.18671875 0.3328125
2 0.81015625 0.24765625 0.12890625 0.1828125
0 0.44609375 0.6265625 0.38046875 0.4421875