2 0.88125 0.50546875 0.14765625 0.2234375
2 0.296875 0.215625 0.1578125 0.33515625
2 0.29375 0.659375 0.159375 0.3421875
2 0.9125 0.2078125 0.10078125 0.3328125
2 0.1703125 0.2640625 0.08671875 0.23359375
2 0.71953125 0.77265625 0.08359375 0.1453125
2 0.7640625 0.50078125 0.08828125 0.21328125
2 0.79453125 0.11953125 0.1234375 0.13828125
2 0.11328125 0.67421875 0.20078125 0.55234375
0 0.7046875 0.6609375 0.05859375 0.09453125
2 0.675 0.14375 0.11484375 0.175
0 0.715625 0.09453125 0.04296875 0.0734375
0 0.8828125 0.28125 0.0453125 0.08046875
0 0.61796875 0.8796875 0.05625 0.0984375
1 0.9546875 0.51953125 0.0234375 0.1390625
2 0.26484375 0.440625 0.09375 0.096875
2 0.55390625 0.23359375 0.1171875 0.32109375
2 0.85703125 0.7234375 0.1984375 0.2203125
2 0.0734375 0.2609375 0.10078125 0.23125
0 0.78359375 0.65859375 0.0546875 0.08515625
0 0.61640625 0.740625 0.0546875 0.08828125
0 0.35 0.3328125 0.05546875 0.0828125
0 0.3953125 0.55390625 0.05625 0.0859375
1 0.16328125 0.14375 0.05078125 0.03515625
1 0.70546875 0.8453125 0.0375 0.03515625
1 0.31953125 0.846875 0.0703125 0.04609375
2 0.421875 0.2375 0.09296875 0.31953125
1 0.02109375 0.25 0.0234375 0.09375
1 0.31171875 0.04375 0.071875 0.03515625
1 0.0203125 0.725 0.0203125 0.0796875
1 0.409375 0.8484375 0.05625 0.046875
0 0.31953125 0.5078125 0.04140625 0.06875
1 0.8671875 0.84375 0.06015625 0.0328125
0 0.63984375 0.275 0.0484375 0.0828125
0 0.1 0.4234375 0.0484375 0.0921875
1 0.53828125 0.04375 0.0921875 0.03515625
0 0.68984375 0.2671875 0.046875 0.08125
1 0.37265625 0.16796875 0.02578125 0.2328125
1 0.9609375 0.1359375 0.01875 0.16953125
1 0.95546875 0.7765625 0.01796875 0.065625
1 0.51484375 0.84453125 0.05234375 0.03359375
2 0.6328125 0.77109375 0.0890625 0.134375
2 0.65234375 0.54609375 0.13125 0.30703125
1 0.02109375 0.84453125 0.021875 0.196875
1 0.96015625 0.271875 0.01640625 0.09296875
1 0.7859375 0.04140625 0.03359375 0.0265625
1 0.6734375 0.0453125 0.034375 0.0359375
2 0.490625 0.221875 0.23671875 0.34375
2 0.48046875 0.61640625 0.2140625 0.44375