2 0.60703125 0.28671875 0.11640625 0.24375
0 0.6078125 0.45234375 0.0453125 0.0953125
2 0.1578125 0.80625 0.23671875 0.32109375
0 0.6078125 0.58984375 0.04609375 0.1015625
2 0.33828125 0.74375 0.1125 0.20078125
2 0.5890625 0.7328125 0.1484375 0.203125
2 0.771875 0.35 0.21328125 0.36015625
2 0.92734375 0.346875 0.09140625 0.35546875
0 0.68828125 0.57265625 0.0515625 0.11015625
0 0.490625 0.53125 0.04296875 0.0921875
0 0.34375 0.89296875 0.046875 0.10703125
2 0.465625 0.3265625 0.16484375 0.31875
1 0.33203125 0.153125 0.0546875 0.046875
0 0.85390625 0.5734375 0.04921875 0.09921875
0 0.30234375 0.903125 0.046875 0.1171875
2 0.2109375 0.403125 0.34140625 0.48828125
0 0.6875 0.46640625 0.04921875 0.09296875
1 0.87890625 0.696875 0.01953125 0.13828125
0 0.9046875 0.5765625 0.04921875 0.0953125
1 0.459375 0.15703125 0.0796875 0.0390625
0 0.4203125 0.91171875 0.0515625 0.1125
2 0.92734375 0.925 0.09140625 0.15
0 0.5265625 0.92265625 0.0515625 0.1171875
0 0.47265625 0.90546875 0.05390625 0.1203125
2 0.771875 0.68046875 0.215625 0.3234375