2 0.58046875 0.321875 0.1875 0.2015625
2 0.765625 0.34375 0.18671875 0.27734375
2 0.3578125 0.7703125 0.11484375 0.16640625
2 0.778125 0.6359375 0.15859375 0.103125
2 0.5515625 0.5453125 0.1140625 0.08046875
0 0.70078125 0.2375 0.059375 0.0625
2 0.3828125 0.63671875 0.065625 0.09140625
0 0.57734375 0.6109375 0.046875 0.0484375
0 0.64375 0.5671875 0.0546875 0.04921875
0 0.62734375 0.46796875 0.0453125 0.040625
0 0.72890625 0.565625 0.05234375 0.046875
0 0.26640625 0.228125 0.0625 0.0953125
0 0.69921875 0.45859375 0.059375 0.0515625
0 0.6421875 0.39921875 0.0640625 0.05546875
2 0.56796875 0.4640625 0.0890625 0.0859375
1 0.1375 0.2203125 0.115625 0.0296875
0 0.33203125 0.6296875 0.04296875 0.03828125
1 0.56953125 0.21953125 0.1046875 0.02578125
0 0.25390625 0.625 0.05859375 0.05390625
2 0.125 0.315625 0.1453125 0.18203125
1 0.5875 0.6890625 0.06328125 0.03125
0 0.2546875 0.70390625 0.06484375 0.05078125
2 0.596875 0.6375 0.215625 0.1
1 0.78046875 0.215625 0.10703125 0.0265625
0 0.16796875 0.35078125 0.05625 0.05
1 0.7640625 0.6890625 0.06171875 0.0296875
0 0.27890625 0.79296875 0.04296875 0.03828125
1 0.3515625 0.22421875 0.10625 0.02578125
1 0.1203125 0.68359375 0.115625 0.02890625
1 0.05234375 0.76953125 0.04296875 0.15234375
2 0.1203125 0.609375 0.1390625 0.13671875
2 0.31953125 0.66484375 0.06640625 0.03671875
1 0.05390625 0.3171875 0.02421875 0.0625
1 0.4796875 0.3234375 0.04453125 0.1890625
2 0.13125 0.48125 0.146875 0.14296875
2 0.165625 0.39296875 0.06015625 0.0359375