2 0.7890625 0.78046875 0.33828125 0.21875
2 0.3359375 0.821875 0.1984375 0.13203125
2 0.4328125 0.4453125 0.19453125 0.321875
2 0.28046875 0.66328125 0.115625 0.12265625
2 0.14921875 0.66015625 0.16484375 0.11328125
0 0.615625 0.2234375 0.1015625 0.07734375
0 0.54765625 0.91875 0.09375 0.07421875
0 0.553125 0.790625 0.09453125 0.07265625
2 0.19609375 0.3890625 0.27265625 0.27421875
2 0.14921875 0.8046875 0.18671875 0.1703125
0 0.2015625 0.7984375 0.09375 0.0640625
0 0.18203125 0.74296875 0.0703125 0.05
0 0.36796875 0.6765625 0.1046875 0.065625
0 0.37890625 0.7328125 0.08828125 0.0625
0 0.29609375 0.48828125 0.09140625 0.06484375
1 0.95234375 0.6203125 0.05078125 0.1078125
1 0.7734375 0.89296875 0.13515625 0.03671875
1 0.18125 0.88671875 0.078125 0.034375
0 0.690625 0.7015625 0.09921875 0.06875
0 0.69375 0.6390625 0.09921875 0.06328125
0 0.21875 0.50078125 0.08125 0.05625
1 0.3640625 0.88828125 0.0671875 0.0328125
2 0.2 0.56328125 0.2765625 0.08203125
1 0.1796875 0.25078125 0.16953125 0.03984375
1 0.78046875 0.2546875 0.159375 0.03359375
2 0.5828125 0.68046875 0.13984375 0.15859375
1 0.44375 0.25078125 0.17109375 0.03046875
2 0.7859375 0.38359375 0.33203125 0.2359375
0 0.16796875 0.80390625 0.153125 0.115625
2 0.90625 0.4671875 0.10859375 0.07109375
0 0.19921875 0.54921875 0.2953125 0.1109375