2 0.86796875 0.66875 0.178125 0.2875
2 0.61796875 0.32734375 0.31015625 0.34296875
2 0.178125 0.278125 0.20390625 0.24609375
2 0.86015625 0.28984375 0.2 0.2765625
2 0.321875 0.40078125 0.08359375 0.20625
2 0.365625 0.65703125 0.1890625 0.303125
2 0.83671875 0.48125 0.0734375 0.1109375
0 0.4796875 0.6421875 0.05390625 0.0828125
0 0.334375 0.12265625 0.05 0.0640625
0 0.81875 0.61640625 0.05078125 0.0796875
0 0.33828125 0.27109375 0.04140625 0.065625
0 0.74921875 0.69609375 0.05703125 0.0875
0 0.74921875 0.84140625 0.0546875 0.0875
0 0.346875 0.46875 0.0375 0.06171875
2 0.41015625 0.29140625 0.09765625 0.27734375
0 0.43984375 0.25078125 0.04140625 0.07109375
0 0.290625 0.20625 0.0359375 0.06796875
2 0.91015625 0.48203125 0.0828125 0.11796875
0 0.78671875 0.459375 0.0375 0.06015625
2 0.409375 0.46796875 0.09765625 0.08203125
2 0.33125 0.68125 0.115625 0.16484375
2 0.93125 0.24609375 0.05546875 0.18984375
2 0.17265625 0.5984375 0.19296875 0.4296875
0 0.8953125 0.5140625 0.0421875 0.06015625
2 0.571875 0.66171875 0.23125 0.29765625
1 0.58125 0.1484375 0.0640625 0.034375
1 0.64453125 0.15 0.071875 0.03203125
0 0.16953125 0.8375 0.0546875 0.07734375
1 0.17578125 0.14921875 0.06328125 0.0359375