2 0.69765625 0.6234375 0.396875 0.190625
2 0.29921875 0.3640625 0.44140625 0.1984375
2 0.70546875 0.39921875 0.39296875 0.2703125
2 0.19453125 0.53515625 0.21953125 0.15390625
2 0.1671875 0.90546875 0.20546875 0.1515625
2 0.16640625 0.659375 0.15625 0.103125
0 0.57109375 0.50703125 0.11953125 0.0546875
0 0.35 0.5265625 0.1203125 0.04765625
0 0.25546875 0.5890625 0.08828125 0.040625
0 0.42890625 0.48359375 0.1140625 0.05703125
0 0.44453125 0.65078125 0.12265625 0.05078125
1 0.2640625 0.265625 0.24921875 0.02890625
0 0.33203125 0.8765625 0.1046875 0.04921875
0 0.44296875 0.74140625 0.1171875 0.06953125
2 0.46171875 0.584375 0.1125 0.0828125
0 0.4609375 0.58359375 0.1078125 0.07578125
2 0.59609375 0.8609375 0.61171875 0.278125