2 0.79140625 0.7953125 0.23359375 0.1828125
2 0.3046875 0.571875 0.190625 0.32890625
2 0.47109375 0.79375 0.14375 0.1734375
0 0.45703125 0.35625 0.06875 0.07890625
0 0.5671875 0.74296875 0.06796875 0.0734375
1 0.8078125 0.39921875 0.14921875 0.0546875
1 0.3046875 0.39765625 0.13125 0.04765625
0 0.74453125 0.73671875 0.06171875 0.0734375
0 0.59609375 0.9203125 0.065625 0.08125
1 0.653125 0.39921875 0.15078125 0.04921875
1 0.909375 0.78828125 0.03359375 0.1140625
1 0.909375 0.51953125 0.04921875 0.18125
2 0.625 0.55859375 0.46875 0.290625
1 0.909375 0.646875 0.03515625 0.0578125
1 0.51171875 0.4 0.04453125 0.04140625
2 0.61328125 0.79765625 0.13203125 0.175