2 0.27109375 0.16640625 0.12734375 0.12578125
2 0.8859375 0.3484375 0.14609375 0.11953125
2 0.74609375 0.16484375 0.13046875 0.11875
2 0.1328125 0.346875 0.1515625 0.11640625
2 0.26796875 0.259375 0.13046875 0.0609375
2 0.2296875 0.315625 0.05390625 0.05234375
2 0.14453125 0.86796875 0.171875 0.0734375
2 0.56171875 0.66953125 0.1046875 0.06328125
2 0.45625 0.66875 0.0984375 0.0625
2 0.871875 0.8671875 0.1671875 0.07421875
2 0.134375 0.140625 0.146875 0.0734375
2 0.74609375 0.25859375 0.13125 0.0609375
2 0.278125 0.7203125 0.10703125 0.09609375
2 0.78828125 0.31640625 0.05234375 0.053125
2 0.22890625 0.37421875 0.05078125 0.06171875
2 0.73671875 0.721875 0.10390625 0.090625
2 0.73671875 0.809375 0.103125 0.08203125
2 0.29296875 0.321875 0.0734375 0.06796875
2 0.88125 0.14375 0.14609375 0.0703125
2 0.11328125 0.81015625 0.09140625 0.04375
0 0.83671875 0.3015625 0.04296875 0.03125
2 0.28046875 0.80859375 0.10546875 0.084375
0 0.225 0.190625 0.04453125 0.0296875
2 0.10703125 0.75390625 0.08671875 0.0671875
2 0.78828125 0.3734375 0.04765625 0.0609375
2 0.903125 0.81015625 0.08828125 0.04453125
0 0.7921875 0.19140625 0.04609375 0.028125
2 0.725 0.3203125 0.07421875 0.0609375
2 0.72421875 0.375 0.075 0.05078125
0 0.1796875 0.30234375 0.040625 0.0296875
0 0.828125 0.37109375 0.0390625 0.02421875
0 0.190625 0.37109375 0.0390625 0.025
0 0.1890625 0.2625 0.0421875 0.02890625
0 0.828125 0.2625 0.0453125 0.0296875
0 0.84296875 0.81484375 0.04609375 0.028125
1 0.06015625 0.36640625 0.021875 0.040625
0 0.8109375 0.84296875 0.040625 0.02890625
2 0.29375 0.3765625 0.07578125 0.0515625
1 0.1125 0.1015625 0.08515625 0.01328125
0 0.17421875 0.815625 0.046875 0.03125
0 0.1796875 0.08984375 0.04375 0.03359375
1 0.059375 0.13671875 0.02578125 0.05703125
0 0.8359375 0.58515625 0.0453125 0.03125
0 0.2734375 0.3375 0.034375 0.02421875
0 0.8359375 0.0890625 0.04453125 0.0359375
2 0.90859375 0.75 0.0828125 0.07265625
1 0.90546875 0.10234375 0.08046875 0.0140625
0 0.1796875 0.5859375 0.04375 0.0296875
1 0.05859375 0.26484375 0.021875 0.040625
0 0.20625 0.84296875 0.0453125 0.03125
0 0.73984375 0.278125 0.04296875 0.0265625
1 0.2703125 0.6 0.075 0.0140625
1 0.88359375 0.40703125 0.046875 0.0140625
1 0.9546875 0.86328125 0.02421875 0.0421875
1 0.95625 0.36640625 0.02421875 0.040625
1 0.33515625 0.2671875 0.01953125 0.02890625
1 0.7546875 0.103125 0.05546875 0.01328125
1 0.26640625 0.103125 0.0578125 0.015625
1 0.13515625 0.4078125 0.0515625 0.0140625
1 0.1109375 0.6 0.084375 0.01640625
1 0.88046875 0.9046875 0.0484375 0.0125
1 0.6828125 0.2671875 0.0203125 0.0296875
1 0.90390625 0.60078125 0.08671875 0.015625
0 0.7453125 0.3390625 0.034375 0.02734375
1 0.1359375 0.90390625 0.0453125 0.0125
1 0.06015625 0.634375 0.0234375 0.05703125
1 0.29296875 0.40625 0.0546875 0.01484375
1 0.45234375 0.63671875 0.05546875 0.01171875
0 0.73515625 0.86953125 0.04375 0.03515625
2 0.7328125 0.63828125 0.1046875 0.06953125
1 0.5625 0.63671875 0.053125 0.0125
0 0.7140625 0.6015625 0.02578125 0.0171875
2 0.8578125 0.65859375 0.2 0.109375
1 0.95546875 0.76171875 0.01953125 0.03671875
1 0.95390625 0.63515625 0.0234375 0.0546875
1 0.7484375 0.59921875 0.0671875 0.0140625
1 0.0609375 0.86328125 0.02265625 0.04296875
0 0.2828125 0.8671875 0.04453125 0.0328125
0 0.275 0.2796875 0.0421875 0.025
0 0.84765625 0.18984375 0.03515625 0.02421875
1 0.725 0.4046875 0.05859375 0.0140625
1 0.9609375 0.26484375 0.01953125 0.0375
0 0.17109375 0.1890625 0.03671875 0.025
2 0.16328125 0.6609375 0.20390625 0.11328125
1 0.95625 0.13828125 0.02265625 0.053125
2 0.25859375 0.3171875 0.1125 0.05625
0 0.340625 0.30703125 0.03125 0.0234375
0 0.30078125 0.6015625 0.0234375 0.015625
2 0.11796875 0.19609375 0.1140625 0.04140625
1 0.06015625 0.20546875 0.0171875 0.015625
2 0.74453125 0.27734375 0.05390625 0.02890625
0 0.78046875 0.27890625 0.03515625 0.02578125
2 0.3015625 0.359375 0.05 0.0234375
0 0.18359375 0.3640625 0.0546875 0.0453125
1 0.4578125 0.3703125 0.059375 0.01328125
1 0.5609375 0.3703125 0.0640625 0.01328125
1 0.68046875 0.3078125 0.021875 0.02578125