2 0.8171875 0.6609375 0.2171875 0.27265625
2 0.33125 0.53203125 0.23359375 0.25625
2 0.871875 0.871875 0.09609375 0.14296875
2 0.81640625 0.38125 0.21953125 0.2765625
2 0.6703125 0.41953125 0.07890625 0.190625
0 0.4203125 0.609375 0.06015625 0.0875
1 0.21484375 0.7515625 0.03125 0.12421875
2 0.4953125 0.4890625 0.103125 0.1546875
0 0.7359375 0.74921875 0.06484375 0.08984375
0 0.24453125 0.29921875 0.06796875 0.090625
0 0.4265625 0.48125 0.05859375 0.07109375
0 0.678125 0.828125 0.05703125 0.08125
0 0.18671875 0.3015625 0.0671875 0.090625
0 0.7328125 0.28515625 0.05859375 0.08203125
0 0.728125 0.59296875 0.053125 0.06484375
1 0.92890625 0.696875 0.03515625 0.12421875
1 0.21484375 0.57734375 0.0296875 0.13203125
2 0.121875 0.228125 0.18515625 0.37578125
1 0.92890625 0.3796875 0.0359375 0.121875
2 0.14921875 0.57265625 0.12890625 0.18828125
0 0.80546875 0.834375 0.04765625 0.065625
0 0.190625 0.846875 0.0578125 0.0859375
0 0.6109375 0.41640625 0.0515625 0.0671875
0 0.6015625 0.7609375 0.0890625 0.08671875
0 0.24453125 0.84609375 0.0671875 0.08359375
2 0.7921875 0.90625 0.0640625 0.08671875
2 0.734375 0.140625 0.3625 0.20625
2 0.1265625 0.78125 0.1828125 0.25078125
2 0.66796875 0.5796875 0.0796875 0.11171875
0 0.52265625 0.96796875 0.05625 0.0640625
1 0.08671875 0.596875 0.02578125 0.1171875
1 0.2125 0.1734375 0.03125 0.20078125
0 0.7890625 0.971875 0.04921875 0.05625
2 0.38203125 0.22578125 0.32578125 0.3609375
1 0.05703125 0.371875 0.0546875 0.08203125
0 0.60859375 0.95078125 0.071875 0.09296875
2 0.80625 0.0640625 0.059375 0.06171875
2 0.61328125 0.946875 0.0609375 0.0890625
2 0.57734375 0.96015625 0.06015625 0.0796875
1 0.95546875 0.12734375 0.04140625 0.13125
2 0.740625 0.8703125 0.175 0.1609375