2 0.65 0.71328125 0.546875 0.1765625
2 0.4953125 0.30625 0.85546875 0.303125
0 0.3703125 0.878125 0.17734375 0.05546875
0 0.2875 0.8328125 0.18828125 0.06875
2 0.77578125 0.58125 0.24375 0.0875
2 0.590625 0.515625 0.4265625 0.12734375
0 0.58046875 0.64296875 0.1328125 0.046875
0 0.32265625 0.51640625 0.14296875 0.05625
2 0.7859375 0.065625 0.27421875 0.1296875
2 0.515625 0.60234375 0.2859375 0.0453125
2 0.2828125 0.9359375 0.328125 0.0828125
0 0.3 0.67109375 0.15625 0.05625
0 0.453125 0.653125 0.1609375 0.05625
1 0.1015625 0.346875 0.09375 0.09921875