2 0.271875 0.7421875 0.3140625 0.28359375
2 0.33046875 0.43984375 0.44375 0.334375
2 0.72421875 0.41796875 0.3640625 0.27578125
0 0.49453125 0.809375 0.15234375 0.09375
2 0.72734375 0.6390625 0.365625 0.17734375
0 0.59921875 0.4625 0.14140625 0.0859375
0 0.490625 0.6328125 0.11796875 0.07890625
1 0.26953125 0.8859375 0.1703125 0.0375
0 0.84453125 0.71953125 0.0953125 0.0625
1 0.75546875 0.27109375 0.2546875 0.040625
1 0.2859375 0.2703125 0.26328125 0.0390625
0 0.4640625 0.2375 0.12265625 0.07890625
0 0.7640625 0.9859375 0.065625 0.02734375
0 0.64296875 0.94140625 0.10625 0.0703125
2 0.775 0.8140625 0.25859375 0.1359375