2 0.1125 0.30390625 0.16171875 0.14765625
2 0.2359375 0.5984375 0.0953125 0.1296875
2 0.8296875 0.24921875 0.1796875 0.225
2 0.11015625 0.46953125 0.1625 0.1875
2 0.8296875 0.45625 0.178125 0.17421875
2 0.2671875 0.35 0.14296875 0.2296875
2 0.49140625 0.28203125 0.10546875 0.0984375
2 0.38125 0.4390625 0.08828125 0.21953125
0 0.44140625 0.6015625 0.05 0.0640625
0 0.70546875 0.2609375 0.05546875 0.08046875
0 0.77734375 0.51015625 0.05078125 0.0671875
2 0.39140625 0.27890625 0.1015625 0.10703125
0 0.10703125 0.1984375 0.04921875 0.06796875
0 0.36015625 0.353125 0.03515625 0.0484375
0 0.765625 0.325 0.05234375 0.06875
0 0.25703125 0.5125 0.03984375 0.0515625
0 0.21171875 0.49140625 0.05078125 0.065625
0 0.71953125 0.7203125 0.0515625 0.0640625
1 0.03046875 0.50390625 0.0203125 0.07265625
1 0.8296875 0.13515625 0.078125 0.0359375
1 0.03359375 0.2765625 0.01953125 0.0703125
0 0.86640625 0.62109375 0.040625 0.053125
0 0.48046875 0.71796875 0.05078125 0.0671875
2 0.86484375 0.5921875 0.1078125 0.10390625
1 0.02890625 0.65859375 0.0234375 0.075
2 0.6453125 0.7625 0.19921875 0.2359375
2 0.63984375 0.13515625 0.19140625 0.18359375
2 0.38046875 0.5984375 0.0875 0.0984375
2 0.44140625 0.7828125 0.0453125 0.05546875
1 0.8203125 0.87890625 0.0765625 0.03046875
2 0.8296875 0.76328125 0.1765625 0.23203125
1 0.6078125 0.23125 0.10859375 0.03671875
1 0.62109375 0.87890625 0.08125 0.03046875
1 0.275 0.871875 0.078125 0.0328125
0 0.44453125 0.503125 0.046875 0.0609375
0 0.4796875 0.846875 0.04296875 0.065625
1 0.9203125 0.44296875 0.0234375 0.09765625
2 0.378125 0.684375 0.08828125 0.0765625
0 0.4859375 0.2015625 0.04921875 0.065625
2 0.39453125 0.7484375 0.04609375 0.06640625
0 0.39453125 0.74765625 0.04609375 0.06484375
1 0.2953125 0.228125 0.05 0.0265625
0 0.31796875 0.4984375 0.05078125 0.0609375
1 0.2578125 0.22734375 0.08125 0.02734375
2 0.11015625 0.71328125 0.16640625 0.309375
2 0.30390625 0.7671875 0.22265625 0.2078125
0 0.08125 0.90625 0.06171875 0.0953125
0 0.14296875 0.9109375 0.06171875 0.0953125
2 0.646875 0.4359375 0.2078125 0.41484375
2 0.48359375 0.53671875 0.1203125 0.4234375