2 0.7078125 0.309375 0.3984375 0.28359375
0 0.7859375 0.49140625 0.234375 0.0921875
2 0.25078125 0.66953125 0.3859375 0.27890625
2 0.2890625 0.34375 0.4546875 0.21484375
0 0.1765625 0.48671875 0.23203125 0.0796875
0 0.6140625 0.74296875 0.1234375 0.0671875
2 0.7875 0.7578125 0.2328125 0.1171875
2 0.62734375 0.6328125 0.11640625 0.05078125
2 0.78671875 0.61953125 0.2375 0.16796875
2 0.62890625 0.51171875 0.10625 0.04921875
2 0.72109375 0.6765625 0.10859375 0.05625
2 0.22265625 0.5484375 0.0859375 0.0515625
2 0.4 0.5703125 0.1 0.0546875
2 0.559375 0.42421875 0.1234375 0.059375
0 0.6125 0.8375 0.1203125 0.059375
2 0.45703125 0.13359375 0.1140625 0.0515625
0 0.6359375 0.9140625 0.10390625 0.05234375
0 0.55390625 0.5484375 0.23515625 0.1890625
1 0.22578125 0.81328125 0.225 0.0328125
2 0.2859375 0.16484375 0.4625 0.1515625
2 0.5578125 0.13515625 0.0921875 0.0484375