2 0.53125 0.3875 0.10390625 0.13203125
2 0.871875 0.57109375 0.11875 0.125
2 0.7625 0.57265625 0.103125 0.1265625
2 0.5046875 0.234375 0.053125 0.075
2 0.55546875 0.23515625 0.04765625 0.07734375
2 0.746875 0.4171875 0.05234375 0.0625
0 0.4609375 0.3375 0.02890625 0.04140625
2 0.74765625 0.32421875 0.05078125 0.1265625
0 0.41796875 0.4671875 0.03046875 0.0453125
0 0.828125 0.6125 0.03046875 0.040625
0 0.46796875 0.21484375 0.028125 0.0375
0 0.4671875 0.2921875 0.03046875 0.03828125
2 0.6625 0.63125 0.0921875 0.2609375
0 0.49140625 0.3453125 0.03046875 0.04140625
0 0.2453125 0.23203125 0.03515625 0.0421875
0 0.459375 0.17421875 0.0296875 0.04453125
0 0.709375 0.30078125 0.02890625 0.034375
2 0.67109375 0.38359375 0.10078125 0.125
0 0.71015625 0.34140625 0.02890625 0.0375
2 0.66640625 0.25703125 0.090625 0.13203125
2 0.50546875 0.296875 0.05234375 0.04921875
0 0.69609375 0.6609375 0.0328125 0.0390625
1 0.621875 0.3453125 0.0140625 0.04921875
1 0.3234375 0.18984375 0.03984375 0.0171875
0 0.5203125 0.2140625 0.02421875 0.03203125
1 0.5796875 0.38359375 0.015625 0.05546875
0 0.58984375 0.29609375 0.02890625 0.0375
1 0.32265625 0.4515625 0.03984375 0.02265625
1 0.940625 0.35625 0.0171875 0.0734375
1 0.621875 0.2953125 0.0140625 0.04140625
2 0.21640625 0.38828125 0.08828125 0.13359375
1 0.28828125 0.18984375 0.0375 0.015625
1 0.2875 0.45390625 0.03828125 0.01875
1 0.709375 0.58671875 0.0171875 0.05546875
1 0.5515625 0.190625 0.02109375 0.0140625
1 0.50625 0.1921875 0.01953125 0.01640625
1 0.94140625 0.40703125 0.01328125 0.0359375
2 0.55390625 0.296875 0.05078125 0.04921875
0 0.709375 0.32109375 0.028125 0.0765625
0 0.746875 0.3796875 0.02578125 0.021875
2 0.34140625 0.32109375 0.1625 0.25546875
0 0.46328125 0.31640625 0.0296875 0.0875
1 0.259375 0.4078125 0.0140625 0.0421875
1 0.21640625 0.45390625 0.08359375 0.0171875
2 0.85546875 0.32109375 0.1671875 0.2625
2 0.8234375 0.69453125 0.2265625 0.12421875