2 0.3171875 0.23515625 0.14765625 0.1859375
2 0.65 0.2375 0.11953125 0.18828125
2 0.61484375 0.571875 0.14140625 0.16328125
2 0.17265625 0.25 0.14296875 0.2078125
2 0.778125 0.571875 0.18046875 0.16171875
2 0.7859375 0.2375 0.1515625 0.18984375
2 0.42578125 0.39921875 0.08359375 0.17421875
2 0.23046875 0.59375 0.06640625 0.1078125
0 0.73671875 0.5125 0.03125 0.053125
0 0.72890625 0.3078125 0.034375 0.05078125
0 0.64140625 0.51171875 0.03125 0.05078125
2 0.8171875 0.4421875 0.1046875 0.09765625
0 0.75390625 0.43359375 0.0359375 0.05078125
0 0.6890625 0.3078125 0.034375 0.05390625
1 0.87890625 0.190625 0.01875 0.06640625
1 0.390625 0.2265625 0.02109375 0.09296875
0 0.40234375 0.4359375 0.0390625 0.0578125
0 0.26875 0.353125 0.03984375 0.0609375
0 0.2296875 0.46015625 0.03671875 0.053125
1 0.54609375 0.5671875 0.0171875 0.0640625
0 0.0828125 0.3234375 0.034375 0.05078125
2 0.234375 0.5125 0.07421875 0.06328125
0 0.5640625 0.3796875 0.0390625 0.065625
0 0.346875 0.66953125 0.03125 0.0546875
1 0.590625 0.2640625 0.01484375 0.059375
0 0.42265625 0.51171875 0.040625 0.06328125
1 0.05625 0.74609375 0.0203125 0.06796875
0 0.2921875 0.46015625 0.03671875 0.05078125
1 0.6328125 0.65078125 0.059375 0.02578125
1 0.78828125 0.1375 0.05703125 0.02109375
1 0.3890625 0.60078125 0.01875 0.08984375
1 0.65078125 0.1390625 0.0578125 0.025
1 0.465625 0.3828125 0.01875 0.06875
2 0.29375 0.565625 0.06875 0.16015625
1 0.1578125 0.1375 0.05 0.02734375
0 0.27578125 0.565625 0.03671875 0.04921875
2 0.653125 0.41015625 0.20078125 0.1578125
1 0.78671875 0.65234375 0.06015625 0.02734375
1 0.25703125 0.86875 0.0484375 0.0296875
0 0.35 0.46015625 0.03515625 0.05234375
1 0.103125 0.25390625 0.0171875 0.084375
1 0.54765625 0.4421875 0.01640625 0.05859375
1 0.4671875 0.42890625 0.01875 0.084375
0 0.04140625 0.80390625 0.04140625 0.053125
1 0.2234375 0.86796875 0.0453125 0.028125
2 0.859375 0.44296875 0.03515625 0.08828125
1 0.05625 0.4953125 0.02109375 0.06171875
1 0.28125 0.1390625 0.02265625 0.0296875
1 0.87734375 0.6171875 0.015625 0.05390625
2 0.19296875 0.759375 0.26875 0.2171875
2 0.12578125 0.49921875 0.14140625 0.30234375