2 0.84375 0.67734375 0.20546875 0.28984375
2 0.28515625 0.3640625 0.10546875 0.196875
2 0.28359375 0.76328125 0.1046875 0.12109375
2 0.13671875 0.646875 0.1859375 0.3734375
0 0.61796875 0.2625 0.0515625 0.15
2 0.2859375 0.6578125 0.1 0.09296875
2 0.27109375 0.5390625 0.075 0.15
0 0.203125 0.48828125 0.05078125 0.07890625
2 0.61015625 0.77109375 0.08125 0.10859375
0 0.678125 0.68359375 0.05390625 0.0828125
2 0.13984375 0.35625 0.18125 0.17734375
2 0.7921875 0.4046875 0.2875 0.27578125
0 0.3640625 0.36953125 0.06015625 0.07578125
0 0.625 0.6875 0.0453125 0.07578125
0 0.7609375 0.67890625 0.05546875 0.07109375
1 0.50703125 0.26171875 0.09765625 0.0375
2 0.45625 0.678125 0.23125 0.2859375
0 0.54921875 0.6796875 0.053125 0.07109375
0 0.20859375 0.64921875 0.05546875 0.07421875
0 0.67890625 0.84453125 0.053125 0.0875
2 0.490625 0.4015625 0.30546875 0.27109375
0 0.3140625 0.43203125 0.04375 0.06484375
0 0.20625 0.22890625 0.05078125 0.08046875
2 0.696875 0.76796875 0.09453125 0.0984375
1 0.41171875 0.26484375 0.09140625 0.028125
1 0.48046875 0.81484375 0.1046875 0.0375
0 0.1734375 0.8625 0.06015625 0.0828125
2 0.940625 0.0296875 0.03125 0.0515625
1 0.271875 0.26484375 0.065625 0.03046875
1 0.85390625 0.26328125 0.09609375 0.03359375
1 0.75859375 0.2625 0.0890625 0.03125
2 0.08125 0.44375 0.06640625 0.09765625
0 0.109375 0.86328125 0.06015625 0.0828125