2 0.715625 0.72578125 0.08359375 0.109375
2 0.2140625 0.6796875 0.134375 0.20390625
2 0.675 0.53671875 0.1671875 0.121875
2 0.246875 0.534375 0.06953125 0.090625
2 0.715625 0.63359375 0.08984375 0.07578125
2 0.53671875 0.68046875 0.11328125 0.20625
2 0.17890625 0.5359375 0.07421875 0.09296875
2 0.425 0.678125 0.11484375 0.19921875
0 0.33515625 0.8046875 0.04453125 0.0546875
2 0.83984375 0.21796875 0.16953125 0.13515625
0 0.17578125 0.596875 0.03515625 0.04375
0 0.65078125 0.57734375 0.046875 0.05234375
0 0.2625 0.60078125 0.0453125 0.05078125
0 0.575 0.54296875 0.053125 0.05078125
0 0.7859375 0.30625 0.04296875 0.05078125
0 0.57109375 0.5984375 0.0421875 0.0484375
0 0.8671875 0.12734375 0.04375 0.05390625
0 0.65546875 0.70234375 0.04375 0.04453125
2 0.675 0.37890625 0.16640625 0.20078125
0 0.38515625 0.6015625 0.04375 0.05078125
2 0.63359375 0.6421875 0.0828125 0.08671875
1 0.2234375 0.77890625 0.0546875 0.025
0 0.2984375 0.54765625 0.04296875 0.046875
0 0.70703125 0.57890625 0.04453125 0.0515625
0 0.2046875 0.25 0.04375 0.05078125
1 0.26875 0.275 0.08203125 0.025
1 0.7125 0.77734375 0.0640625 0.02421875
2 0.6328125 0.6890625 0.08515625 0.16015625
1 0.50625 0.27578125 0.0875 0.02890625
1 0.42109375 0.77890625 0.0546875 0.0265625
1 0.34921875 0.27578125 0.0875 0.0296875
1 0.428125 0.27734375 0.0890625 0.03203125
1 0.53515625 0.778125 0.065625 0.02421875
2 0.37421875 0.4015625 0.44921875 0.2421875
1 0.6578125 0.2765625 0.06875 0.028125
2 0.7796875 0.5390625 0.04140625 0.06171875
0 0.64296875 0.70703125 0.06328125 0.06796875