2 0.69296875 0.38359375 0.20234375 0.140625
2 0.5125 0.21328125 0.52421875 0.2796875
2 0.74140625 0.82109375 0.11171875 0.23671875
2 0.34375 0.6515625 0.1671875 0.0953125
0 0.65078125 0.76328125 0.096875 0.059375
0 0.5109375 0.0546875 0.08828125 0.0578125
0 0.47109375 0.7234375 0.0875 0.0703125
1 0.64765625 0.071875 0.1765625 0.0328125
2 0.67109375 0.5734375 0.24140625 0.2484375
2 0.3390625 0.48359375 0.16875 0.22734375
0 0.46015625 0.49921875 0.09140625 0.06015625
1 0.359375 0.071875 0.1828125 0.03203125
0 0.37890625 0.58359375 0.08125 0.05546875
1 0.36640625 0.6984375 0.06953125 0.0265625
1 0.65234375 0.4515625 0.103125 0.0265625
0 0.5484375 0.465625 0.0734375 0.084375
1 0.9703125 0.06953125 0.0578125 0.03125