2 0.5484375 0.47734375 0.26015625 0.234375
2 0.315625 0.4734375 0.20078125 0.240625
2 0.20703125 0.809375 0.26796875 0.2109375
2 0.6296875 0.784375 0.17578125 0.23359375
2 0.82109375 0.5015625 0.3015625 0.29921875
2 0.8421875 0.784375 0.25234375 0.24296875
2 0.21171875 0.64921875 0.26171875 0.10546875
2 0.4890625 0.8578125 0.109375 0.103125
0 0.3125 0.73359375 0.08046875 0.0609375
0 0.57265625 0.6984375 0.07109375 0.06796875
2 0.14921875 0.5390625 0.125 0.125
0 0.3890625 0.9234375 0.071875 0.0734375
0 0.39921875 0.83359375 0.06953125 0.0671875
0 0.790625 0.68359375 0.06484375 0.06484375
0 0.3140625 0.62421875 0.07578125 0.06328125
0 0.46484375 0.7875 0.06015625 0.0546875
0 0.38046875 0.565625 0.0734375 0.0671875
0 0.18671875 0.4984375 0.0625 0.05625
0 0.7234375 0.36171875 0.07421875 0.10625
1 0.834375 0.9 0.121875 0.03359375
1 0.21953125 0.90625 0.1140625 0.03359375
1 0.33515625 0.35078125 0.11484375 0.02890625
1 0.83828125 0.35 0.13359375 0.0421875
1 0.57890625 0.3515625 0.125 0.0265625
2 0.1453125 0.415625 0.13984375 0.1375
1 0.634375 0.90078125 0.11875 0.02421875
0 0.725 0.325 0.07265625 0.06640625
0 0.48671875 0.853125 0.11328125 0.11171875
0 0.14921875 0.5375 0.121875 0.12421875
1 0.07734375 0.63203125 0.03203125 0.05078125
1 0.0796875 0.85859375 0.034375 0.04296875
1 0.97265625 0.8203125 0.0296875 0.10546875