2 0.4890625 0.67734375 0.1390625 0.34609375
2 0.3671875 0.8078125 0.09453125 0.26796875
2 0.0484375 0.278125 0.078125 0.21796875
2 0.27578125 0.80859375 0.09453125 0.2703125
2 0.21171875 0.4 0.115625 0.1375
2 0.12109375 0.1 0.0671875 0.10546875
0 0.07265625 0.19765625 0.028125 0.0515625
0 0.271875 0.6984375 0.0296875 0.0640625
0 0.33828125 0.69765625 0.03046875 0.0671875
0 0.4421875 0.47421875 0.0375 0.07421875
2 0.95390625 0.56171875 0.06796875 0.07890625
0 0.16953125 0.09609375 0.0359375 0.0640625
0 0.4328125 0.23984375 0.03515625 0.0671875
0 0.171875 0.28671875 0.03359375 0.0671875
0 0.284375 0.5578125 0.03125 0.06640625
0 0.2125 0.92734375 0.0328125 0.06875
0 0.13984375 0.3578125 0.03125 0.06171875
0 0.13828125 0.28515625 0.03671875 0.0671875
2 0.60703125 0.61015625 0.0546875 0.16484375
2 0.12109375 0.25859375 0.06875 0.2359375
0 0.35 0.60703125 0.02890625 0.0515625
0 0.2140625 0.84453125 0.03671875 0.07109375
2 0.3859375 0.62890625 0.0546875 0.09140625
2 0.340625 0.4546875 0.14765625 0.25078125
0 0.64609375 0.62890625 0.025 0.04921875
0 0.8515625 0.625 0.03125 0.059375
2 0.9515625 0.66875 0.0640625 0.13984375
2 0.08359375 0.5625 0.1453125 0.34765625
1 0.15546875 0.228125 0.01640625 0.0828125
1 0.128125 0.04375 0.04609375 0.0234375
0 0.44609375 0.88046875 0.03359375 0.06875
2 0.6875 0.4734375 0.06328125 0.0796875
1 0.35 0.94296875 0.05703125 0.03125
1 0.22578125 0.32734375 0.07265625 0.034375
2 0.065625 0.115625 0.03828125 0.1265625
2 0.19375 0.75546875 0.07421875 0.125
0 0.07578125 0.36171875 0.02890625 0.05625
2 0.04140625 0.1125 0.06796875 0.1296875
2 0.08828125 0.8359375 0.16015625 0.1984375
1 0.5015625 0.50546875 0.1 0.03203125
1 0.00625 0.24921875 0.009375 0.04609375
2 0.6125 0.43828125 0.0703125 0.16484375
0 0.90859375 0.6203125 0.02109375 0.03828125
1 0.25859375 0.94296875 0.05546875 0.0296875
0 0.190625 0.9140625 0.01796875 0.04140625
1 0.00859375 0.7703125 0.01171875 0.04921875
1 0.0859375 0.94296875 0.1171875 0.04140625
2 0.9546875 0.8671875 0.0625 0.23203125
1 0.3515625 0.328125 0.0796875 0.03046875
2 0.48984375 0.41328125 0.14296875 0.1796875
0 0.48671875 0.89765625 0.04765625 0.0953125
0 0.53125 0.89765625 0.04765625 0.09140625
2 0.28828125 0.17890625 0.259375 0.28046875
1 0.3671875 0.0390625 0.0265625 0.02109375