2 0.859375 0.7796875 0.2421875 0.1109375
2 0.26640625 0.72578125 0.4796875 0.2328125
2 0.83046875 0.60625 0.31328125 0.21640625
0 0.46015625 0.165625 0.1578125 0.08828125
0 0.43828125 0.64609375 0.140625 0.0703125
0 0.81015625 0.6859375 0.13125 0.06796875
0 0.61328125 0.59453125 0.1359375 0.06953125
1 0.6828125 0.19921875 0.28046875 0.03828125
2 0.35703125 0.5265625 0.6421875 0.16953125
1 0.85859375 0.84296875 0.15546875 0.03203125
1 0.22109375 0.20390625 0.30859375 0.0359375
1 0.221875 0.84453125 0.2921875 0.03828125
1 0.59765625 0.840625 0.15546875 0.0296875
2 0.50546875 0.32265625 0.93046875 0.24375
0 0.6 0.8875 0.1390625 0.065625