2 0.35078125 0.7859375 0.265625 0.228125
2 0.684375 0.83671875 0.12578125 0.1265625
0 0.54375 0.9421875 0.090625 0.0875
0 0.79609375 0.7375 0.07265625 0.07265625
0 0.66171875 0.5484375 0.0921875 0.07890625
2 0.8171875 0.83671875 0.14453125 0.12578125
1 0.21015625 0.753125 0.0578125 0.121875
2 0.6921875 0.70859375 0.1390625 0.13671875
0 0.58671875 0.7328125 0.07578125 0.07265625
0 0.6515625 0.278125 0.07109375 0.08515625
0 0.58984375 0.81640625 0.07578125 0.0609375
1 0.2078125 0.2625 0.053125 0.11875
0 0.4421875 0.85234375 0.0828125 0.07265625
2 0.85546875 0.7078125 0.0703125 0.140625
2 0.76796875 0.4921875 0.25859375 0.30234375
1 0.70078125 0.34140625 0.13671875 0.034375
2 0.70078125 0.34140625 0.14296875 0.03359375
2 0.66328125 0.5484375 0.09453125 0.08203125