2 0.57421875 0.39375 0.1671875 0.225
2 0.4875 0.67578125 0.09296875 0.11484375
0 0.346875 0.24453125 0.04296875 0.07578125
2 0.7578125 0.33671875 0.1875 0.10703125
2 0.44453125 0.33359375 0.1015625 0.11015625
2 0.4046875 0.69609375 0.07421875 0.090625
0 0.24296875 0.47890625 0.0421875 0.07421875
1 0.04921875 0.325 0.02578125 0.1421875
0 0.87265625 0.34375 0.04296875 0.06484375
1 0.853125 0.50859375 0.02421875 0.1265625
0 0.51484375 0.48046875 0.03984375 0.07109375
0 0.34765625 0.5375 0.03515625 0.0578125
1 0.40703125 0.7421875 0.05390625 0.025
0 0.4390625 0.41640625 0.034375 0.05390625
0 0.403125 0.62109375 0.0359375 0.0515625
1 0.57265625 0.275 0.084375 0.034375
1 0.11875 0.8546875 0.0828125 0.04140625
0 0.48359375 0.5796875 0.0375 0.053125
2 0.3453125 0.38984375 0.09375 0.21640625
1 0.2671875 0.8 0.01953125 0.07265625
2 0.45859375 0.44609375 0.0734375 0.11796875
1 0.48671875 0.7390625 0.025 0.028125
1 0.2109375 0.853125 0.08359375 0.03984375
0 0.5171875 0.5796875 0.0359375 0.059375
1 0.22265625 0.190625 0.0421875 0.02734375
1 0.04921875 0.76640625 0.02578125 0.140625
1 0.1375 0.1921875 0.06328125 0.034375
0 0.37265625 0.42109375 0.02578125 0.046875
2 0.38359375 0.4734375 0.03046875 0.06171875
2 0.16171875 0.35859375 0.21875 0.32734375
1 0.60078125 0.7421875 0.034375 0.0328125
1 0.565625 0.74296875 0.05859375 0.0296875
1 0.4421875 0.27265625 0.090625 0.0296875
2 0.409375 0.4484375 0.0359375 0.1125
2 0.75703125 0.571875 0.1890625 0.35546875
2 0.31875 0.71953125 0.08515625 0.0984375
2 0.1625 0.6875 0.21796875 0.33125
2 0.5953125 0.64609375 0.12109375 0.20078125