2 0.759375 0.54765625 0.2234375 0.09765625
2 0.7609375 0.64609375 0.22734375 0.09921875
2 0.76640625 0.41953125 0.209375 0.15859375
2 0.53125 0.590625 0.096875 0.08828125
2 0.51953125 0.6640625 0.06484375 0.05859375
0 0.66640625 0.51484375 0.04765625 0.0359375
0 0.6453125 0.384375 0.05078125 0.0375
0 0.6671875 0.6125 0.0453125 0.03203125
1 0.8703125 0.3921875 0.03046875 0.06796875
1 0.87109375 0.53359375 0.03125 0.0765625
0 0.62109375 0.69375 0.046875 0.0640625
0 0.59921875 0.565625 0.04140625 0.0296875
2 0.57578125 0.3640625 0.17734375 0.07734375
1 0.871875 0.6375 0.028125 0.0734375
2 0.571875 0.4671875 0.1734375 0.12265625
0 0.6 0.659375 0.03515625 0.02734375