2 0.7421875 0.63125 0.18671875 0.17421875
2 0.73046875 0.36640625 0.2109375 0.16953125
2 0.76328125 0.17578125 0.134375 0.21328125
2 0.33359375 0.62265625 0.11953125 0.175
2 0.596875 0.2703125 0.14140625 0.15625
2 0.57890625 0.50546875 0.1 0.134375
2 0.1484375 0.66484375 0.11015625 0.07578125
0 0.68359375 0.56796875 0.0515625 0.05078125
0 0.728125 0.26015625 0.05625 0.05703125
0 0.16015625 0.60859375 0.053125 0.05234375
0 0.1390625 0.159375 0.053125 0.0609375
0 0.6515625 0.51015625 0.0578125 0.05859375
0 0.24609375 0.73125 0.0546875 0.05546875
1 0.7390625 0.06796875 0.08671875 0.03515625
2 0.575 0.38515625 0.10546875 0.07265625
1 0.39765625 0.296875 0.040625 0.11640625
0 0.57265625 0.16328125 0.05390625 0.05625
0 0.296875 0.5921875 0.05546875 0.05
0 0.2359375 0.14296875 0.059375 0.0484375
1 0.30390625 0.06171875 0.08828125 0.03203125
0 0.67109375 0.14921875 0.0578125 0.0453125
1 0.79140625 0.7203125 0.0890625 0.03125
1 0.315625 0.71015625 0.05703125 0.02578125
2 0.1828125 0.3859375 0.18984375 0.3875
1 0.83671875 0.68984375 0.03203125 0.059375
0 0.25546875 0.51171875 0.05234375 0.04609375
1 0.20078125 0.18203125 0.0828125 0.028125
1 0.5796875 0.721875 0.0828125 0.0265625
1 0.16171875 0.71171875 0.0625 0.02421875
1 0.8375 0.39765625 0.0328125 0.05234375
0 0.2484375 0.65234375 0.05078125 0.0484375
1 0.62109375 0.1859375 0.053125 0.02734375
1 0.4 0.390625 0.03046875 0.046875
1 0.39921875 0.1125 0.034375 0.0859375
0 0.6203125 0.32265625 0.04375 0.040625
1 0.69140625 0.109375 0.0265625 0.0359375
1 0.25546875 0.10390625 0.02734375 0.03828125
2 0.603125 0.596875 0.04609375 0.05
0 0.5484375 0.459375 0.0359375 0.03046875
0 0.25859375 0.45390625 0.04453125 0.07265625
2 0.32578125 0.24609375 0.1328125 0.3546875
1 0.78828125 0.28203125 0.084375 0.025
1 0.571875 0.34921875 0.0734375 0.01796875
0 0.31171875 0.61015625 0.0875 0.1125
0 0.60234375 0.59765625 0.0453125 0.05