2 0.83125 0.38515625 0.24140625 0.36875
2 0.8265625 0.64921875 0.23828125 0.18828125
0 0.83828125 0.7109375 0.0609375 0.071875
0 0.6734375 0.4640625 0.08046875 0.08515625
2 0.87109375 0.81328125 0.14765625 0.146875
1 0.80078125 0.1953125 0.14296875 0.03671875
0 0.75390625 0.8390625 0.08125 0.09296875
1 0.56484375 0.19453125 0.13125 0.0359375
1 0.01484375 0.8171875 0.02734375 0.12109375
1 0.01328125 0.93203125 0.02421875 0.090625
0 0.75859375 0.934375 0.08515625 0.0953125
0 0.70625 0.72265625 0.09765625 0.1
0 0.10390625 0.6 0.0859375 0.103125
0 0.0484375 0.53984375 0.09609375 0.07421875
0 0.3875 0.2875 0.10234375 0.0765625
0 0.32890625 0.22734375 0.065625 0.103125
2 0.56328125 0.41328125 0.30390625 0.4140625