2 0.5796875 0.4125 0.140625 0.23828125
2 0.71796875 0.4125 0.1375 0.2421875
2 0.12578125 0.71015625 0.09921875 0.190625
0 0.2953125 0.80078125 0.06796875 0.16328125
0 0.28671875 0.24609375 0.07109375 0.1046875
2 0.8671875 0.4578125 0.1578125 0.35625
0 0.8421875 0.2515625 0.0671875 0.10546875
0 0.19453125 0.71015625 0.0640625 0.07734375
0 0.6109375 0.603125 0.06796875 0.08203125
2 0.3 0.45234375 0.41875 0.30625
0 0.5390625 0.13359375 0.0484375 0.0625
2 0.44375 0.715625 0.18359375 0.16171875
0 0.68046875 0.7046875 0.05390625 0.0671875
2 0.62890625 0.71796875 0.171875 0.1625
0 0.80625 0.578125 0.075 0.084375
2 0.87109375 0.6984375 0.15625 0.128125
0 0.86953125 0.6109375 0.05234375 0.06328125
1 0.60546875 0.28125 0.0984375 0.0390625
1 0.4046875 0.28671875 0.1359375 0.0453125
1 0.19921875 0.2875 0.121875 0.0390625
0 0.86875 0.1296875 0.046875 0.05703125
0 0.578125 0.5234375 0.0640625 0.05703125
1 0.6921875 0.2828125 0.08203125 0.0359375
0 0.871875 0.69453125 0.15859375 0.13125
0 0.72109375 0.540625 0.0625 0.0484375
0 0.61796875 0.70234375 0.1421875 0.19609375
1 0.7984375 0.2828125 0.0328125 0.0390625