2 0.1625 0.21171875 0.27109375 0.3265625
2 0.178125 0.52109375 0.30703125 0.3265625
0 0.53125 0.8921875 0.06875 0.215625
2 0.440625 0.56796875 0.07734375 0.21328125
0 0.5375 0.21328125 0.06015625 0.096875
2 0.928125 0.4671875 0.13984375 0.41953125
0 0.44609375 0.29375 0.0578125 0.10234375
0 0.38125 0.42734375 0.0515625 0.0875
0 0.45390625 0.43203125 0.05234375 0.090625
0 0.31484375 0.3 0.0640625 0.1078125
2 0.67421875 0.5140625 0.21328125 0.42734375
0 0.3140625 0.4078125 0.06953125 0.11171875
0 0.39765625 0.2140625 0.05546875 0.090625
2 0.6453125 0.18828125 0.28125 0.23203125
2 0.33515625 0.15625 0.09296875 0.20625
1 0.92890625 0.6828125 0.14140625 0.0796875
0 0.84375 0.36484375 0.1046875 0.10625
1 0.02890625 0.49453125 0.03203125 0.16875
0 0.88125 0.36484375 0.065625 0.103125
1 0.02890625 0.22421875 0.0296875 0.09765625
0 0.3390625 0.16171875 0.09453125 0.203125
1 0.7359375 0.8890625 0.06640625 0.0375