2 0.16328125 0.4609375 0.10078125 0.14765625
0 0.1453125 0.6390625 0.04453125 0.04921875
2 0.1625 0.57734375 0.10546875 0.084375
1 0.109375 0.32109375 0.0265625 0.07890625
2 0.375 0.47890625 0.17421875 0.575
1 0.46328125 0.38515625 0.0296875 0.078125
0 0.7125 0.79296875 0.04375 0.053125
0 0.23515625 0.45234375 0.04765625 0.0484375
0 0.2375 0.79296875 0.053125 0.0625
1 0.109375 0.696875 0.02109375 0.04453125
1 0.109375 0.57890625 0.02265625 0.0421875
1 0.378125 0.190625 0.07109375 0.025
2 0.19765625 0.2921875 0.178125 0.19375
1 0.37421875 0.77109375 0.065625 0.02109375
1 0.73125 0.19296875 0.065625 0.02109375
1 0.75546875 0.775 0.03359375 0.01796875
2 0.196875 0.6921875 0.17421875 0.153125