2 0.79765625 0.7421875 0.33515625 0.23671875
2 0.290625 0.75625 0.38125 0.196875
0 0.42421875 0.68984375 0.1046875 0.0609375
0 0.23359375 0.6828125 0.084375 0.0515625
0 0.5328125 0.415625 0.0734375 0.04765625
0 0.528125 0.7546875 0.10703125 0.0625
0 0.6859375 0.65234375 0.10859375 0.0609375
0 0.56640625 0.5484375 0.1046875 0.0640625
2 0.821875 0.39453125 0.2875 0.1890625
2 0.3890625 0.62578125 0.16953125 0.0734375
0 0.6890625 0.55390625 0.11875 0.06484375
0 0.378125 0.28828125 0.1 0.11796875
1 0.23203125 0.2984375 0.2 0.0296875
2 0.57578125 0.34375 0.221875 0.103125
1 0.8125 0.296875 0.21015625 0.0296875
2 0.196875 0.62734375 0.1984375 0.07265625
1 0.26328125 0.85625 0.1828125 0.03203125
2 0.640625 0.42421875 0.0984375 0.06328125
1 0.72578125 0.85546875 0.15703125 0.02890625
0 0.50078125 0.63828125 0.07890625 0.04609375
2 0.575 0.4578125 0.271875 0.1203125
0 0.38828125 0.62890625 0.17109375 0.07109375
2 0.809375 0.52109375 0.28984375 0.20390625
0 0.3765625 0.31953125 0.08359375 0.04921875