2 0.3765625 0.70234375 0.2328125 0.240625
2 0.65546875 0.7453125 0.12421875 0.15234375
2 0.42265625 0.546875 0.10078125 0.0796875
2 0.4984375 0.4078125 0.4625 0.2
0 0.49140625 0.5296875 0.06640625 0.05
0 0.43828125 0.60859375 0.0828125 0.05703125
1 0.3890625 0.30390625 0.175 0.040625
0 0.50703125 0.3078125 0.07734375 0.1046875
0 0.5546875 0.84453125 0.08203125 0.07265625
1 0.3953125 0.82109375 0.1421875 0.034375
0 0.55234375 0.778125 0.07578125 0.05703125
0 0.61875 0.6796875 0.06328125 0.05546875
0 0.328125 0.603125 0.0625 0.05
0 0.56640625 0.72734375 0.08046875 0.05625
1 0.6296875 0.30078125 0.1609375 0.046875
1 0.271875 0.46953125 0.0390625 0.05546875
0 0.42734375 0.54375 0.1125 0.0765625
1 0.80625 0.8171875 0.08359375 0.046875
1 0.78671875 0.29609375 0.109375 0.03359375