2 0.73125 0.19921875 0.175 0.22109375
2 0.740625 0.41875 0.215625 0.20625
2 0.62734375 0.778125 0.08671875 0.14921875
0 0.6984375 0.64140625 0.04765625 0.0625
0 0.64375 0.675 0.0515625 0.06796875
0 0.66640625 0.259375 0.0546875 0.065625
0 0.8125 0.64296875 0.04609375 0.065625
2 0.93125 0.6640625 0.078125 0.07578125
0 0.42890625 0.71015625 0.05234375 0.071875
2 0.81953125 0.82578125 0.30625 0.24375
2 0.41328125 0.45703125 0.45390625 0.58515625
1 0.56640625 0.15546875 0.0890625 0.03828125
1 0.25703125 0.1546875 0.08828125 0.03671875
0 0.16171875 0.51796875 0.0609375 0.0671875
1 0.1828125 0.60859375 0.03125 0.10546875
0 0.8703125 0.63984375 0.0453125 0.05703125
1 0.87890625 0.95390625 0.07265625 0.0390625
1 0.18046875 0.41640625 0.03203125 0.16328125
1 0.775 0.9546875 0.07265625 0.040625
2 0.9078125 0.5703125 0.12265625 0.09375
0 0.8609375 0.72890625 0.04921875 0.05703125
0 0.8265625 0.5640625 0.0453125 0.0546875
0 0.8765625 0.671875 0.0390625 0.0484375
2 0.90859375 0.42578125 0.1296875 0.2109375
1 0.89453125 0.3078125 0.053125 0.0328125
1 0.709375 0.3125 0.08828125 0.03359375
1 0.1796875 0.25625 0.0375 0.15625
2 0.8265625 0.56328125 0.0453125 0.05390625
2 0.121875 0.45703125 0.13984375 0.56953125
2 0.71484375 0.56328125 0.15625 0.09765625