2 0.2671875 0.68203125 0.29921875 0.171875
2 0.34921875 0.559375 0.159375 0.08671875
2 0.68203125 0.6875 0.28515625 0.15546875
2 0.26328125 0.3375 0.2921875 0.1890625
2 0.621875 0.521875 0.38671875 0.1796875
2 0.6234375 0.3390625 0.40625 0.1875
2 0.20078125 0.56171875 0.1484375 0.08125
0 0.496875 0.78125 0.07890625 0.05703125
0 0.57734375 0.6375 0.0859375 0.0546875
0 0.38828125 0.403125 0.08984375 0.0578125
0 0.51640625 0.2390625 0.0796875 0.109375
0 0.49921875 0.69296875 0.08125 0.05546875
0 0.3828125 0.625 0.08359375 0.05390625
0 0.39296875 0.490625 0.07578125 0.05078125
1 0.11875 0.31171875 0.04609375 0.10859375
2 0.27421875 0.47578125 0.30703125 0.08671875
0 0.240625 0.50234375 0.0640625 0.04375
1 0.815625 0.5046875 0.04765625 0.11015625
1 0.675 0.7625 0.115625 0.02421875
2 0.875 0.7421875 0.065625 0.028125
1 0.1171875 0.65859375 0.04140625 0.1375
1 0.82421875 0.2859375 0.034375 0.05625