2 0.228125 0.190625 0.35078125 0.26015625
2 0.45859375 0.83203125 0.165625 0.15078125
2 0.7984375 0.4921875 0.2015625 0.27734375
2 0.70859375 0.77734375 0.3484375 0.2859375
2 0.546875 0.21875 0.30390625 0.26328125
2 0.5328125 0.9625 0.29140625 0.07421875
2 0.47265625 0.703125 0.13984375 0.11953125
0 0.1734375 0.4125 0.08359375 0.06484375
2 0.09921875 0.39609375 0.09921875 0.15703125
0 0.57578125 0.7234375 0.09765625 0.08125
1 0.70234375 0.2296875 0.053125 0.125
0 0.196875 0.29375 0.09765625 0.07421875
1 0.87890625 0.81796875 0.0640625 0.15078125
1 0.69453125 0.54453125 0.059375 0.12890625
0 0.3 0.6 0.1015625 0.08046875
1 0.15 0.05 0.09296875 0.04375
0 0.353125 0.79609375 0.08671875 0.0640625
0 0.746875 0.41875 0.06796875 0.059375
2 0.7875 0.9640625 0.2125 0.071875
2 0.296875 0.76484375 0.19921875 0.2390625
1 0.32578125 0.0515625 0.11484375 0.0421875
0 0.14140625 0.6640625 0.09296875 0.0796875
2 0.0234375 0.3875 0.046875 0.2109375
2 0.0328125 0.175 0.065625 0.228125
2 0.29140625 0.95546875 0.1859375 0.0890625
0 0.25078125 0.97734375 0.0453125 0.0390625
2 0.325 0.053125 0.12265625 0.04375
2 0.946875 0.96640625 0.10625 0.0609375