2 0.74375 0.37109375 0.19296875 0.09609375
2 0.45234375 0.62265625 0.10078125 0.09609375
2 0.740625 0.47265625 0.1890625 0.10546875
2 0.6390625 0.625 0.06875 0.10234375
2 0.80234375 0.715625 0.06875 0.078125
2 0.753125 0.60234375 0.16796875 0.14765625
2 0.37421875 0.62109375 0.05625 0.09375
2 0.37421875 0.7125 0.05703125 0.08828125
0 0.31953125 0.58984375 0.053125 0.04140625
0 0.75 0.69609375 0.04296875 0.03984375
0 0.32890625 0.6328125 0.046875 0.03515625
0 0.6703125 0.50390625 0.053125 0.0390625
0 0.32734375 0.73125 0.04375 0.03515625
1 0.83984375 0.60859375 0.02265625 0.0703125
0 0.63359375 0.375 0.040625 0.05625
0 0.58359375 0.6984375 0.04765625 0.03828125
1 0.75 0.31875 0.06015625 0.01796875
0 0.475 0.659375 0.0421875 0.028125
1 0.54609375 0.31875 0.06171875 0.021875
0 0.6453125 0.790625 0.03515625 0.03828125
1 0.23046875 0.75703125 0.05546875 0.0203125
0 0.41953125 0.63203125 0.0421875 0.034375
0 0.6703125 0.54453125 0.053125 0.0421875
1 0.2796875 0.75703125 0.0546875 0.01953125
1 0.83984375 0.4890625 0.02109375 0.06640625
1 0.49140625 0.31875 0.05546875 0.0234375
1 0.30546875 0.31796875 0.06015625 0.01796875
2 0.45390625 0.7078125 0.0921875 0.075
1 0.16796875 0.528125 0.01875 0.03984375
1 0.2484375 0.31796875 0.0609375 0.015625
0 0.43359375 0.30859375 0.04921875 0.03203125
0 0.60703125 0.30078125 0.04453125 0.04296875
2 0.26171875 0.66171875 0.16953125 0.1828125
0 0.51796875 0.63515625 0.040625 0.03515625
0 0.57109375 0.76640625 0.05 0.03515625
1 0.44609375 0.759375 0.046875 0.01875
1 0.51171875 0.3828125 0.0453125 0.028125
0 0.4453125 0.76171875 0.0390625 0.02265625
2 0.41328125 0.44609375 0.47734375 0.2453125