2 0.32890625 0.33515625 0.3640625 0.41796875
2 0.75546875 0.7203125 0.30703125 0.2890625
0 0.5609375 0.91640625 0.06875 0.1515625
0 0.5421875 0.42734375 0.0578125 0.1078125
0 0.63984375 0.47890625 0.075 0.1203125
0 0.36640625 0.5015625 0.0640625 0.12890625
0 0.79296875 0.5015625 0.071875 0.15390625
1 0.903125 0.3296875 0.04765625 0.2828125
1 0.09375 0.70625 0.03984375 0.1921875
0 0.528125 0.6078125 0.04765625 0.09140625
0 0.47734375 0.46796875 0.06796875 0.12890625
2 0.7609375 0.34453125 0.29296875 0.41484375
1 0.1515625 0.2859375 0.03671875 0.25625
0 0.38203125 0.60390625 0.04453125 0.0890625
2 0.56171875 0.2078125 0.1 0.37265625
1 0.903125 0.69140625 0.03671875 0.21796875
2 0.4546875 0.7125 0.103125 0.325
0 0.16171875 0.45078125 0.0859375 0.103125