2 0.565625 0.7921875 0.11484375 0.134375
2 0.30625 0.6234375 0.2125 0.18671875
2 0.78984375 0.325 0.2015625 0.2046875
2 0.65703125 0.6265625 0.2265625 0.178125
2 0.2625 0.49765625 0.1171875 0.06796875
2 0.825 0.4859375 0.128125 0.1140625
2 0.36640625 0.49765625 0.09140625 0.07265625
2 0.47890625 0.675 0.1328125 0.0828125
0 0.28515625 0.5546875 0.059375 0.05078125
2 0.18359375 0.87734375 0.08359375 0.065625
2 0.446875 0.3390625 0.4859375 0.2453125
0 0.57734375 0.55625 0.06328125 0.05546875
2 0.83046875 0.60390625 0.1125 0.1265625
2 0.47421875 0.58125 0.1296875 0.10390625
2 0.33046875 0.7625 0.1296875 0.06484375
0 0.38359375 0.57578125 0.06640625 0.05078125
0 0.428125 0.1890625 0.065625 0.053125
0 0.3046875 0.13125 0.0578125 0.04453125
0 0.478125 0.76953125 0.059375 0.04609375
2 0.7234375 0.428125 0.06328125 0.05
2 0.7328125 0.50546875 0.06875 0.05078125
2 0.23984375 0.1421875 0.0765625 0.1296875
2 0.45 0.66015625 0.06796875 0.0546875
0 0.7328125 0.5046875 0.06875 0.04921875
2 0.834375 0.6703125 0.11015625 0.1
0 0.7234375 0.4265625 0.0609375 0.04765625
1 0.190625 0.90859375 0.04453125 0.015625