2 0.50625 0.1875 0.3640625 0.27421875
2 0.87109375 0.3640625 0.171875 0.31484375
2 0.2 0.46796875 0.2296875 0.43515625
2 0.7375 0.18046875 0.10390625 0.271875
0 0.42421875 0.278125 0.10390625 0.10859375
0 0.2625 0.603125 0.10859375 0.10859375
1 0.4140625 0.03984375 0.1328125 0.05703125
0 0.65625 0.2421875 0.08359375 0.08984375
2 0.86796875 0.1296875 0.1515625 0.15234375
1 0.31796875 0.82890625 0.04765625 0.16953125
0 0.82421875 0.6953125 0.09453125 0.1875
0 0.83125 0.2328125 0.075 0.0953125
1 0.31640625 0.46875 0.05390625 0.203125
1 0.85 0.03515625 0.11640625 0.05234375
0 0.8453125 0.62265625 0.06953125 0.0578125
1 0.15 0.26171875 0.09921875 0.04375
2 0.55625 0.81015625 0.4125 0.25703125