2 0.5046875 0.259375 0.33203125 0.178125
2 0.7921875 0.25703125 0.2546875 0.1765625
2 0.225 0.31328125 0.24765625 0.1859375
2 0.74921875 0.41875 0.32578125 0.14609375
2 0.23046875 0.671875 0.25546875 0.07578125
0 0.45 0.42109375 0.06484375 0.03125
2 0.28515625 0.4640625 0.1703125 0.11171875
0 0.61953125 0.36328125 0.08046875 0.040625
0 0.70703125 0.328125 0.08359375 0.04140625
0 0.3109375 0.38671875 0.07890625 0.03984375
0 0.37421875 0.19140625 0.0796875 0.04375
2 0.16796875 0.4890625 0.11484375 0.06875
0 0.38671875 0.68828125 0.090625 0.03671875
0 0.53046875 0.50625 0.08828125 0.04609375
2 0.1515625 0.4296875 0.0828125 0.04921875
1 0.76484375 0.16875 0.1375 0.01953125
0 0.3875 0.4125 0.06640625 0.02890625
1 0.2796875 0.52734375 0.0734375 0.0140625
2 0.425 0.46015625 0.1125 0.05546875
0 0.53359375 0.453125 0.09375 0.04375
1 0.7484375 0.490625 0.15390625 0.0203125
1 0.61328125 0.16875 0.1375 0.01796875
1 0.21015625 0.21953125 0.15625 0.01875
0 0.2296875 0.46171875 0.0734375 0.03046875
2 0.53203125 0.453125 0.09296875 0.04375
2 0.95078125 0.5390625 0.06484375 0.0703125
1 0.33828125 0.528125 0.06484375 0.01328125
1 0.4953125 0.16875 0.10625 0.01875