2 0.10625 0.3734375 0.1734375 0.24765625
2 0.73203125 0.37421875 0.1140625 0.24609375
2 0.59921875 0.375 0.1578125 0.2421875
2 0.2390625 0.36953125 0.09140625 0.2484375
2 0.59375 0.753125 0.15078125 0.24140625
2 0.0640625 0.80859375 0.08046875 0.13359375
2 0.75546875 0.5640625 0.0625 0.1359375
0 0.2578125 0.746875 0.053125 0.07890625
0 0.70546875 0.56640625 0.0515625 0.0703125
0 0.17578125 0.6 0.04921875 0.071875
2 0.1109375 0.6890625 0.17578125 0.1171875
0 0.1671875 0.46484375 0.046875 0.07578125
0 0.25625 0.90703125 0.0484375 0.08203125
0 0.31796875 0.215625 0.046875 0.0765625
0 0.70078125 0.46484375 0.0484375 0.071875
0 0.246875 0.4640625 0.0484375 0.07265625
0 0.12421875 0.775 0.05390625 0.065625
0 0.65078125 0.4640625 0.0484375 0.0734375
2 0.7265625 0.75 0.121875 0.2359375
1 0.25 0.24296875 0.04609375 0.025
0 0.64296875 0.678125 0.0453125 0.08125
1 0.74765625 0.878125 0.0578125 0.03046875
2 0.24375 0.82578125 0.0859375 0.0921875
1 0.38359375 0.87578125 0.0546875 0.028125
1 0.4765625 0.55625 0.021875 0.07890625
1 0.1359375 0.8765625 0.03515625 0.02578125
2 0.37890625 0.56328125 0.19609375 0.62109375
1 0.6203125 0.24453125 0.065625 0.03203125
1 0.61796875 0.8765625 0.05703125 0.02734375
1 0.42578125 0.246875 0.04921875 0.0328125
1 0.11171875 0.24375 0.06015625 0.02578125
2 0.153125 0.83046875 0.1 0.09140625
1 0.38671875 0.2453125 0.04921875 0.03203125