2 0.28515625 0.65078125 0.25546875 0.2234375
2 0.84140625 0.31953125 0.21484375 0.275
2 0.85703125 0.5625 0.1671875 0.21015625
2 0.29921875 0.30390625 0.25625 0.2671875
2 0.353125 0.4875 0.12734375 0.103125
0 0.378125 0.57109375 0.09765625 0.06796875
2 0.2296875 0.4875 0.128125 0.1109375
0 0.66953125 0.7984375 0.09765625 0.084375
0 0.49765625 0.15 0.09609375 0.071875
0 0.35 0.41015625 0.1265625 0.0671875
0 0.796875 0.41953125 0.1046875 0.0671875
1 0.29453125 0.76640625 0.11875 0.03359375
1 0.30078125 0.17109375 0.12109375 0.0359375
0 0.81640625 0.63671875 0.0890625 0.06171875
1 0.5109375 0.76875 0.11015625 0.0359375
2 0.853125 0.7140625 0.1625 0.10078125
2 0.590625 0.43671875 0.35625 0.44140625
0 0.740625 0.571875 0.0828125 0.05390625
1 0.66796875 0.17109375 0.10859375 0.03515625
0 0.121875 0.478125 0.0875 0.0671875
2 0.58125 0.271875 0.33046875 0.18046875
1 0.665625 0.90234375 0.178125 0.0484375
1 0.83359375 0.1734375 0.10625 0.034375
1 0.853125 0.77109375 0.0703125 0.02890625
2 0.50859375 0.840625 0.159375 0.14140625