2 0.75859375 0.315625 0.21640625 0.1984375
2 0.7265625 0.51796875 0.16171875 0.215625
2 0.73125 0.71640625 0.16640625 0.1890625
2 0.1765625 0.65703125 0.06484375 0.11640625
2 0.5125 0.55 0.11640625 0.12890625
2 0.090625 0.71015625 0.10703125 0.2
2 0.884375 0.7609375 0.13046875 0.0984375
2 0.1984375 0.415625 0.26484375 0.390625
2 0.9109375 0.5515625 0.09453125 0.078125
1 0.7296875 0.8171875 0.0921875 0.0421875
0 0.7859375 0.65546875 0.053125 0.06640625
0 0.84921875 0.5453125 0.0453125 0.0609375
0 0.8484375 0.4765625 0.0453125 0.05859375
1 0.26484375 0.21796875 0.121875 0.03671875
0 0.8328125 0.38828125 0.05078125 0.06328125
0 0.58125 0.54921875 0.05390625 0.06640625
0 0.22421875 0.6546875 0.040625 0.053125
1 0.6484375 0.51796875 0.0328125 0.134375
0 0.84453125 0.68203125 0.05546875 0.06484375
1 0.7234375 0.2171875 0.07421875 0.03515625
2 0.90390625 0.27890625 0.07890625 0.11171875
1 0.096875 0.21640625 0.06796875 0.0265625
1 0.33671875 0.28359375 0.02578125 0.08125
0 0.77734375 0.19140625 0.04140625 0.0546875
0 0.08203125 0.62109375 0.03046875 0.04765625
0 0.1140625 0.6203125 0.034375 0.0515625
1 0.10546875 0.8140625 0.06484375 0.0328125
1 0.03359375 0.5171875 0.0234375 0.1203125
1 0.95234375 0.6515625 0.02578125 0.11484375
1 0.909375 0.21796875 0.046875 0.02890625
0 0.78515625 0.5515625 0.05 0.07421875
1 0.3359375 0.5078125 0.021875 0.06328125
2 0.909375 0.39296875 0.08671875 0.11796875
0 0.88515625 0.346875 0.03828125 0.04921875
1 0.85234375 0.8171875 0.0375 0.02578125
0 0.35625 0.56328125 0.053125 0.06875
0 0.175 0.19765625 0.04609375 0.059375
1 0.95546875 0.546875 0.021875 0.0359375
1 0.95390625 0.49375 0.021875 0.03125
2 0.08984375 0.32578125 0.10546875 0.2171875
0 0.24296875 0.834375 0.0453125 0.06875
0 0.953125 0.49453125 0.02265625 0.02890625
0 0.903125 0.36640625 0.075 0.08359375
1 0.18359375 0.90234375 0.04453125 0.01875