0 0.3078125 0.1625 0.096875 0.08671875
2 0.5265625 0.375 0.26328125 0.36796875
0 0.70546875 0.52734375 0.1078125 0.0953125
0 0.70546875 0.70625 0.09765625 0.08984375
0 0.8015625 0.7734375 0.08671875 0.07890625
0 0.56875 0.7125 0.08984375 0.0796875
2 0.88125 0.7828125 0.09765625 0.08046875
0 0.7515625 0.97734375 0.0828125 0.0453125
1 0.52265625 0.19375 0.1609375 0.04453125
2 0.81015625 0.384375 0.30078125 0.40234375
1 0.7734375 0.1921875 0.16484375 0.046875
0 0.590625 0.9765625 0.07890625 0.046875
0 0.4421875 0.52734375 0.1109375 0.0953125
0 0.590625 0.81640625 0.13515625 0.1578125
1 0.16875 0.19375 0.18125 0.0390625
0 0.475 0.778125 0.09921875 0.08515625
2 0.8390625 0.6703125 0.1703125 0.1171875
2 0.4734375 0.77578125 0.09765625 0.0859375
2 0.475 0.92109375 0.0953125 0.0875