2 0.34453125 0.4609375 0.425 0.28125
2 0.7375 0.43828125 0.38046875 0.2328125
2 0.73671875 0.8421875 0.38203125 0.19296875
2 0.6515625 0.62109375 0.2078125 0.14140625
2 0.8359375 0.67890625 0.18125 0.125
2 0.63984375 0.73125 0.17265625 0.084375
2 0.27109375 0.846875 0.30546875 0.17578125
0 0.48359375 0.9546875 0.0828125 0.05546875
0 0.7203125 0.65703125 0.103125 0.0453125
1 0.721875 0.321875 0.18671875 0.0265625
0 0.47734375 0.8453125 0.090625 0.04921875
0 0.52265625 0.6375 0.1140625 0.0546875
1 0.72109375 0.93671875 0.18671875 0.02890625
0 0.83046875 0.5359375 0.096875 0.053125
0 0.5234375 0.73515625 0.09609375 0.04375
1 0.3203125 0.32421875 0.26328125 0.02734375
2 0.2609375 0.69296875 0.2671875 0.17421875
0 0.49765625 0.30234375 0.0859375 0.04765625
1 0.28984375 0.9359375 0.1890625 0.03046875
0 0.83203125 0.678125 0.1859375 0.1234375