2 0.24609375 0.15703125 0.0859375 0.16328125
2 0.2578125 0.30390625 0.11953125 0.13125
2 0.4828125 0.2453125 0.14375 0.2
2 0.84140625 0.65234375 0.1984375 0.2765625
2 0.56640625 0.60625 0.34765625 0.36796875
2 0.3453125 0.17578125 0.1171875 0.20546875
2 0.8453125 0.284375 0.1890625 0.2796875
0 0.821875 0.3890625 0.046875 0.06953125
0 0.17421875 0.4203125 0.0515625 0.06640625
0 0.34921875 0.5078125 0.0484375 0.06875
2 0.12421875 0.12578125 0.15 0.10234375
0 0.30625 0.1171875 0.0390625 0.05078125
0 0.34140625 0.30625 0.0421875 0.06484375
2 0.89453125 0.471875 0.0921875 0.0984375
0 0.28984375 0.39609375 0.04375 0.0640625
2 0.65546875 0.2875 0.19609375 0.28125
1 0.85625 0.7953125 0.07578125 0.0328125
1 0.6765625 0.7953125 0.0796875 0.03359375
1 0.82890625 0.140625 0.078125 0.0296875
0 0.965625 0.46640625 0.04765625 0.06484375
0 0.4296875 0.3125 0.04609375 0.06328125
1 0.66484375 0.14140625 0.0796875 0.0296875
2 0.715625 0.5671875 0.046875 0.0609375
1 0.4984375 0.13984375 0.06875 0.02578125
2 0.12421875 0.31875 0.1515625 0.309375
1 0.04765625 0.2875 0.02109375 0.09453125
1 0.49609375 0.796875 0.07109375 0.0296875
1 0.57734375 0.7953125 0.09765625 0.03125
1 0.259375 0.06796875 0.04140625 0.02265625
0 0.7734375 0.61015625 0.0390625 0.05390625
1 0.4515625 0.7953125 0.02890625 0.025
0 0.409375 0.4296875 0.040625 0.05546875