2 0.825 0.29453125 0.228125 0.50078125
2 0.21953125 0.3078125 0.2765625 0.478125
0 0.46328125 0.84375 0.10078125 0.1296875
0 0.75859375 0.484375 0.090625 0.13671875
0 0.6609375 0.0875 0.0921875 0.171875
0 0.665625 0.484375 0.09296875 0.1390625
2 0.58828125 0.88515625 0.16484375 0.2296875
2 0.89765625 0.7296875 0.1890625 0.21875
0 0.190625 0.86484375 0.06796875 0.0953125
1 0.08203125 0.66875 0.05625 0.21328125
0 0.1203125 0.8234375 0.08046875 0.1078125
0 0.03984375 0.82109375 0.0796875 0.1140625
0 0.76796875 0.65625 0.071875 0.0890625
1 0.5390625 0.05703125 0.16484375 0.07890625
0 0.53671875 0.95234375 0.0765625 0.09140625
2 0.53203125 0.2890625 0.3703125 0.4828125
1 0.0828125 0.2609375 0.06015625 0.2765625
2 0.03515625 0.878125 0.0703125 0.24375
2 0.71015625 0.67734375 0.18203125 0.29765625
1 0.83828125 0.05234375 0.24921875 0.06953125
0 0.71328125 0.671875 0.18671875 0.25546875
2 0.32265625 0.7234375 0.45390625 0.31171875
2 0.25546875 0.9515625 0.0703125 0.096875