2 0.225 0.62265625 0.33203125 0.175
2 0.74609375 0.61796875 0.359375 0.17421875
2 0.83671875 0.38125 0.16875 0.13046875
2 0.64375 0.49375 0.1578125 0.08515625
2 0.85859375 0.75859375 0.1484375 0.09765625
2 0.22890625 0.46640625 0.33359375 0.14453125
2 0.95703125 0.4015625 0.0859375 0.08984375
0 0.60234375 0.55859375 0.090625 0.05
2 0.81953125 0.4890625 0.19609375 0.08671875
0 0.41875 0.16171875 0.0875 0.05390625
0 0.4625 0.72890625 0.1 0.06484375
0 0.74296875 0.7671875 0.10234375 0.05234375
1 0.240625 0.18671875 0.18515625 0.03125
0 0.796875 0.303125 0.07421875 0.04296875
0 0.79609375 0.4265625 0.08046875 0.046875
0 0.7109375 0.27578125 0.08203125 0.0453125
1 0.06953125 0.475 0.0625 0.06953125
0 0.53125 0.509375 0.09453125 0.04921875
2 0.96171875 0.75625 0.0765625 0.09765625
2 0.9671875 0.51875 0.065625 0.034375
1 0.2671875 0.71015625 0.1578125 0.02578125
0 0.36015625 0.55859375 0.0984375 0.04921875
0 0.8078125 0.16328125 0.0859375 0.0515625
2 0.96640625 0.5625 0.06171875 0.0578125
2 0.35703125 0.3375 0.58515625 0.11953125
0 0.3546875 0.51171875 0.0953125 0.04921875
1 0.584375 0.184375 0.17265625 0.02265625
2 0.96875 0.64296875 0.0625 0.11015625
2 0.96640625 0.47734375 0.0671875 0.0578125
2 0.634375 0.359375 0.2296875 0.17890625
0 0.965625 0.88671875 0.06875 0.0296875
1 0.675 0.70859375 0.10078125 0.025
2 0.9625 0.8484375 0.075 0.08125
1 0.20703125 0.39375 0.23828125 0.02421875
1 0.06796875 0.84609375 0.0375 0.08046875