2 0.67734375 0.3703125 0.471875 0.19375
2 0.2546875 0.3703125 0.39609375 0.18828125
2 0.16484375 0.4953125 0.2109375 0.05703125
2 0.16328125 0.58671875 0.21640625 0.12734375
0 0.415625 0.75625 0.14609375 0.06015625
2 0.6953125 0.63046875 0.4359375 0.2
0 0.4140625 0.67109375 0.1421875 0.05234375
2 0.19296875 0.68828125 0.25390625 0.08046875
0 0.50234375 0.25390625 0.1359375 0.0515625
0 0.5375 0.55546875 0.12265625 0.04765625
2 0.7453125 0.5015625 0.30546875 0.06875
0 0.22265625 0.7859375 0.12421875 0.04140625
0 0.3078125 0.5078125 0.103125 0.034375
0 0.390625 0.44921875 0.103125 0.04140625
1 0.22734375 0.73125 0.0984375 0.01875
0 0.56171875 0.50625 0.10234375 0.03671875
0 0.2171875 0.63359375 0.0984375 0.03671875
0 0.4984375 0.44921875 0.11796875 0.04453125
1 0.65078125 0.73203125 0.2953125 0.02421875
2 0.1640625 0.85 0.225 0.08984375
2 0.1203125 0.54453125 0.10859375 0.040625
1 0.70859375 0.27734375 0.2390625 0.01875