2 0.58515625 0.16015625 0.19375 0.18515625
2 0.26484375 0.753125 0.43125 0.18828125
2 0.43984375 0.44921875 0.08984375 0.11796875
2 0.54921875 0.3734375 0.10859375 0.10234375
0 0.2140625 0.684375 0.05234375 0.05625
0 0.6484375 0.22890625 0.05078125 0.05234375
2 0.709375 0.284375 0.06171875 0.0703125
2 0.55 0.9296875 0.09375 0.0703125
0 0.33125 0.684375 0.053125 0.0578125
0 0.471875 0.2 0.059375 0.053125
0 0.5828125 0.60859375 0.0578125 0.05390625
0 0.66171875 0.15390625 0.05546875 0.05625
0 0.6546875 0.403125 0.05390625 0.05390625
1 0.1828125 0.846875 0.08984375 0.03046875
0 0.55859375 0.72578125 0.05859375 0.05703125
1 0.05234375 0.42265625 0.028125 0.0671875
1 0.94609375 0.61875 0.0296875 0.065625
0 0.5734375 0.30390625 0.04765625 0.04765625
1 0.946875 0.34140625 0.0375 0.1234375
0 0.428125 0.53203125 0.04921875 0.053125
1 0.36171875 0.84765625 0.08515625 0.02890625
1 0.94765625 0.77890625 0.02734375 0.06171875
0 0.23984375 0.35546875 0.05390625 0.05546875
1 0.48984375 0.12421875 0.0296875 0.1109375
0 0.19453125 0.35625 0.05546875 0.05703125
0 0.5515625 0.83671875 0.05390625 0.05859375
1 0.8140625 0.0625 0.0578125 0.02734375
2 0.6859375 0.67734375 0.1609375 0.33046875
1 0.6875 0.8484375 0.08203125 0.02734375
1 0.6265625 0.0640625 0.0578125 0.025
0 0.56171875 0.53671875 0.0484375 0.059375
2 0.85703125 0.6734375 0.18046875 0.33359375
1 0.946875 0.36640625 0.03125 0.0640625
1 0.88046875 0.06171875 0.090625 0.028125
2 0.81015625 0.28515625 0.25625 0.446875
1 0.540625 0.065625 0.0890625 0.02578125
1 0.1171875 0.38359375 0.11875 0.0296875
1 0.296875 0.38359375 0.06640625 0.02734375
1 0.5890625 0.06484375 0.08828125 0.02734375
1 0.94609375 0.3140625 0.03046875 0.065625
1 0.125 0.66328125 0.1359375 0.028125
1 0.8453125 0.06328125 0.11171875 0.03203125
0 0.5484375 0.85078125 0.04296875 0.0375
1 0.33515625 0.384375 0.08828125 0.0265625
0 0.82578125 0.89140625 0.06953125 0.08125
0 0.8921875 0.88984375 0.06953125 0.08125
2 0.265625 0.5171875 0.42578125 0.28515625