2 0.365625 0.59921875 0.203125 0.284375
2 0.68515625 0.74140625 0.11484375 0.1875
2 0.80546875 0.27109375 0.2671875 0.375
0 0.6578125 0.61171875 0.05859375 0.0796875
0 0.5390625 0.41328125 0.06953125 0.103125
2 0.421875 0.271875 0.31171875 0.36171875
0 0.5890625 0.85546875 0.0703125 0.08828125
2 0.6234375 0.18203125 0.0875 0.1859375
0 0.70546875 0.41796875 0.06875 0.0984375
2 0.43984375 0.83828125 0.11640625 0.1828125
0 0.69140625 0.22421875 0.06171875 0.0765625
0 0.4296875 0.95234375 0.05 0.06171875
2 0.84296875 0.64453125 0.20078125 0.37578125
2 0.32265625 0.87265625 0.1171875 0.2546875
0 0.63984375 0.4828125 0.05 0.071875
2 0.16796875 0.60234375 0.20078125 0.2875
0 0.71328125 0.496875 0.0609375 0.084375
0 0.4640625 0.68984375 0.05234375 0.07890625
0 0.58515625 0.94296875 0.07265625 0.09375
0 0.35390625 0.96484375 0.0609375 0.06875
0 0.17890625 0.3703125 0.0640625 0.0875
1 0.1421875 0.22265625 0.03046875 0.2046875
0 0.1140625 0.36953125 0.059375 0.08828125
2 0.62265625 0.3625 0.09375 0.1890625
1 0.0734375 0.89140625 0.03203125 0.17734375
1 0.934375 0.56328125 0.02578125 0.13359375
0 0.7140625 0.57734375 0.06328125 0.08515625
2 0.68359375 0.86484375 0.1125 0.071875
2 0.20625 0.27265625 0.12421875 0.3734375
2 0.178125 0.3671875 0.06171875 0.0890625