2 0.30234375 0.340625 0.0859375 0.2625
2 0.1890625 0.3671875 0.14453125 0.3078125
2 0.43359375 0.34453125 0.0953125 0.265625
2 0.296875 0.7 0.07421875 0.20234375
2 0.60234375 0.6625 0.09296875 0.2828125
2 0.69765625 0.58515625 0.09921875 0.12890625
2 0.72421875 0.72265625 0.04765625 0.1515625
2 0.27734375 0.53671875 0.03515625 0.13203125
0 0.63828125 0.59609375 0.025 0.071875
2 0.5703125 0.35078125 0.0625 0.3171875
0 0.334375 0.35625 0.02890625 0.0796875
2 0.79140625 0.6515625 0.0890625 0.28828125
0 0.23125 0.83125 0.02734375 0.0859375
0 0.25 0.5609375 0.02421875 0.06640625
2 0.3640625 0.34140625 0.0390625 0.2484375
0 0.75703125 0.6109375 0.02421875 0.06953125
0 0.23125 0.7140625 0.0234375 0.078125
0 0.27109375 0.434375 0.0265625 0.0703125
0 0.72734375 0.61875 0.025 0.0703125
0 0.2703125 0.63515625 0.025 0.0703125
2 0.3609375 0.5609375 0.053125 0.17421875
2 0.36015625 0.72734375 0.05078125 0.1546875
2 0.1125 0.65546875 0.0921875 0.28359375
0 0.58671875 0.48203125 0.025 0.07265625
0 0.10625 0.3890625 0.0265625 0.07421875
0 0.325 0.56484375 0.02421875 0.0640625
0 0.34609375 0.62890625 0.021875 0.05859375
1 0.2921875 0.203125 0.04453125 0.03984375
0 0.49140625 0.340625 0.0296875 0.078125
1 0.4359375 0.20234375 0.02890625 0.03671875
1 0.1203125 0.803125 0.0453125 0.0390625
1 0.61015625 0.80390625 0.04140625 0.03984375
1 0.2875 0.803125 0.02109375 0.034375
1 0.16796875 0.20546875 0.0390625 0.03671875
1 0.675 0.80390625 0.02734375 0.0328125
1 0.83515625 0.58828125 0.0125 0.06640625
1 0.36171875 0.80546875 0.01953125 0.03046875
2 0.07109375 0.315625 0.0859375 0.3671875
1 0.115625 0.28046875 0.01484375 0.15390625
2 0.315625 0.546875 0.03828125 0.10703125
1 0.775 0.80390625 0.03203125 0.02578125
0 0.31640625 0.55859375 0.03671875 0.0859375
1 0.73359375 0.8078125 0.021875 0.03203125
1 0.109375 0.38515625 0.025 0.0765625
1 0.36328125 0.20234375 0.02265625 0.0328125
2 0.06953125 0.19609375 0.08125 0.12890625