2 0.7328125 0.75234375 0.2375 0.240625
0 0.65390625 0.66875 0.084375 0.06796875
2 0.2984375 0.82578125 0.1671875 0.11484375
0 0.4484375 0.734375 0.08515625 0.07421875
2 0.196875 0.70234375 0.24296875 0.1375
0 0.39609375 0.203125 0.084375 0.071875
0 0.57265625 0.9234375 0.0890625 0.08515625
0 0.28515625 0.5453125 0.08671875 0.0640625
0 0.35703125 0.728125 0.08671875 0.06640625
2 0.4390625 0.8234375 0.11484375 0.1125
2 0.15234375 0.82421875 0.1421875 0.10859375
1 0.1765625 0.346875 0.1140625 0.028125
2 0.58671875 0.39921875 0.5296875 0.325
0 0.56953125 0.79921875 0.0890625 0.07421875
1 0.31640625 0.8875 0.05078125 0.021875
1 0.73359375 0.23671875 0.16171875 0.03046875
1 0.39765625 0.23828125 0.08515625 0.02734375
1 0.52421875 0.240625 0.1546875 0.03046875
1 0.4609375 0.89140625 0.0546875 0.02578125
1 0.1546875 0.89140625 0.10625 0.0296875
1 0.7046875 0.88828125 0.1140625 0.02890625
2 0.196875 0.48828125 0.26328125 0.28984375
2 0.4734375 0.6609375 0.30234375 0.20234375