2 0.10390625 0.61796875 0.11640625 0.25859375
2 0.60703125 0.6234375 0.11328125 0.25234375
2 0.6078125 0.37890625 0.1109375 0.23984375
2 0.87734375 0.3578125 0.175 0.19453125
2 0.90234375 0.6 0.125 0.29453125
2 0.709375 0.65234375 0.09453125 0.17890625
2 0.365625 0.3578125 0.17109375 0.1875
0 0.84921875 0.4875 0.03046875 0.06171875
2 0.41640625 0.67109375 0.0640625 0.140625
2 0.815625 0.6921875 0.0671875 0.0953125
0 0.64921875 0.52890625 0.03515625 0.0625
0 0.8 0.5078125 0.03203125 0.06328125
2 0.35546875 0.671875 0.0625 0.13671875
0 0.70625 0.5390625 0.03515625 0.0640625
0 0.64765625 0.4671875 0.03359375 0.06328125
0 0.14609375 0.525 0.03515625 0.0640625
0 0.20546875 0.76875 0.034375 0.07421875
2 0.70703125 0.415625 0.09453125 0.30078125
2 0.81640625 0.5921875 0.06171875 0.11484375
1 0.965625 0.36015625 0.01875 0.09609375
0 0.28828125 0.52578125 0.0296875 0.0578125
0 0.4015625 0.58046875 0.03359375 0.06640625
0 0.2890625 0.7671875 0.0296875 0.0609375
1 0.40859375 0.74453125 0.03828125 0.03125
0 0.265625 0.2296875 0.02890625 0.05390625
1 0.453125 0.3609375 0.01796875 0.09609375
0 0.3375 0.525 0.03046875 0.05703125
1 0.35546875 0.7421875 0.040625 0.0328125
2 0.29921875 0.6921875 0.05390625 0.0984375
0 0.46328125 0.53046875 0.0296875 0.06171875
1 0.9171875 0.25703125 0.05078125 0.0328125
2 0.3 0.59765625 0.05234375 0.09609375
2 0.14375 0.378125 0.19140625 0.225
2 0.3875 0.53046875 0.12109375 0.13125
1 0.61953125 0.25625 0.0359375 0.02734375
1 0.1078125 0.74609375 0.04765625 0.03125
1 0.40625 0.25859375 0.0515625 0.03515625
1 0.87265625 0.25625 0.046875 0.03046875
1 0.62578125 0.74609375 0.03203125 0.03515625
1 0.8875 0.74609375 0.04296875 0.03671875
0 0.31171875 0.52734375 0.03046875 0.05859375
2 0.203125 0.6171875 0.0859375 0.24140625
1 0.0921875 0.25390625 0.01953125 0.025
1 0.20703125 0.25546875 0.04375 0.02578125