2 0.41640625 0.16328125 0.14296875 0.21484375
2 0.14453125 0.48359375 0.15390625 0.215625
2 0.28984375 0.16328125 0.11640625 0.2125
2 0.146875 0.21953125 0.16015625 0.321875
2 0.74375 0.18828125 0.203125 0.271875
2 0.52421875 0.15859375 0.065625 0.21640625
2 0.26796875 0.509375 0.0921875 0.13203125
2 0.6015625 0.19375 0.084375 0.27421875
0 0.375 0.30546875 0.04375 0.09609375
2 0.34296875 0.51640625 0.0578125 0.125
0 0.33828125 0.41796875 0.04140625 0.08046875
1 0.0671875 0.32578125 0.02421875 0.09296875
0 0.659375 0.09140625 0.04375 0.08046875
1 0.0703125 0.41875 0.02109375 0.09140625
0 0.20234375 0.41796875 0.04453125 0.0796875
0 0.665625 0.27890625 0.04609375 0.0890625
0 0.203125 0.3203125 0.0453125 0.08359375
1 0.8140625 0.7234375 0.05703125 0.065625
0 0.28671875 0.30625 0.04453125 0.09609375
2 0.33046875 0.6703125 0.06875 0.14765625
1 0.98203125 0.340625 0.015625 0.05234375
1 0.54765625 0.7234375 0.08828125 0.05
0 0.46953125 0.1 0.04375 0.08359375
2 0.66640625 0.28046875 0.05078125 0.08984375
1 0.25625 0.5953125 0.04765625 0.04453125
1 0.8453125 0.55 0.028125 0.27421875
1 0.10546875 0.60859375 0.04609375 0.0328125
2 0.61015625 0.521875 0.47734375 0.4140625
0 0.86953125 0.3609375 0.0328125 0.07890625