2 0.7484375 0.18125 0.253125 0.30625
2 0.746875 0.52734375 0.24609375 0.26484375
2 0.40625 0.55703125 0.11171875 0.18359375
2 0.58671875 0.140625 0.0875 0.215625
0 0.50625 0.6515625 0.0828125 0.1796875
2 0.75 0.8125 0.24921875 0.31875
2 0.58671875 0.88671875 0.0765625 0.14375
2 0.33671875 0.2140625 0.42265625 0.35546875
1 0.13828125 0.1484375 0.04375 0.16171875
1 0.8703125 0.14921875 0.0421875 0.1671875
0 0.5984375 0.7890625 0.0625 0.0703125
0 0.65 0.69609375 0.0703125 0.07890625
1 0.1390625 0.49609375 0.03828125 0.171875
0 0.65546875 0.2828125 0.07109375 0.07890625
0 0.65234375 0.4078125 0.0703125 0.0828125
0 0.41796875 0.44296875 0.0640625 0.07734375
1 0.8703125 0.50625 0.0359375 0.16640625
0 0.56875 0.26796875 0.053125 0.06484375
1 0.86953125 0.8109375 0.0359375 0.171875
0 0.1078125 0.26171875 0.078125 0.09453125
0 0.8859375 0.2640625 0.12265625 0.0875
2 0.37890625 0.39921875 0.17734375 0.1375
0 0.83671875 0.2625 0.0796875 0.09296875
0 0.153125 0.2546875 0.1078125 0.0890625
1 0.02578125 0.1796875 0.0375 0.2921875
1 0.978125 0.178125 0.040625 0.30390625
0 0.5875 0.8765625 0.078125 0.16328125
2 0.22890625 0.403125 0.1828125 0.49140625