2 0.38203125 0.50859375 0.25859375 0.1578125
2 0.7484375 0.44140625 0.1703125 0.128125
2 0.7421875 0.346875 0.16171875 0.06171875
0 0.63046875 0.42578125 0.09375 0.04375
2 0.753125 0.8921875 0.15546875 0.1359375
2 0.33984375 0.40859375 0.15703125 0.05703125
2 0.74375 0.54453125 0.15390625 0.08125
0 0.75078125 0.80625 0.09375 0.05234375
0 0.4640625 0.45390625 0.09375 0.05
0 0.621875 0.60390625 0.09140625 0.05546875
0 0.6203125 0.5453125 0.08828125 0.0484375
0 0.63515625 0.33515625 0.08671875 0.0421875
0 0.4453125 0.41328125 0.08515625 0.0375
1 0.65703125 0.134375 0.1578125 0.021875
1 0.40234375 0.58515625 0.12109375 0.02265625
1 0.4125 0.13515625 0.1625 0.025
0 0.5421875 0.11484375 0.07734375 0.04453125
2 0.65625 0.134375 0.14921875 0.02421875
2 0.3734375 0.2546875 0.225 0.24453125
2 0.64921875 0.22421875 0.3390625 0.18671875