2 0.46328125 0.775 0.29140625 0.178125
2 0.20546875 0.7890625 0.215625 0.14765625
2 0.7578125 0.7765625 0.303125 0.18359375
0 0.7671875 0.2703125 0.14609375 0.09453125
0 0.765625 0.18515625 0.1375 0.078125
0 0.70546875 0.84296875 0.1390625 0.07421875
0 0.41171875 0.4390625 0.13984375 0.0734375
0 0.3921875 0.65234375 0.121875 0.06640625
1 0.58828125 0.23203125 0.21953125 0.04140625
2 0.27578125 0.38828125 0.40625 0.28359375
1 0.2578125 0.234375 0.30859375 0.04453125
2 0.28359375 0.60390625 0.4078125 0.1546875
2 0.9546875 0.1375 0.090625 0.18125
1 0.3828125 0.9046875 0.0765625 0.0140625
2 0.70234375 0.4609375 0.453125 0.45
0 0.70703125 0.92578125 0.15546875 0.09375