2 0.71015625 0.47109375 0.15 0.20234375
2 0.12578125 0.690625 0.1640625 0.18671875
2 0.28671875 0.515625 0.15625 0.29296875
2 0.12734375 0.4828125 0.1625 0.23359375
2 0.821875 0.42890625 0.0765625 0.12890625
2 0.8234375 0.546875 0.07890625 0.1171875
2 0.79296875 0.771875 0.140625 0.1546875
0 0.75 0.67265625 0.05390625 0.06015625
0 0.6546875 0.39921875 0.05 0.05546875
0 0.746875 0.76484375 0.05390625 0.05859375
0 0.30703125 0.803125 0.053125 0.06796875
0 0.83046875 0.628125 0.05 0.05703125
0 0.65546875 0.628125 0.05546875 0.0546875
0 0.88359375 0.4609375 0.053125 0.053125
0 0.240625 0.515625 0.05390625 0.0578125
0 0.8859375 0.63828125 0.04609375 0.05078125
2 0.24296875 0.71953125 0.07109375 0.1171875
0 0.18828125 0.56875 0.05546875 0.0546875
1 0.578125 0.84453125 0.0984375 0.03046875
2 0.67890625 0.76328125 0.09453125 0.14140625
1 0.6921875 0.84609375 0.05 0.02109375
1 0.125 0.78046875 0.0890625 0.02734375
1 0.71875 0.365625 0.08984375 0.0265625
1 0.0453125 0.44453125 0.02578125 0.05859375
1 0.259375 0.365625 0.09140625 0.0234375
1 0.77578125 0.8453125 0.05703125 0.02578125
0 0.39375 0.34296875 0.04921875 0.059375
1 0.0453125 0.64921875 0.02578125 0.0609375
0 0.1875 0.62734375 0.05546875 0.0578125
1 0.12890625 0.36640625 0.0921875 0.02421875
2 0.5015625 0.6078125 0.27109375 0.46796875
2 0.29765625 0.6890625 0.053125 0.05546875
1 0.4015625 0.846875 0.0640625 0.025
1 0.93984375 0.584375 0.0203125 0.06875
2 0.39375 0.34375 0.0515625 0.0625
0 0.29765625 0.6890625 0.0515625 0.05234375
1 0.46015625 0.365625 0.07421875 0.0234375
1 0.240625 0.78046875 0.03359375 0.02421875
1 0.54375 0.36953125 0.12265625 0.02578125