2 0.59609375 0.68828125 0.16953125 0.28359375
2 0.1046875 0.66640625 0.11171875 0.153125
2 0.24765625 0.5984375 0.17578125 0.27578125
2 0.10703125 0.50390625 0.10390625 0.17734375
2 0.38125 0.67890625 0.0875 0.12421875
2 0.82578125 0.36171875 0.13359375 0.2484375
2 0.728125 0.60625 0.10546875 0.11796875
0 0.46953125 0.76640625 0.0609375 0.09140625
2 0.153125 0.271875 0.20546875 0.28203125
0 0.234375 0.228125 0.053125 0.0703125
0 0.80078125 0.19921875 0.05234375 0.07734375
0 0.3140625 0.56484375 0.05546875 0.0703125
0 0.390625 0.58359375 0.0546875 0.07421875
0 0.65859375 0.6203125 0.04921875 0.0609375
0 0.10234375 0.38515625 0.0484375 0.06796875
0 0.1796875 0.646875 0.0515625 0.06484375
0 0.66171875 0.23671875 0.02734375 0.03828125
1 0.3875 0.1390625 0.065625 0.03125
0 0.83203125 0.51640625 0.05234375 0.0703125
0 0.46640625 0.65625 0.0625 0.08828125
1 0.70625 0.23046875 0.075 0.0328125
1 0.18125 0.1390625 0.075 0.03125
1 0.32421875 0.13828125 0.06328125 0.02890625
2 0.43359375 0.3046875 0.36875 0.328125
0 0.53515625 0.5203125 0.05 0.0578125
2 0.71796875 0.740625 0.071875 0.159375
0 0.1421875 0.14453125 0.02890625 0.03671875
0 0.803125 0.69921875 0.0375 0.05703125
0 0.53984375 0.5796875 0.05390625 0.06875
0 0.7375 0.46015625 0.0546875 0.06796875
2 0.83125 0.753125 0.12734375 0.1609375
1 0.25 0.73515625 0.0734375 0.03125
1 0.57578125 0.8234375 0.05859375 0.03359375
2 0.73671875 0.46015625 0.05546875 0.06796875
2 0.834375 0.62421875 0.1125 0.1515625
1 0.4109375 0.7390625 0.0640625 0.03046875
1 0.75859375 0.8296875 0.0390625 0.025