2 0.4078125 0.6171875 0.115625 0.26953125
2 0.60078125 0.6078125 0.16953125 0.30703125
2 0.68203125 0.22578125 0.15625 0.23515625
0 0.63359375 0.09765625 0.040625 0.140625
2 0.56328125 0.3796875 0.08828125 0.13046875
2 0.4125 0.284375 0.10390625 0.12109375
2 0.84765625 0.225 0.1859375 0.22890625
0 0.3703125 0.5171875 0.04375 0.07265625
0 0.3140625 0.37578125 0.040625 0.06640625
0 0.20234375 0.4734375 0.0328125 0.065625
0 0.1984375 0.225 0.0453125 0.07578125
1 0.68515625 0.1015625 0.06796875 0.03515625
0 0.71484375 0.75625 0.0421875 0.14453125
1 0.24296875 0.753125 0.06953125 0.04375
2 0.26796875 0.384375 0.065625 0.13671875
0 0.66875 0.525 0.04453125 0.0734375
0 0.621875 0.21875 0.0421875 0.0765625
2 0.56171875 0.21171875 0.0875 0.2125
0 0.35 0.16875 0.0421875 0.059375
0 0.68671875 0.3765625 0.0390625 0.0671875
0 0.57421875 0.290625 0.03125 0.06015625
0 0.3484375 0.29609375 0.034375 0.0578125
2 0.6390625 0.39609375 0.0625 0.10234375
2 0.4125 0.165625 0.0984375 0.1125
0 0.2828125 0.4859375 0.0390625 0.06796875
0 0.34140625 0.23984375 0.0421875 0.07890625
1 0.4 0.75546875 0.0625 0.04296875
1 0.80546875 0.103125 0.06484375 0.03671875
0 0.0796875 0.2828125 0.03515625 0.065625
0 0.32890625 0.7796875 0.0453125 0.09375
1 0.46640625 0.29375 0.02421875 0.07734375
1 0.609375 0.75625 0.0671875 0.04453125
1 0.865625 0.7546875 0.06015625 0.0453125
1 0.04921875 0.45625 0.03046875 0.14453125
1 0.76328125 0.753125 0.059375 0.03515625
2 0.2109375 0.3828125 0.059375 0.13359375
0 0.328125 0.66484375 0.0484375 0.08125
2 0.24296875 0.209375 0.1203125 0.19765625
2 0.09375 0.1734375 0.071875 0.1234375
1 0.51953125 0.35390625 0.0203125 0.07578125
2 0.328125 0.66640625 0.04765625 0.0859375
2 0.1203125 0.20703125 0.128125 0.2015625
1 0.1140625 0.75546875 0.09140625 0.0578125
1 0.81328125 0.75390625 0.06015625 0.03828125
2 0.11796875 0.53359375 0.13203125 0.43359375
2 0.24140625 0.59609375 0.1203125 0.303125
2 0.80859375 0.55 0.27734375 0.42109375
1 0.94296875 0.41640625 0.01640625 0.06875