2 0.63984375 0.2359375 0.240625 0.18359375
2 0.5578125 0.8453125 0.4015625 0.23515625
2 0.6625 0.39609375 0.19453125 0.15625
2 0.240625 0.46875 0.29453125 0.15546875
2 0.67421875 0.58359375 0.15859375 0.06796875
2 0.23125 0.2796875 0.2921875 0.1109375
2 0.31875 0.3625 0.13671875 0.05625
2 0.10546875 0.08515625 0.18984375 0.12109375
2 0.04375 0.3453125 0.08671875 0.07734375
2 0.17421875 0.3625 0.14609375 0.0609375
2 0.5265625 0.67734375 0.43515625 0.115625
2 0.04765625 0.41796875 0.0953125 0.07109375
0 0.56640625 0.2765625 0.096875 0.0421875
0 0.55390625 0.5734375 0.10546875 0.05
2 0.203125 0.6359375 0.2078125 0.17734375
0 0.621875 0.453125 0.08203125 0.040625
0 0.1921875 0.4046875 0.07734375 0.040625
0 0.44765625 0.56640625 0.09296875 0.04765625
0 0.528125 0.3859375 0.0796875 0.0421875
0 0.41796875 0.3578125 0.084375 0.0390625
2 0.415625 0.20390625 0.21796875 0.11875
2 0.04375 0.48984375 0.0875 0.0875
2 0.0421875 0.234375 0.084375 0.14453125
0 0.4484375 0.48828125 0.08828125 0.04140625
1 0.240625 0.9625 0.15703125 0.0296875
1 0.30078125 0.6640625 0.03671875 0.084375
2 0.04765625 0.67265625 0.09453125 0.11875
2 0.47109375 0.46328125 0.1578125 0.109375
1 0.209375 0.54609375 0.13671875 0.02109375
2 0.22421875 0.846875 0.2609375 0.23828125
1 0.58828125 0.9578125 0.128125 0.0234375