2 0.528125 0.59765625 0.15390625 0.29296875
2 0.68125 0.60078125 0.1515625 0.15625
2 0.19375 0.5921875 0.1265625 0.2625
2 0.7390625 0.18203125 0.08671875 0.11953125
0 0.23828125 0.52421875 0.03828125 0.06015625
2 0.6953125 0.31484375 0.16953125 0.1390625
2 0.82890625 0.2078125 0.10078125 0.17578125
0 0.58828125 0.4734375 0.03515625 0.05703125
2 0.39765625 0.4140625 0.059375 0.08046875
2 0.2828125 0.6640625 0.053125 0.115625
0 0.28046875 0.57734375 0.04609375 0.07421875
2 0.378125 0.6796875 0.14375 0.1546875
0 0.8265625 0.26484375 0.04140625 0.0640625
0 0.76796875 0.41328125 0.0328125 0.05546875
0 0.76640625 0.21328125 0.03671875 0.0546875
0 0.67890625 0.3609375 0.03359375 0.06015625
0 0.3875 0.47734375 0.03359375 0.059375
0 0.59296875 0.55390625 0.03203125 0.0484375
0 0.6609375 0.2234375 0.0296875 0.05078125
2 0.81640625 0.48203125 0.12890625 0.37890625
1 0.734375 0.115625 0.04375 0.0265625
2 0.6828125 0.4578125 0.146875 0.13515625
0 0.2828125 0.7484375 0.040625 0.06484375
1 0.20546875 0.121875 0.0609375 0.03203125
2 0.5171875 0.32890625 0.1734375 0.24765625
1 0.3765625 0.11875 0.0578125 0.03125
1 0.8265625 0.11328125 0.04375 0.028125
1 0.8125 0.68359375 0.0625 0.0296875
2 0.64765625 0.18203125 0.08671875 0.1234375
1 0.88125 0.42578125 0.01484375 0.07890625
0 0.71484375 0.2125 0.028125 0.04375
1 0.528125 0.75625 0.06875 0.02890625
1 0.3765625 0.75859375 0.0609375 0.0296875
2 0.28515625 0.2484375 0.30625 0.24453125
1 0.8796875 0.590625 0.01875 0.07734375
1 0.21015625 0.72109375 0.0671875 0.03515625
1 0.2625 0.121875 0.059375 0.0296875
0 0.4046875 0.5890625 0.0296875 0.04140625
1 0.64765625 0.115625 0.03515625 0.02109375
1 0.51796875 0.1984375 0.04296875 0.021875
1 0.88046875 0.50625 0.0171875 0.07109375
2 0.2125 0.71015625 0.075 0.05078125