2 0.40703125 0.5703125 0.13984375 0.19921875
2 0.38359375 0.4265625 0.0890625 0.090625
2 0.5953125 0.6125 0.10078125 0.12578125
0 0.41328125 0.884375 0.059375 0.06015625
2 0.4453125 0.21640625 0.21328125 0.21171875
0 0.49296875 0.12890625 0.04921875 0.075
0 0.52734375 0.45 0.053125 0.04765625
2 0.35625 0.87734375 0.0640625 0.11796875
0 0.4578125 0.4953125 0.04375 0.05078125
1 0.4171875 0.109375 0.0921875 0.028125
0 0.58984375 0.525 0.04609375 0.05078125
2 0.59765625 0.23984375 0.1046875 0.2609375
0 0.403125 0.48984375 0.03671875 0.04296875
0 0.5140625 0.7 0.05625 0.06875
2 0.59765625 0.45390625 0.09765625 0.18203125
0 0.51640625 0.61796875 0.05703125 0.06640625
0 0.44453125 0.453125 0.03828125 0.03359375
1 0.5890625 0.109375 0.05859375 0.01953125
1 0.578125 0.675 0.04140625 0.0234375