2 0.875 0.55234375 0.1625 0.20078125
2 0.725 0.56015625 0.1375 0.21875
2 0.31875 0.63515625 0.26171875 0.33671875
2 0.54609375 0.5515625 0.13671875 0.19296875
2 0.12421875 0.6875 0.15625 0.21875
2 0.546875 0.725 0.13828125 0.15234375
0 0.1078125 0.6015625 0.03828125 0.05546875
0 0.8078125 0.60703125 0.05 0.05390625
0 0.46171875 0.7390625 0.04609375 0.05
0 0.45390625 0.55390625 0.0453125 0.059375
0 0.878125 0.67421875 0.0390625 0.06015625
0 0.49453125 0.56640625 0.04609375 0.05546875
2 0.45 0.49609375 0.0609375 0.07890625
1 0.61484375 0.7171875 0.02109375 0.06640625
1 0.0453125 0.1703125 0.02109375 0.0640625
1 0.61484375 0.540625 0.0203125 0.06640625
0 0.75078125 0.6453125 0.0453125 0.0546875
1 0.95390625 0.55859375 0.0234375 0.109375
1 0.615625 0.171875 0.02109375 0.06484375
1 0.71953125 0.4515625 0.06875 0.028125
1 0.13671875 0.79921875 0.06640625 0.025
1 0.88046875 0.45234375 0.071875 0.0296875
1 0.4484375 0.4546875 0.03359375 0.025
1 0.0453125 0.54765625 0.015625 0.04140625
0 0.45 0.82109375 0.04140625 0.05703125
2 0.11875 0.51875 0.14140625 0.11875
1 0.35390625 0.45390625 0.05546875 0.025
0 0.20546875 0.76875 0.04375 0.04609375
1 0.04453125 0.871875 0.01796875 0.10390625
2 0.75625 0.7640625 0.07421875 0.18828125
1 0.3484375 0.8 0.134375 0.02734375
1 0.121875 0.34296875 0.04453125 0.0265625
1 0.68984375 0.8734375 0.05859375 0.02265625
1 0.5359375 0.346875 0.04375 0.03125
2 0.690625 0.771875 0.06328125 0.1953125
1 0.61484375 0.8640625 0.01953125 0.11015625