2 0.7828125 0.6859375 0.23984375 0.26640625
2 0.62734375 0.32890625 0.1765625 0.25703125
2 0.18671875 0.3515625 0.209375 0.290625
2 0.80546875 0.32734375 0.1828125 0.2546875
2 0.23828125 0.64375 0.10078125 0.1453125
2 0.83984375 0.50625 0.11015625 0.103125
2 0.18125 0.81953125 0.2 0.18203125
2 0.41328125 0.33515625 0.2609375 0.4359375
2 0.23828125 0.53359375 0.103125 0.08359375
0 0.74296875 0.42421875 0.0546875 0.08046875
0 0.26484375 0.36484375 0.07578125 0.09375
0 0.68515625 0.42265625 0.0546875 0.07734375
0 0.6109375 0.84453125 0.05703125 0.084375
0 0.61484375 0.6578125 0.05859375 0.08046875
0 0.1609375 0.75390625 0.05390625 0.08515625
2 0.13984375 0.60625 0.1078125 0.21875
1 0.19765625 0.91171875 0.06796875 0.03125
0 0.7609375 0.5203125 0.05234375 0.0671875
0 0.2625 0.81796875 0.06015625 0.07421875
1 0.65625 0.19765625 0.08046875 0.0328125
0 0.2609375 0.46796875 0.04765625 0.0625
0 0.1703125 0.6078125 0.053125 0.06328125
2 0.5984375 0.74921875 0.12421875 0.11640625
0 0.228125 0.19921875 0.046875 0.05625
1 0.77578125 0.815625 0.10078125 0.03359375
1 0.41875 0.91171875 0.10546875 0.03359375
0 0.7046875 0.60234375 0.0578125 0.0734375
0 0.06484375 0.80390625 0.05234375 0.0640625
1 0.41640625 0.1171875 0.1109375 0.04140625
1 0.17578125 0.20546875 0.07578125 0.0359375
1 0.7875 0.19453125 0.078125 0.03359375
1 0.084375 0.52578125 0.02734375 0.0609375
0 0.69140625 0.85 0.0359375 0.06015625
0 0.14140625 0.6109375 0.10546875 0.20859375
2 0.415625 0.70703125 0.25625 0.27734375
2 0.24453125 0.79453125 0.096875 0.14765625
0 0.77734375 0.11015625 0.03828125 0.0640625
2 0.77890625 0.10859375 0.03828125 0.05703125