2 0.6046875 0.6734375 0.1796875 0.17265625
2 0.80234375 0.78984375 0.08125 0.11796875
2 0.23203125 0.38359375 0.2234375 0.20625
0 0.325 0.3171875 0.046875 0.04375
0 0.5640625 0.6078125 0.04296875 0.04296875
2 0.38984375 0.44765625 0.096875 0.06171875
1 0.78046875 0.23671875 0.1 0.0234375
1 0.6 0.28046875 0.10546875 0.02734375
2 0.62109375 0.5625 0.07265625 0.0609375
2 0.76953125 0.69375 0.15078125 0.07734375
1 0.18515625 0.27890625 0.0859375 0.02578125
1 0.59921875 0.76015625 0.1015625 0.02890625
2 0.3921875 0.2875 0.09375 0.1078125
0 0.68125 0.6171875 0.05078125 0.0609375
0 0.7296875 0.67578125 0.05546875 0.053125
2 0.55234375 0.5625 0.0671875 0.0578125
0 0.66171875 0.240625 0.03828125 0.05078125
0 0.24921875 0.25546875 0.046875 0.04375
2 0.39296875 0.3828125 0.0953125 0.07265625
2 0.171875 0.234375 0.11484375 0.0953125
0 0.37109375 0.32734375 0.0328125 0.028125
0 0.284375 0.2828125 0.04765625 0.05
2 0.909375 0.80390625 0.06796875 0.096875
0 0.69765625 0.27578125 0.04921875 0.0421875
2 0.6828125 0.409375 0.33203125 0.24765625
0 0.72890625 0.75078125 0.0390625 0.04140625
2 0.09375 0.7421875 0.05859375 0.065625