2 0.63984375 0.2546875 0.09296875 0.20703125
2 0.91796875 0.45390625 0.10625 0.17578125
2 0.49453125 0.32578125 0.075 0.11953125
2 0.63515625 0.51640625 0.1015625 0.321875
2 0.4984375 0.50390625 0.0859375 0.240625
2 0.8140625 0.5046875 0.0890625 0.2296875
2 0.5625 0.4875 0.04375 0.08359375
2 0.7859375 0.23125 0.20078125 0.25078125
0 0.61484375 0.4703125 0.02421875 0.0578125
2 0.56171875 0.57734375 0.04296875 0.09921875
0 0.89765625 0.51875 0.02578125 0.05234375
0 0.54296875 0.303125 0.02734375 0.05546875
2 0.88984375 0.57890625 0.05703125 0.0765625
0 0.5296875 0.415625 0.0265625 0.0578125
0 0.56953125 0.42109375 0.02890625 0.05390625
0 0.5296875 0.55625 0.0234375 0.04609375
2 0.8421875 0.25390625 0.0796875 0.196875
0 0.8734375 0.390625 0.0265625 0.0546875
0 0.20625 0.640625 0.02421875 0.05625
0 0.7015625 0.528125 0.03046875 0.06640625
2 0.5625 0.21640625 0.06328125 0.12578125
2 0.94609375 0.58671875 0.0546875 0.08359375
1 0.6265625 0.146875 0.034375 0.025
1 0.83515625 0.14765625 0.03515625 0.02734375
0 0.65703125 0.125 0.025 0.05078125
0 0.565625 0.1265625 0.021875 0.05234375
2 0.7453125 0.56015625 0.0453125 0.1109375
1 0.61796875 0.6765625 0.034375 0.02578125
1 0.49609375 0.625 0.040625 0.02734375
2 0.9359375 0.24140625 0.08828125 0.21875
1 0.734375 0.09609375 0.0390625 0.025
2 0.4921875 0.23671875 0.071875 0.065625
1 0.84140625 0.62578125 0.03125 0.02421875
2 0.18046875 0.35390625 0.2078125 0.525