2 0.6171875 0.61875 0.1765625 0.1625
2 0.63359375 0.346875 0.21328125 0.153125
2 0.77734375 0.62265625 0.15234375 0.14765625
2 0.70078125 0.4796875 0.11640625 0.1171875
0 0.728125 0.246875 0.05546875 0.0578125
2 0.240625 0.4921875 0.07734375 0.0828125
2 0.21953125 0.3625 0.32109375 0.17265625
2 0.8078125 0.3203125 0.0875 0.109375
0 0.67890625 0.56015625 0.05390625 0.05234375
2 0.28515625 0.61328125 0.1765625 0.16015625
0 0.734375 0.4421875 0.05 0.0484375
2 0.4328125 0.61484375 0.10390625 0.16484375
0 0.28203125 0.84609375 0.04609375 0.04453125
0 0.78125 0.38828125 0.0390625 0.0375
0 0.18125 0.50703125 0.04609375 0.0453125
1 0.63046875 0.27109375 0.1125 0.02578125
0 0.67890625 0.3984375 0.053125 0.04453125
2 0.26640625 0.03671875 0.1546875 0.07265625
2 0.884375 0.63828125 0.05859375 0.10546875
1 0.15 0.27109375 0.10234375 0.025
0 0.25625 0.2484375 0.05546875 0.0578125
0 0.7296875 0.5609375 0.05625 0.05
2 0.35546875 0.8265625 0.10859375 0.09453125
2 0.325 0.49453125 0.09609375 0.07578125
1 0.75078125 0.696875 0.0875 0.02734375
1 0.6203125 0.69609375 0.096875 0.02890625
1 0.315625 0.271875 0.0578125 0.0203125
1 0.37734375 0.140625 0.02265625 0.05546875
1 0.053125 0.40234375 0.02890625 0.0359375
2 0.77890625 0.21484375 0.16796875 0.09140625
2 0.1796875 0.8265625 0.16328125 0.0890625
1 0.35234375 0.034375 0.03203125 0.0671875
1 0.15703125 0.76953125 0.08203125 0.0234375
2 0.8828125 0.71953125 0.05703125 0.040625
2 0.4125 0.82734375 0.07890625 0.09296875
2 0.61171875 0.1984375 0.1671875 0.13046875