2 0.69140625 0.55078125 0.1046875 0.14609375
2 0.73984375 0.753125 0.1125 0.125
2 0.2609375 0.51875 0.1359375 0.08515625
2 0.2328125 0.59453125 0.071875 0.06640625
2 0.76875 0.55234375 0.05625 0.14765625
2 0.5765625 0.55 0.12734375 0.14609375
2 0.65703125 0.77109375 0.065625 0.08046875
0 0.66015625 0.60703125 0.034375 0.0359375
2 0.41875 0.5484375 0.1796875 0.1328125
2 0.6296875 0.21484375 0.140625 0.07421875
0 0.690625 0.70703125 0.0328125 0.034375
2 0.7609375 0.65703125 0.06484375 0.06640625
0 0.6046875 0.7453125 0.0375 0.04375
0 0.68359375 0.25390625 0.03046875 0.0328125
2 0.26328125 0.74296875 0.1375 0.13203125
0 0.61953125 0.6078125 0.03359375 0.03515625
0 0.6453125 0.715625 0.03671875 0.0359375
0 0.71328125 0.6359375 0.028125 0.03125
0 0.603125 0.83125 0.03671875 0.03984375
0 0.184375 0.51171875 0.028125 0.03203125
2 0.42578125 0.7140625 0.19375 0.1828125
0 0.35234375 0.825 0.034375 0.0375
0 0.73125 0.60546875 0.03046875 0.03515625
2 0.75234375 0.33125 0.0921875 0.034375
0 0.2546875 0.6171875 0.03046875 0.0296875
0 0.31640625 0.51328125 0.0296875 0.0328125
0 0.2515625 0.54765625 0.03203125 0.0328125
0 0.2625 0.690625 0.0296875 0.034375
0 0.34296875 0.74765625 0.0328125 0.0328125
2 0.3015625 0.65625 0.0546875 0.03671875
1 0.73984375 0.81328125 0.05390625 0.015625
2 0.70078125 0.65625 0.0515625 0.06953125
2 0.6296875 0.29921875 0.140625 0.10234375
1 0.2546875 0.471875 0.034375 0.0140625
2 0.2953125 0.6 0.05546875 0.0734375
0 0.34375 0.721875 0.0328125 0.03046875
1 0.3921875 0.8109375 0.0484375 0.015625
2 0.6015625 0.67734375 0.1578125 0.10625
1 0.75546875 0.478125 0.04296875 0.01484375
2 0.25078125 0.653125 0.11015625 0.04765625
2 0.57578125 0.771875 0.10625 0.08046875
0 0.5390625 0.26171875 0.03046875 0.03671875
0 0.70390625 0.6546875 0.04765625 0.065625
0 0.63828125 0.60703125 0.0734375 0.03515625
1 0.55625 0.4765625 0.04296875 0.01328125