2 0.66875 0.28515625 0.20703125 0.28359375
2 0.16953125 0.30078125 0.19140625 0.30625
2 0.86796875 0.478125 0.18203125 0.67578125
0 0.30078125 0.11015625 0.0515625 0.08984375
0 0.840625 0.10703125 0.05078125 0.090625
0 0.55390625 0.8578125 0.053125 0.09375
2 0.73828125 0.484375 0.0703125 0.10078125
2 0.6609375 0.484375 0.0921875 0.11015625
2 0.12265625 0.55234375 0.09453125 0.1921875
0 0.72578125 0.4125 0.04375 0.06875
0 0.58515625 0.39921875 0.053125 0.090625
2 0.55859375 0.77578125 0.11640625 0.09375
2 0.71484375 0.68125 0.1140625 0.28046875
2 0.16953125 0.7421875 0.19609375 0.165625
0 0.55390625 0.696875 0.05390625 0.08359375
1 0.17265625 0.1375 0.096875 0.04140625
1 0.884375 0.1375 0.03828125 0.02734375
1 0.66015625 0.140625 0.096875 0.03828125
2 0.21953125 0.53515625 0.0921875 0.14375
2 0.30703125 0.515625 0.07109375 0.12109375
0 0.059375 0.7 0.04140625 0.07890625
1 0.515625 0.140625 0.07890625 0.0375
1 0.9578125 0.55859375 0.02578125 0.17109375
1 0.159375 0.82421875 0.09375 0.03359375
2 0.2203125 0.6546875 0.09453125 0.12890625
2 0.41015625 0.51640625 0.14375 0.109375
1 0.69921875 0.8234375 0.06328125 0.04375
1 0.31015625 0.58359375 0.05078125 0.02890625
2 0.38359375 0.70625 0.22890625 0.22421875
0 0.2484375 0.7125 0.0375 0.05390625
1 0.31796875 0.82265625 0.078125 0.03046875
0 0.6359375 0.57890625 0.0484375 0.08671875
1 0.36328125 0.140625 0.071875 0.03515625
1 0.37578125 0.5734375 0.025 0.0296875
2 0.41484375 0.30390625 0.2921875 0.3109375