2 0.4609375 0.6734375 0.14453125 0.29375
2 0.85703125 0.475 0.2328125 0.19140625
2 0.10546875 0.70078125 0.1453125 0.49296875
2 0.60546875 0.6734375 0.16015625 0.2953125
2 0.64375 0.290625 0.0828125 0.121875
2 0.2578125 0.35859375 0.14375 0.25078125
0 0.13046875 0.4515625 0.03828125 0.13046875
0 0.57421875 0.2265625 0.0421875 0.12734375
2 0.9125 0.60625 0.10703125 0.0890625
2 0.53984375 0.29609375 0.12265625 0.128125
0 0.590625 0.50078125 0.0359375 0.06171875
0 0.52890625 0.4625 0.0328125 0.059375
0 0.3625 0.81953125 0.0390625 0.0765625
2 0.2453125 0.71875 0.12421875 0.19609375
0 0.59140625 0.321875 0.0296875 0.046875
1 0.25859375 0.22890625 0.11328125 0.03828125
1 0.51796875 0.22890625 0.04453125 0.03359375
0 0.3625 0.68203125 0.04296875 0.06875
2 0.35078125 0.7484375 0.07578125 0.07578125
1 0.61796875 0.81875 0.06796875 0.0359375
2 0.215625 0.60078125 0.0359375 0.05625
0 0.80390625 0.35 0.08046875 0.07265625
1 0.17734375 0.86796875 0.02109375 0.08125
1 0.11171875 0.95234375 0.08515625 0.02734375
2 0.4015625 0.34453125 0.1515625 0.2265625
1 0.39609375 0.22890625 0.0578125 0.034375
0 0.48046875 0.50234375 0.040625 0.06640625
2 0.4796875 0.50234375 0.0375 0.0640625
1 0.45859375 0.81875 0.0671875 0.03515625
1 0.6421875 0.22890625 0.03828125 0.0265625
1 0.28828125 0.82109375 0.03125 0.0296875
1 0.6875 0.44140625 0.0171875 0.1140625
1 0.30859375 0.64921875 0.01875 0.0453125
2 0.63515625 0.4265625 0.103125 0.134375
1 0.23203125 0.821875 0.0421875 0.02734375
1 0.31640625 0.47109375 0.02578125 0.053125