2 0.234375 0.80625 0.240625 0.16796875
2 0.23671875 0.64453125 0.2296875 0.153125
2 0.6265625 0.26484375 0.24375 0.19375
2 0.23046875 0.38671875 0.234375 0.190625
2 0.1828125 0.52421875 0.1203125 0.090625
2 0.2921875 0.22890625 0.11953125 0.121875
0 0.26328125 0.51171875 0.07578125 0.0609375
0 0.32421875 0.75078125 0.07421875 0.059375
0 0.39296875 0.91015625 0.07265625 0.06875
0 0.5453125 0.33359375 0.06171875 0.0546875
0 0.38046875 0.2171875 0.07421875 0.0546875
0 0.31875 0.61328125 0.071875 0.07578125
2 0.16796875 0.22578125 0.11171875 0.13203125
2 0.43125 0.26328125 0.1578125 0.190625
1 0.1171875 0.66015625 0.040625 0.1078125
1 0.11953125 0.35703125 0.0375 0.10390625
1 0.11640625 0.80625 0.04140625 0.0625
0 0.31796875 0.434375 0.06953125 0.07421875
0 0.434375 0.3796875 0.06484375 0.05625
1 0.11796875 0.51328125 0.03203125 0.0609375
1 0.65078125 0.88515625 0.071875 0.025
1 0.6234375 0.16328125 0.125 0.02421875
0 0.775 0.58984375 0.07265625 0.0578125
1 0.20703125 0.88515625 0.0734375 0.02578125
0 0.25390625 0.196875 0.07109375 0.04765625
1 0.74609375 0.478125 0.05 0.18046875
2 0.6046875 0.5890625 0.28125 0.428125
0 0.39296875 0.14140625 0.065625 0.053125
1 0.74375 0.74453125 0.0359375 0.0921875
0 0.50390625 0.8515625 0.04453125 0.0265625
1 0.4421875 0.74609375 0.0515625 0.0703125
1 0.65078125 0.35859375 0.1453125 0.015625