2 0.5078125 0.78046875 0.30703125 0.26484375
2 0.146875 0.4515625 0.23515625 0.2734375
0 0.625 0.54296875 0.0703125 0.0859375
2 0.09375 0.68359375 0.12265625 0.1703125
0 0.38828125 0.690625 0.06875 0.08125
0 0.1828125 0.6359375 0.06171875 0.0703125
0 0.2296875 0.55234375 0.0703125 0.08359375
0 0.70078125 0.5421875 0.07109375 0.0796875
0 0.19609375 0.8671875 0.0703125 0.0859375
0 0.28984375 0.740625 0.05234375 0.06640625
2 0.4640625 0.4796875 0.38984375 0.3265625
0 0.26875 0.984375 0.05 0.03125
2 0.7375 0.221875 0.12578125 0.13359375
0 0.20625 0.9875 0.0421875 0.025
0 0.19296875 0.95390625 0.0703125 0.0859375
1 0.1703125 0.296875 0.16640625 0.03984375
2 0.3078125 0.8375 0.09921875 0.13671875