2 0.5453125 0.4125 0.1421875 0.13515625
2 0.259375 0.22265625 0.16796875 0.18359375
2 0.11484375 0.28203125 0.1265625 0.19765625
2 0.5453125 0.21015625 0.1359375 0.15234375
2 0.40703125 0.35625 0.14296875 0.08046875
2 0.10625 0.54921875 0.12421875 0.14140625
2 0.08515625 0.42421875 0.065625 0.0859375
2 0.31171875 0.4265625 0.05078125 0.09296875
2 0.021875 0.46015625 0.04296875 0.1375
2 0.1609375 0.425 0.08671875 0.09140625
0 0.36796875 0.096875 0.0328125 0.034375
0 0.45390625 0.41640625 0.04453125 0.0484375
2 0.24609375 0.41484375 0.0890625 0.06875
2 0.2578125 0.34609375 0.16640625 0.06796875
0 0.49375 0.36484375 0.04453125 0.0421875
0 0.14453125 0.1765625 0.0390625 0.0796875
0 0.3328125 0.09921875 0.034375 0.0375
0 0.13984375 0.60546875 0.0359375 0.034375
0 0.27578125 0.428125 0.03359375 0.03203125
0 0.18359375 0.55078125 0.04609375 0.040625
0 0.13203125 0.4125 0.03515625 0.03046875
0 0.19296875 0.4265625 0.03046875 0.0296875
0 0.87734375 0.33984375 0.0375 0.04140625
0 0.4640625 0.303125 0.03203125 0.03046875
0 0.34921875 0.42734375 0.03671875 0.03359375
2 0.546875 0.31640625 0.1390625 0.059375
0 0.4515625 0.49609375 0.0421875 0.05078125
0 0.1390625 0.3640625 0.034375 0.034375
2 0.83125 0.39765625 0.0578125 0.06796875
2 0.3609375 0.27890625 0.05234375 0.071875
2 0.91015625 0.44140625 0.11015625 0.084375
1 0.096875 0.17578125 0.06171875 0.0234375
0 0.8453125 0.35 0.028125 0.02890625
2 0.9125 0.36796875 0.10390625 0.103125
1 0.3625 0.47734375 0.03515625 0.01875
1 0.27109375 0.1265625 0.0421875 0.02109375
1 0.71484375 0.48125 0.06328125 0.02109375
1 0.165625 0.59140625 0.01640625 0.0484375
1 0.546875 0.12734375 0.0640625 0.02109375
1 0.53515625 0.47890625 0.06484375 0.02109375
0 0.19921875 0.27421875 0.04921875 0.06640625
2 0.02109375 0.36328125 0.040625 0.05859375
2 0.73046875 0.36796875 0.125 0.1109375
2 0.01953125 0.25390625 0.03828125 0.1453125
0 0.8015625 0.33984375 0.02421875 0.02890625
0 0.465625 0.09765625 0.02890625 0.0375
1 0.00625 0.52578125 0.01171875 0.025
2 0.8234375 0.340625 0.071875 0.04453125
2 0.409375 0.15859375 0.13984375 0.16171875
1 0.31015625 0.47734375 0.040625 0.0203125
1 0.00390625 0.17734375 0.0078125 0.021875
1 0.91640625 0.4828125 0.034375 0.0203125
1 0.234375 0.47578125 0.06171875 0.02109375
0 0.46484375 0.08203125 0.02734375 0.0265625
0 0.81953125 0.34140625 0.0640625 0.0390625
1 0.184375 0.4765625 0.034375 0.0171875