2 0.46953125 0.209375 0.1890625 0.19140625
2 0.3390625 0.6109375 0.15625 0.18515625
2 0.64453125 0.28046875 0.16015625 0.28515625
2 0.6890625 0.63125 0.07890625 0.12265625
2 0.6484375 0.5015625 0.16328125 0.14140625
0 0.4703125 0.79609375 0.04765625 0.06171875
2 0.340625 0.328125 0.15390625 0.38828125
2 0.5203125 0.6671875 0.09765625 0.06796875
0 0.58828125 0.35625 0.0515625 0.06328125
0 0.44453125 0.72578125 0.0484375 0.0703125
0 0.44765625 0.3296875 0.0484375 0.0609375
2 0.5359375 0.7828125 0.09296875 0.13671875
0 0.44375 0.60078125 0.05234375 0.06640625
0 0.5890625 0.49609375 0.04921875 0.06015625
0 0.3953125 0.56875 0.0453125 0.05859375
1 0.640625 0.13984375 0.0953125 0.03359375
0 0.7953125 0.7234375 0.04375 0.0625
0 0.2359375 0.18984375 0.04609375 0.06953125
2 0.4453125 0.66328125 0.059375 0.06328125
0 0.58984375 0.603125 0.04765625 0.0625
0 0.5296875 0.61015625 0.0390625 0.0484375
0 0.63046875 0.60390625 0.04765625 0.0671875
1 0.346875 0.7015625 0.0671875 0.0265625
1 0.59765625 0.70078125 0.03515625 0.028125
2 0.6078125 0.6546875 0.08515625 0.071875
1 0.31015625 0.70234375 0.0328125 0.0234375
2 0.78671875 0.4296875 0.1015625 0.528125
2 0.521875 0.584375 0.09921875 0.10078125
2 0.49453125 0.46796875 0.15078125 0.33203125