2 0.2859375 0.365625 0.19140625 0.22890625
2 0.54375 0.3875 0.32109375 0.2640625
2 0.475 0.6453125 0.19921875 0.26484375
2 0.790625 0.36171875 0.1984375 0.209375
2 0.2390625 0.5515625 0.0984375 0.140625
2 0.81640625 0.66875 0.1515625 0.2203125
2 0.2796875 0.69921875 0.2 0.1640625
2 0.33125 0.5484375 0.08828125 0.14296875
2 0.70078125 0.72734375 0.0828125 0.11328125
2 0.85 0.5140625 0.0703125 0.1015625
0 0.6296875 0.703125 0.0484375 0.07421875
0 0.76015625 0.59296875 0.04453125 0.06875
0 0.26875 0.509375 0.03984375 0.05703125
0 0.26171875 0.64375 0.0484375 0.07109375
0 0.3546875 0.696875 0.0546875 0.07109375
0 0.715625 0.4359375 0.04765625 0.071875
1 0.28359375 0.78359375 0.08125 0.03671875
0 0.39609375 0.3671875 0.0421875 0.09453125
0 0.721875 0.52734375 0.04375 0.065625
0 0.43203125 0.2234375 0.084375 0.0609375
0 0.16484375 0.69921875 0.04609375 0.05859375
0 0.628125 0.809375 0.04609375 0.071875
1 0.46953125 0.78046875 0.07890625 0.03125
2 0.7796875 0.51484375 0.0796875 0.10078125
1 0.271875 0.24609375 0.07890625 0.03671875
1 0.68671875 0.78515625 0.0484375 0.03203125
1 0.803125 0.25390625 0.0765625 0.02890625
1 0.54765625 0.24921875 0.065625 0.03046875
1 0.8046875 0.78046875 0.04453125 0.0265625
2 0.5890625 0.7171875 0.0359375 0.096875
1 0.89140625 0.61640625 0.0296875 0.05078125
1 0.82890625 0.78046875 0.0421875 0.02734375
1 0.88828125 0.425 0.02265625 0.0515625
1 0.84375 0.5640625 0.040625 0.0171875
0 0.7203125 0.478125 0.0484375 0.153125