2 0.46015625 0.63046875 0.23125 0.11640625
2 0.26171875 0.4359375 0.16484375 0.1296875
2 0.3453125 0.3046875 0.3234375 0.17265625
2 0.690625 0.43671875 0.20546875 0.13828125
1 0.7359375 0.3640625 0.11875 0.0453125
2 0.68359375 0.5359375 0.2109375 0.07109375
2 0.6171875 0.74140625 0.0796875 0.09453125
0 0.31640625 0.61015625 0.0625 0.075
2 0.41640625 0.5234375 0.16796875 0.1015625
0 0.553125 0.3140625 0.07109375 0.07265625
2 0.24609375 0.63046875 0.1359375 0.1234375
2 0.74375 0.628125 0.10625 0.12265625
1 0.4109375 0.2109375 0.15546875 0.04140625
0 0.21640625 0.7546875 0.078125 0.078125
0 0.56640625 0.5984375 0.0671875 0.0578125
2 0.63359375 0.62890625 0.10234375 0.10859375
1 0.7984375 0.4015625 0.03359375 0.06484375
1 0.27109375 0.21328125 0.1125 0.040625
2 0.41484375 0.7453125 0.06015625 0.0984375
0 0.61875 0.31796875 0.0671875 0.06640625
1 0.584375 0.26015625 0.0328125 0.07109375
2 0.27265625 0.5375 0.15234375 0.07421875
0 0.634375 0.7796875 0.04296875 0.03359375
2 0.52109375 0.7453125 0.11953125 0.10390625
0 0.36484375 0.76796875 0.05234375 0.053125
0 0.58359375 0.25859375 0.03046875 0.07265625