2 0.75859375 0.34609375 0.21484375 0.1578125
2 0.31875 0.3578125 0.17109375 0.18203125
2 0.296875 0.609375 0.13203125 0.1921875
2 0.8046875 0.4640625 0.11953125 0.0765625
2 0.7 0.46015625 0.09296875 0.0765625
2 0.42578125 0.74140625 0.14140625 0.09296875
2 0.76171875 0.64453125 0.2140625 0.11484375
0 0.38203125 0.4890625 0.05 0.05078125
2 0.1453125 0.33515625 0.17421875 0.14296875
2 0.3265625 0.48359375 0.07265625 0.07265625
0 0.3890625 0.6703125 0.05 0.05546875
0 0.7046875 0.6078125 0.0453125 0.053125
0 0.5921875 0.24765625 0.0453125 0.0515625
0 0.671875 0.34375 0.04765625 0.0515625
0 0.13828125 0.24296875 0.046875 0.05
0 0.34296875 0.60234375 0.04765625 0.05078125
2 0.82890625 0.5453125 0.0734375 0.0890625
1 0.53828125 0.26796875 0.05546875 0.02265625
0 0.6703125 0.6359375 0.04765625 0.046875
1 0.77109375 0.2671875 0.06171875 0.0234375
1 0.4859375 0.26640625 0.05703125 0.02421875
1 0.3328125 0.2671875 0.06015625 0.025
1 0.0640625 0.33984375 0.0203125 0.05859375
0 0.88359375 0.62265625 0.040625 0.046875
1 0.55390625 0.69921875 0.08046875 0.02421875
2 0.76484375 0.546875 0.0625 0.0875
1 0.753125 0.70078125 0.0421875 0.0171875
0 0.40234375 0.8078125 0.040625 0.0515625
0 0.7453125 0.2703125 0.02421875 0.028125
0 0.30703125 0.27109375 0.025 0.0296875
2 0.52265625 0.47890625 0.24296875 0.421875
0 0.8609375 0.453125 0.0234375 0.0296875
0 0.85859375 0.54375 0.021875 0.02578125
1 0.29765625 0.69921875 0.06875 0.021875
0 0.3609375 0.7421875 0.028125 0.0421875
1 0.86171875 0.45234375 0.02265625 0.03046875
0 0.36484375 0.41640625 0.0703125 0.0484375
2 0.14609375 0.55234375 0.16953125 0.30390625
1 0.3578125 0.74296875 0.02734375 0.04453125