2 0.603125 0.22890625 0.1828125 0.1578125
2 0.60390625 0.55625 0.18984375 0.15703125
2 0.15078125 0.55546875 0.1828125 0.153125
2 0.4171875 0.42109375 0.10859375 0.07578125
2 0.57734375 0.340625 0.1296875 0.06796875
2 0.1046875 0.43046875 0.08828125 0.10234375
2 0.33046875 0.4203125 0.06171875 0.08359375
0 0.284375 0.4 0.0484375 0.0484375
0 0.26953125 0.56875 0.05859375 0.05703125
0 0.2203125 0.5046875 0.05234375 0.05546875
0 0.2734375 0.65703125 0.05703125 0.0640625
2 0.5578125 0.425 0.08671875 0.10390625
0 0.73203125 0.62890625 0.05625 0.10390625
0 0.54453125 0.49765625 0.0515625 0.05078125
2 0.40625 0.50234375 0.1484375 0.08125
0 0.8484375 0.1421875 0.0453125 0.0984375
0 0.846875 0.05546875 0.04453125 0.04765625
0 0.39453125 0.56015625 0.04375 0.046875
0 0.38671875 0.4796875 0.05 0.05546875
0 0.109375 0.4953125 0.04140625 0.0375
0 0.6671875 0.29375 0.0578125 0.06875
2 0.8984375 0.05546875 0.06328125 0.05234375
0 0.35234375 0.565625 0.04921875 0.04765625
0 0.66015625 0.3296875 0.04921875 0.04765625
1 0.765625 0.1453125 0.09375 0.02890625
2 0.89921875 0.090625 0.06328125 0.09765625
1 0.58203125 0.634375 0.07421875 0.03125
0 0.84765625 0.11484375 0.04140625 0.04375
1 0.06171875 0.51171875 0.02109375 0.05859375
2 0.80859375 0.24296875 0.23203125 0.190625
2 0.81171875 0.484375 0.24453125 0.30234375
2 0.40859375 0.584375 0.1484375 0.08125