2 0.81796875 0.29453125 0.259375 0.42421875
0 0.71875 0.4578125 0.07109375 0.11328125
0 0.71953125 0.61484375 0.0734375 0.1109375
2 0.6125 0.2234375 0.1453125 0.26796875
0 0.61171875 0.403125 0.06015625 0.1046875
0 0.5109375 0.4234375 0.07109375 0.1171875
2 0.34921875 0.30546875 0.3796875 0.4296875
2 0.8171875 0.73671875 0.26640625 0.453125
0 0.13671875 0.425 0.0671875 0.1109375
0 0.64609375 0.91171875 0.07578125 0.14609375
1 0.94765625 0.30390625 0.034375 0.228125
1 0.16484375 0.25 0.03671875 0.271875
2 0.10546875 0.30234375 0.1125 0.45546875
1 0.94765625 0.7265625 0.0375 0.2375
1 0.8390625 0.525 0.21953125 0.053125
2 0.62890625 0.66328125 0.1234375 0.61171875