2 0.2078125 0.24296875 0.2609375 0.28125
2 0.1921875 0.48359375 0.21953125 0.20234375
2 0.41171875 0.19921875 0.146875 0.1953125
2 0.34453125 0.525 0.08984375 0.11875
2 0.52890625 0.1859375 0.09140625 0.16015625
1 0.07734375 0.2921875 0.0421875 0.1796875
0 0.41796875 0.33359375 0.0578125 0.09296875
0 0.41484375 0.88828125 0.06484375 0.096875
1 0.07578125 0.478125 0.03671875 0.1484375
0 0.83203125 0.34140625 0.05390625 0.0890625
0 0.4609375 0.21953125 0.0546875 0.08125
1 0.796875 0.48125 0.03125 0.1765625
1 0.796875 0.23125 0.03046875 0.14453125
0 0.275 0.33984375 0.0640625 0.0828125
0 0.2765625 0.4140625 0.0640625 0.09765625
0 0.32734375 0.43828125 0.0484375 0.071875
2 0.53359375 0.43046875 0.42265625 0.3171875
2 0.6921875 0.34921875 0.18359375 0.49609375