2 0.8609375 0.3390625 0.14140625 0.48203125
2 0.46015625 0.9125 0.12265625 0.175
0 0.29609375 0.5234375 0.07265625 0.14140625
0 0.35390625 0.31328125 0.0625 0.1171875
2 0.48125 0.71953125 0.16328125 0.21953125
2 0.18671875 0.41328125 0.27109375 0.6
0 0.821875 0.4984375 0.06640625 0.1234375
2 0.72109375 0.771875 0.3140625 0.2984375
0 0.42890625 0.659375 0.05703125 0.1015625
0 0.74375 0.54453125 0.0640625 0.13046875
0 0.365625 0.653125 0.07109375 0.13125
0 0.74609375 0.49453125 0.0640625 0.1203125
2 0.61640625 0.3578125 0.35859375 0.5375