2 0.4859375 0.3421875 0.16796875 0.27109375
2 0.2171875 0.62265625 0.23125 0.2171875
2 0.58671875 0.63984375 0.27734375 0.18515625
2 0.64609375 0.27109375 0.153125 0.12421875
2 0.646875 0.39453125 0.15078125 0.11875
2 0.50703125 0.51953125 0.128125 0.0640625
2 0.64140625 0.50234375 0.13671875 0.0953125
0 0.5953125 0.31015625 0.0640625 0.053125
2 0.0546875 0.55703125 0.1078125 0.15625
0 0.2984375 0.54375 0.0765625 0.053125
0 0.41484375 0.7515625 0.0734375 0.05859375
0 0.41796875 0.684375 0.06875 0.05234375
0 0.64296875 0.315625 0.05546875 0.04453125
0 0.62265625 0.184375 0.06953125 0.0578125
2 0.05 0.6796875 0.0984375 0.09609375
0 0.6828125 0.4390625 0.05625 0.04453125
2 0.2546875 0.325 0.3 0.24453125
0 0.48046875 0.60625 0.07578125 0.0515625
1 0.56875 0.73125 0.146875 0.028125
0 0.425 0.4671875 0.0625 0.04453125
1 0.25703125 0.73046875 0.1328125 0.025
0 0.01953125 0.615625 0.0375 0.0359375
0 0.4265625 0.5296875 0.05625 0.040625
1 0.72421875 0.603125 0.02421875 0.04609375
1 0.4953125 0.21015625 0.11171875 0.0171875
2 0.21875 0.48359375 0.22265625 0.075
1 0.30078125 0.21015625 0.12421875 0.02109375
0 0.3484375 0.4984375 0.05546875 0.03984375
1 0.159375 0.73203125 0.06953125 0.02421875