2 0.5078125 0.61328125 0.09921875 0.16015625
2 0.83203125 0.25625 0.21640625 0.29609375
0 0.74453125 0.23828125 0.05078125 0.06796875
0 0.65546875 0.715625 0.0640625 0.0859375
0 0.3625 0.54453125 0.05078125 0.071875
0 0.74609375 0.703125 0.05 0.0765625
0 0.7453125 0.5546875 0.05546875 0.0703125
2 0.8390625 0.61875 0.2296875 0.42578125
0 0.69375 0.06640625 0.06484375 0.090625
2 0.38203125 0.64375 0.159375 0.225
2 0.58203125 0.6125 0.05703125 0.14921875
0 0.1078125 0.2671875 0.06875 0.09140625
0 0.659375 0.84296875 0.06640625 0.0890625
1 0.81953125 0.84609375 0.11796875 0.04453125
1 0.4953125 0.8484375 0.06796875 0.040625
1 0.57109375 0.84921875 0.06796875 0.040625
1 0.4140625 0.8484375 0.06875 0.0390625
2 0.4078125 0.7875 0.10859375 0.1125
2 0.540625 0.76796875 0.1609375 0.16953125
0 0.5890625 0.7125 0.0453125 0.0609375
1 0.94375 0.47421875 0.04453125 0.171875
0 0.48046875 0.70703125 0.04375 0.05390625
0 0.19140625 0.23203125 0.2296875 0.24609375
0 0.61875 0.615625 0.046875 0.05546875
1 0.12578125 0.09375 0.0640625 0.034375
2 0.1921875 0.23125 0.22734375 0.24375
2 0.66875 0.6328125 0.12421875 0.23046875
2 0.51328125 0.30078125 0.4125 0.415625
0 0.33359375 0.878125 0.05 0.08984375
2 0.19375 0.60234375 0.22109375 0.4984375
0 0.140625 0.9140625 0.08828125 0.115625
0 0.22890625 0.9140625 0.08828125 0.115625