2 0.846875 0.659375 0.1484375 0.1875
2 0.34609375 0.653125 0.13515625 0.1984375
2 0.153125 0.62265625 0.08515625 0.128125
2 0.1546875 0.5234375 0.08828125 0.07578125
2 0.6484375 0.22265625 0.06171875 0.128125
2 0.1609375 0.22109375 0.1125 0.12578125
2 0.18828125 0.3875 0.1484375 0.18671875
2 0.06640625 0.65390625 0.07890625 0.17890625
2 0.73203125 0.2234375 0.1078125 0.1234375
0 0.21328125 0.62421875 0.040625 0.053125
2 0.15546875 0.79609375 0.08203125 0.09609375
0 0.23125 0.184375 0.0359375 0.05078125
0 0.2140625 0.51328125 0.0390625 0.05546875
0 0.71328125 0.53671875 0.03984375 0.05078125
2 0.6625 0.52890625 0.07265625 0.07421875
2 0.6984375 0.396875 0.14765625 0.190625
2 0.69609375 0.66015625 0.15078125 0.1890625
0 0.2375 0.26640625 0.040625 0.0578125
0 0.090625 0.625 0.03671875 0.04453125
1 0.73203125 0.75625 0.05 0.021875
0 0.2296875 0.77578125 0.0421875 0.05390625
1 0.1859375 0.2890625 0.06015625 0.02734375
0 0.065625 0.87109375 0.03828125 0.04453125
2 0.33515625 0.42578125 0.14453125 0.26328125
0 0.75859375 0.61171875 0.02890625 0.04453125
1 0.41171875 0.6734375 0.01875 0.0703125
1 0.8125 0.7546875 0.053125 0.02265625
1 0.40859375 0.36953125 0.01953125 0.1
1 0.3390625 0.28671875 0.0765625 0.02890625
2 0.15625 0.71796875 0.08515625 0.06328125
1 0.8375 0.29140625 0.04453125 0.0265625
1 0.67890625 0.2046875 0.01640625 0.08203125
1 0.70625 0.29140625 0.0421875 0.021875
1 0.51640625 0.45703125 0.01796875 0.084375
0 0.26875 0.63671875 0.028125 0.04453125
0 0.69609375 0.2609375 0.03984375 0.03984375
0 0.75078125 0.26796875 0.0390625 0.0546875
2 0.8484375 0.42734375 0.14765625 0.26875
1 0.40703125 0.1515625 0.05703125 0.02421875
1 0.3515625 0.1546875 0.0546875 0.02421875
1 0.1078125 0.5109375 0.015625 0.04296875
0 0.13359375 0.66484375 0.03671875 0.040625
1 0.925 0.53515625 0.01484375 0.04296875
1 0.28671875 0.8484375 0.0484375 0.01328125
0 0.79296875 0.60390625 0.025 0.03046875
0 0.26953125 0.61953125 0.025 0.04765625
1 0.196875 0.8 0.0125 0.03828125
0 0.475 0.678125 0.0625 0.10625
0 0.7203125 0.58828125 0.03125 0.040625
1 0.49609375 0.06875 0.02890625 0.0359375
1 0.10234375 0.190625 0.01328125 0.06015625
1 0.95859375 0.59453125 0.009375 0.03203125
1 0.48828125 0.5375 0.034375 0.04140625
1 0.003125 0.68828125 0.00546875 0.03203125
1 0.41328125 0.51875 0.01328125 0.05
2 0.06484375 0.79765625 0.0734375 0.1078125