2 0.26484375 0.41015625 0.10703125 0.11171875
2 0.67890625 0.40859375 0.10234375 0.10859375
2 0.52265625 0.57265625 0.10078125 0.0921875
2 0.5515625 0.44140625 0.15546875 0.16875
2 0.684375 0.546875 0.08984375 0.059375
2 0.70078125 0.61875 0.05859375 0.08359375
2 0.26015625 0.54609375 0.090625 0.05859375
2 0.7015625 0.49296875 0.05390625 0.04921875
0 0.625 0.53359375 0.03515625 0.03046875
0 0.31953125 0.53359375 0.03359375 0.02890625
0 0.55859375 0.54140625 0.0359375 0.03046875
2 0.4734375 0.890625 0.10234375 0.0640625
2 0.85078125 0.5375 0.05234375 0.05703125
2 0.24140625 0.49296875 0.0546875 0.0484375
2 0.37734375 0.89140625 0.0859375 0.065625
2 0.4390625 0.5734375 0.0625 0.0921875
0 0.59609375 0.33671875 0.0390625 0.034375
2 0.24765625 0.61875 0.06796875 0.0828125
2 0.784375 0.03203125 0.06796875 0.046875
0 0.54609375 0.9078125 0.0375 0.03125
0 0.88125 0.62265625 0.034375 0.03125
0 0.28125 0.50390625 0.0296875 0.02578125
0 0.64453125 0.4515625 0.0375 0.03046875
0 0.3 0.4515625 0.03515625 0.02734375
2 0.6609375 0.59765625 0.04296875 0.04140625
0 0.65234375 0.63984375 0.03203125 0.02890625
0 0.3171875 0.90859375 0.03359375 0.02890625
0 0.61796875 0.63515625 0.0375 0.03359375
0 0.32421875 0.63515625 0.0359375 0.03359375
0 0.3484375 0.3359375 0.0359375 0.02890625
2 0.2890625 0.49296875 0.04765625 0.0484375
2 0.28203125 0.59609375 0.04453125 0.0390625
0 0.66328125 0.503125 0.0328125 0.028125
2 0.8640625 0.58671875 0.08515625 0.040625
2 0.84921875 0.0265625 0.06328125 0.0453125
1 0.52734375 0.61953125 0.03828125 0.0140625
0 0.2921875 0.640625 0.0328125 0.02890625
1 0.52890625 0.353125 0.08046875 0.01875
2 0.65390625 0.49375 0.053125 0.05
0 0.85859375 0.065625 0.03359375 0.03125
0 0.62578125 0.59140625 0.03125 0.02734375
1 0.665625 0.3515625 0.03984375 0.015625
2 0.19140625 0.0921875 0.06875 0.04140625
1 0.371875 0.9265625 0.06484375 0.01640625
1 0.27734375 0.3515625 0.03984375 0.01328125
1 0.88203125 0.31328125 0.0609375 0.01796875
0 0.31875 0.590625 0.03203125 0.0265625
1 0.2828125 0.115625 0.0375 0.01328125
1 0.46328125 0.9265625 0.05390625 0.0171875
1 0.61328125 0.92578125 0.040625 0.01328125
2 0.89453125 0.5359375 0.0359375 0.05625
2 0.89609375 0.4140625 0.1484375 0.18984375
1 0.42890625 0.05546875 0.04140625 0.0125
1 0.2703125 0.92578125 0.04140625 0.01484375
0 0.65625 0.496875 0.04453125 0.04921875
0 0.28828125 0.49453125 0.04296875 0.04765625
2 0.69140625 0.5875 0.078125 0.1390625
2 0.13046875 0.0953125 0.0609375 0.03671875
0 0.12421875 0.1328125 0.0328125 0.0296875