2 0.7765625 0.77890625 0.21171875 0.15234375
2 0.42109375 0.7625 0.23125 0.18203125
2 0.246875 0.78828125 0.1171875 0.1296875
2 0.71875 0.66640625 0.09375 0.07421875
2 0.8234375 0.665625 0.11484375 0.075
2 0.2484375 0.68515625 0.1140625 0.08203125
0 0.82265625 0.72265625 0.04765625 0.040625
2 0.71328125 0.26953125 0.26796875 0.10625
0 0.6078125 0.30078125 0.06953125 0.0515625
0 0.63125 0.88515625 0.065625 0.05859375
0 0.334375 0.39921875 0.059375 0.05
0 0.50859375 0.6984375 0.0609375 0.04921875
2 0.13671875 0.79375 0.0890625 0.1234375
2 0.54609375 0.50078125 0.4984375 0.32265625
0 0.2578125 0.88359375 0.06640625 0.0609375
2 0.2484375 0.47578125 0.125 0.2828125
2 0.13515625 0.4015625 0.090625 0.128125
1 0.44765625 0.859375 0.07578125 0.02578125
1 0.4890625 0.33125 0.15625 0.025
2 0.134375 0.57890625 0.0890625 0.1328125
2 0.6984375 0.72890625 0.0546875 0.04765625
2 0.13671875 0.6875 0.08203125 0.08828125
1 0.72734375 0.859375 0.0734375 0.0234375
1 0.35234375 0.33125 0.08125 0.0234375
1 0.8875 0.56015625 0.0296875 0.059375
0 0.69765625 0.72890625 0.05546875 0.0453125
2 0.1421875 0.478125 0.06953125 0.034375
0 0.27421875 0.625 0.05625 0.04375
1 0.73828125 0.33125 0.07890625 0.025
2 0.24453125 0.59609375 0.11328125 0.09765625