2 0.3078125 0.4453125 0.1640625 0.15234375
2 0.31015625 0.5953125 0.16875 0.146875
2 0.675 0.5953125 0.203125 0.15078125
2 0.6203125 0.44375 0.303125 0.1453125
0 0.371875 0.49453125 0.0484375 0.0390625
0 0.59453125 0.56328125 0.05390625 0.03984375
0 0.371875 0.565625 0.0515625 0.0390625
2 0.43125 0.4171875 0.08515625 0.08671875
0 0.42109375 0.66796875 0.05078125 0.0859375
1 0.7734375 0.58828125 0.0328125 0.1046875
0 0.75 0.49296875 0.04921875 0.04140625
0 0.528125 0.57265625 0.0390625 0.03359375
0 0.4453125 0.45 0.03984375 0.03671875
1 0.22734375 0.44921875 0.0265625 0.08515625
0 0.79296875 0.4921875 0.05078125 0.0390625
1 0.77109375 0.42734375 0.03046875 0.103125
1 0.228125 0.590625 0.02734375 0.0921875
2 0.48359375 0.59140625 0.18203125 0.1515625
1 0.684375 0.51640625 0.0875 0.01875
2 0.81171875 0.4390625 0.08203125 0.146875