2 0.81875 0.81640625 0.2109375 0.165625
2 0.81640625 0.5828125 0.2015625 0.28828125
2 0.13046875 0.7796875 0.1390625 0.409375
2 0.1328125 0.35625 0.13671875 0.45703125
0 0.690625 0.621875 0.071875 0.09453125
0 0.69453125 0.7734375 0.06015625 0.0765625
1 0.92421875 0.34375 0.03984375 0.14375
2 0.73828125 0.2796875 0.3703125 0.3125
0 0.23984375 0.52421875 0.0765625 0.11171875
0 0.2375 0.93203125 0.0703125 0.11484375
0 0.3078125 0.9484375 0.065625 0.096875
0 0.634375 0.39453125 0.07890625 0.1140625
0 0.1703125 0.52578125 0.07109375 0.1
2 0.3796875 0.35234375 0.359375 0.45625
0 0.16796875 0.92578125 0.06953125 0.103125
1 0.921875 0.51796875 0.03671875 0.13046875
1 0.921875 0.7890625 0.0296875 0.0796875
2 0.3921875 0.78515625 0.37734375 0.40078125
0 0.671875 0.89375 0.071875 0.18515625
1 0.71640625 0.52421875 0.03515625 0.146875