2 0.73125 0.79375 0.1734375 0.26171875
2 0.6984375 0.5234375 0.2296875 0.2578125
0 0.1890625 0.88203125 0.05546875 0.0796875
2 0.46875 0.21796875 0.0875 0.175
0 0.65078125 0.70078125 0.05546875 0.08125
0 0.61328125 0.6203125 0.0578125 0.08671875
0 0.6078125 0.35234375 0.0578125 0.08203125
2 0.36640625 0.78828125 0.29375 0.25859375
2 0.54765625 0.21640625 0.06953125 0.17265625
2 0.7 0.26171875 0.24140625 0.26640625
0 0.54453125 0.328125 0.040625 0.0546875
0 0.1890625 0.61484375 0.0578125 0.08515625
0 0.2484375 0.88203125 0.0578125 0.07734375
0 0.4609375 0.3265625 0.03671875 0.05625
2 0.321875 0.259375 0.21015625 0.26640625
0 0.23984375 0.6125 0.0578125 0.07578125
0 0.57109375 0.846875 0.040625 0.0484375
1 0.215625 0.490625 0.028125 0.1859375
1 0.2140625 0.259375 0.01328125 0.21953125
2 0.171875 0.5265625 0.08984375 0.271875
0 0.6125 0.85078125 0.05625 0.1390625
2 0.39921875 0.525 0.371875 0.26875
2 0.6140625 0.853125 0.0578125 0.14609375
1 0.8171875 0.25703125 0.025 0.2203125
0 0.55234375 0.88828125 0.05234375 0.07890625
1 0.8171875 0.5328125 0.01015625 0.2015625
1 0.8171875 0.77734375 0.01796875 0.175