2 0.4203125 0.47890625 0.3265625 0.19765625
2 0.7015625 0.65234375 0.140625 0.15390625
2 0.375 0.7234375 0.24296875 0.16328125
2 0.67265625 0.4453125 0.2140625 0.259375
2 0.43984375 0.609375 0.11171875 0.07109375
2 0.7015625 0.76796875 0.1375 0.08046875
0 0.328125 0.65703125 0.059375 0.040625
2 0.32109375 0.60703125 0.13359375 0.0734375
0 0.48359375 0.39296875 0.08203125 0.07109375
0 0.60703125 0.69921875 0.05703125 0.03515625
2 0.559375 0.65 0.1390625 0.1453125
0 0.61484375 0.5546875 0.071875 0.04140625
0 0.46015625 0.66796875 0.075 0.0453125
1 0.67890625 0.31875 0.14453125 0.02421875
0 0.66640625 0.70859375 0.05859375 0.040625
1 0.3578125 0.3828125 0.17734375 0.0234375
1 0.36171875 0.81015625 0.16484375 0.02890625
0 0.5875 0.7453125 0.0796875 0.05078125
1 0.6953125 0.80703125 0.09609375 0.02421875
0 0.67421875 0.59140625 0.04921875 0.034375
2 0.65078125 0.16484375 0.265625 0.3296875
0 0.628125 0.70546875 0.08046875 0.0390625