2 0.31875 0.5375 0.21796875 0.19765625
2 0.315625 0.69609375 0.2171875 0.11796875
2 0.60234375 0.846875 0.11328125 0.090625
2 0.78203125 0.496875 0.225 0.11796875
0 0.5265625 0.659375 0.05703125 0.03984375
2 0.3109375 0.821875 0.2140625 0.13203125
2 0.7640625 0.3796875 0.23203125 0.11953125
0 0.6125 0.4 0.0765625 0.0546875
0 0.3921875 0.78046875 0.07265625 0.0515625
2 0.8125 0.13125 0.1609375 0.08671875
0 0.709375 0.128125 0.07421875 0.04921875
1 0.646875 0.34921875 0.0265625 0.06328125
0 0.4484375 0.9078125 0.07109375 0.05859375
0 0.3890625 0.73125 0.075 0.05078125
0 0.51484375 0.77578125 0.06640625 0.04921875
2 0.6046875 0.72265625 0.115625 0.071875
2 0.484375 0.84453125 0.13515625 0.078125
2 0.54921875 0.5390625 0.24375 0.2046875
0 0.5765625 0.78203125 0.05390625 0.03984375
2 0.60546875 0.66484375 0.11953125 0.04765625
1 0.2140625 0.69765625 0.0375 0.1109375
1 0.325 0.43203125 0.17734375 0.0234375
1 0.209375 0.81171875 0.0359375 0.10703125
2 0.6265625 0.77890625 0.075 0.04609375
1 0.54609375 0.43359375 0.1890625 0.02734375
1 0.61015625 0.88828125 0.084375 0.0171875
2 0.48984375 0.69609375 0.1296875 0.10859375