2 0.1828125 0.48828125 0.103125 0.184375
2 0.39453125 0.43671875 0.109375 0.096875
2 0.684375 0.48671875 0.1453125 0.18671875
2 0.14140625 0.2953125 0.090625 0.18671875
0 0.35390625 0.4578125 0.03203125 0.04453125
2 0.41953125 0.52734375 0.04921875 0.0859375
2 0.36640625 0.53125 0.05390625 0.084375
0 0.74609375 0.459375 0.03125 0.046875
2 0.878125 0.478125 0.1125 0.18046875
0 0.221875 0.4546875 0.03203125 0.04609375
2 0.75703125 0.31875 0.353125 0.1578125
2 0.26171875 0.54296875 0.05703125 0.06171875
0 0.26484375 0.4953125 0.03046875 0.04296875
2 0.31328125 0.54296875 0.05234375 0.06171875
2 0.28671875 0.46796875 0.10234375 0.08515625
0 0.834375 0.45703125 0.0296875 0.04375
1 0.67109375 0.57890625 0.0484375 0.02421875
0 0.77421875 0.47890625 0.02734375 0.04140625
0 0.3796875 0.66484375 0.0296875 0.04453125
1 0.19140625 0.57734375 0.04765625 0.0234375
0 0.4671875 0.44140625 0.028125 0.03671875
2 0.26328125 0.2921875 0.15234375 0.1859375
0 0.178125 0.26796875 0.0234375 0.06328125
1 0.096875 0.2375 0.0125 0.0328125
2 0.77890625 0.5359375 0.0875 0.07109375
0 0.3828125 0.50390625 0.0296875 0.03828125
1 0.39296875 0.10546875 0.03359375 0.01796875
1 0.45546875 0.2421875 0.0140625 0.0703125
2 0.396875 0.246875 0.11484375 0.2796875
1 0.87578125 0.5796875 0.05078125 0.028125
1 0.30546875 0.2 0.028125 0.015625
1 0.26640625 0.57890625 0.01953125 0.01796875
2 0.3921875 0.61484375 0.09453125 0.07421875