2 0.27109375 0.82265625 0.46640625 0.23984375
2 0.85390625 0.546875 0.1546875 0.16796875
2 0.7921875 0.203125 0.275 0.278125
2 0.59140625 0.671875 0.1078125 0.20546875
0 0.71171875 0.390625 0.0984375 0.0765625
2 0.50859375 0.24296875 0.275 0.36875
0 0.3984375 0.675 0.10859375 0.075
2 0.81796875 0.6609375 0.08515625 0.0609375
0 0.80625 0.48203125 0.065625 0.0546875
2 0.12109375 0.38125 0.09609375 0.06484375
2 0.26875 0.28515625 0.23203125 0.271875
0 0.74140625 0.53515625 0.0953125 0.06484375
0 0.584375 0.5515625 0.065625 0.0515625
1 0.040625 0.8234375 0.0453125 0.1453125
1 0.3765625 0.35703125 0.03359375 0.0890625
1 0.15703125 0.26015625 0.03203125 0.14921875
1 0.73828125 0.06171875 0.15390625 0.0234375
2 0.8515625 0.39609375 0.16484375 0.1328125
0 0.74453125 0.65546875 0.07890625 0.0421875
0 0.72734375 0.71953125 0.07578125 0.06484375
1 0.5671875 0.06328125 0.1140625 0.021875
2 0.72578125 0.7203125 0.071875 0.06640625