2 0.340625 0.57578125 0.17109375 0.08203125
2 0.16015625 0.43125 0.18671875 0.1140625
2 0.240625 0.70625 0.36015625 0.18671875
0 0.45625 0.56015625 0.0875 0.0453125
2 0.1625 0.5296875 0.1765625 0.0890625
2 0.73984375 0.68515625 0.284375 0.22734375
0 0.38984375 0.509375 0.09609375 0.053125
2 0.5171875 0.7625 0.1734375 0.08203125
0 0.753125 0.58828125 0.078125 0.0515625
2 0.76953125 0.53671875 0.2078125 0.05859375
0 0.65234375 0.59765625 0.1046875 0.05703125
0 0.19765625 0.2265625 0.09609375 0.096875
0 0.54609375 0.69375 0.109375 0.0625
0 0.29921875 0.340625 0.096875 0.0515625
2 0.95 0.56796875 0.1 0.0890625
0 0.2125 0.4578125 0.0828125 0.0453125
0 0.378125 0.6421875 0.09296875 0.0515625
2 0.9484375 0.48046875 0.10234375 0.08671875
0 0.5421875 0.8296875 0.0984375 0.059375
2 0.0328125 0.4265625 0.0640625 0.11015625
1 0.2796875 0.80546875 0.14140625 0.01875
2 0.16171875 0.5984375 0.18046875 0.0453125
1 0.73671875 0.80703125 0.1421875 0.021875
2 0.57734375 0.38046875 0.6234375 0.31015625
2 0.9484375 0.06015625 0.10234375 0.11875
1 0.65078125 0.2265625 0.16328125 0.021875
2 0.9390625 0.90859375 0.121875 0.17890625
2 0.95078125 0.34296875 0.0984375 0.19296875
2 0.17109375 0.29921875 0.18515625 0.15
2 0.29296875 0.51484375 0.0671875 0.03671875
2 0.94921875 0.13515625 0.06796875 0.034375