2 0.7359375 0.2125 0.23125 0.30234375
2 0.88046875 0.5734375 0.09765625 0.10703125
2 0.7703125 0.5515625 0.121875 0.15078125
0 0.6625 0.33828125 0.0546875 0.0609375
1 0.665625 0.040625 0.08046875 0.0484375
2 0.746875 0.41328125 0.08671875 0.09296875
2 0.47421875 0.25546875 0.26796875 0.4015625
0 0.684375 0.72109375 0.0578125 0.06015625
0 0.56796875 0.425 0.059375 0.065625
1 0.76640625 0.04140625 0.08046875 0.04765625
1 0.496875 0.04140625 0.0859375 0.046875
0 0.87265625 0.7703125 0.0421875 0.05078125
2 0.64453125 0.86328125 0.22734375 0.203125
1 0.83984375 0.97421875 0.08125 0.040625
1 0.4046875 0.03828125 0.08046875 0.04140625
1 0.653125 0.97421875 0.0875 0.04296875
0 0.81328125 0.5625 0.0453125 0.04765625
1 0.23046875 0.04609375 0.08203125 0.053125
0 0.59296875 0.26796875 0.04921875 0.07890625
2 0.846875 0.85625 0.17734375 0.2125
0 0.79765625 0.71875 0.0484375 0.0515625
0 0.3625 0.271875 0.04140625 0.07734375
2 0.90078125 0.1203125 0.03125 0.0828125
1 0.12890625 0.04296875 0.0859375 0.0484375
2 0.87109375 0.7015625 0.08515625 0.09765625
2 0.825 0.41484375 0.071875 0.090625
0 0.790625 0.66328125 0.0453125 0.0515625
2 0.19296875 0.2546875 0.2859375 0.39140625