2 0.878125 0.85625 0.134375 0.1796875
2 0.10546875 0.48203125 0.09921875 0.13125
2 0.27265625 0.2984375 0.15 0.253125
2 0.12578125 0.65390625 0.15078125 0.21484375
2 0.12421875 0.3015625 0.15078125 0.23828125
2 0.88359375 0.2953125 0.14921875 0.25
0 0.178125 0.56953125 0.04765625 0.0703125
0 0.7546875 0.16484375 0.05078125 0.15
0 0.16796875 0.4890625 0.04375 0.0625
2 0.775 0.60390625 0.07421875 0.0828125
0 0.75703125 0.3921875 0.04765625 0.07421875
0 0.29140625 0.79296875 0.04921875 0.0921875
0 0.7078125 0.3859375 0.05 0.0765625
0 0.240625 0.61875 0.04296875 0.0625
0 0.17578125 0.39140625 0.0453125 0.07265625
2 0.88515625 0.5890625 0.1375 0.34140625
0 0.71875 0.5890625 0.04453125 0.06953125
2 0.4859375 0.590625 0.26875 0.33125
0 0.71953125 0.6765625 0.046875 0.06796875
0 0.63671875 0.65625 0.04765625 0.06640625
0 0.2203125 0.3921875 0.04375 0.07109375
0 0.75859375 0.66875 0.04140625 0.06328125
2 0.23203125 0.7015625 0.06171875 0.1203125
0 0.6875 0.5328125 0.04140625 0.0609375
0 0.290625 0.67265625 0.04765625 0.07265625
0 0.8265625 0.67890625 0.0421875 0.0671875
1 0.8921875 0.16875 0.0546875 0.02890625
1 0.9453125 0.853125 0.0203125 0.08359375
0 0.7734375 0.76015625 0.05078125 0.153125
2 0.625 0.490625 0.090625 0.13515625
1 0.496875 0.76171875 0.0515625 0.02578125
2 0.73984375 0.49296875 0.14765625 0.14609375
1 0.44609375 0.76015625 0.05859375 0.02734375
1 0.428125 0.16953125 0.053125 0.02734375
1 0.48203125 0.16875 0.0546875 0.0296875
1 0.64765625 0.16953125 0.05703125 0.03125
2 0.540625 0.29765625 0.37890625 0.25234375
0 0.790625 0.89296875 0.05859375 0.0796875
1 0.1390625 0.16953125 0.05859375 0.0296875
2 0.678125 0.66640625 0.11484375 0.19765625
1 0.95390625 0.55078125 0.0203125 0.10234375
0 0.83125 0.4375 0.03828125 0.06015625
2 0.728125 0.72890625 0.02578125 0.04453125
2 0.69453125 0.459375 0.04609375 0.065625
2 0.76640625 0.2921875 0.0796875 0.25546875
1 0.2484375 0.91796875 0.0359375 0.01953125
2 0.70234375 0.6765625 0.078125 0.0875
1 0.9546875 0.32734375 0.01875 0.04765625
2 0.27421875 0.53359375 0.15078125 0.23046875