2 0.7265625 0.63671875 0.3453125 0.16875
2 0.74921875 0.38828125 0.2921875 0.18203125
2 0.2375 0.63515625 0.38125 0.1609375
0 0.521875 0.296875 0.09921875 0.0703125
2 0.81484375 0.86796875 0.19140625 0.1359375
2 0.8421875 0.51484375 0.11875 0.0734375
0 0.60546875 0.59921875 0.12265625 0.03984375
0 0.73203125 0.49453125 0.10390625 0.0390625
2 0.1546875 0.5078125 0.1734375 0.090625
0 0.46328125 0.5046875 0.10078125 0.0328125
0 0.4984375 0.73125 0.11953125 0.04609375
0 0.38125 0.59765625 0.103125 0.0375
0 0.2796875 0.4984375 0.09375 0.0296875
1 0.26015625 0.7171875 0.19140625 0.0203125
0 0.67421875 0.840625 0.10703125 0.03828125
1 0.3328125 0.29609375 0.21328125 0.01953125
2 0.3296875 0.50703125 0.17578125 0.08671875
1 0.72265625 0.296875 0.171875 0.015625
2 0.32734375 0.38046875 0.56015625 0.165625