0 0.37578125 0.89140625 0.1140625 0.06640625
0 0.4625 0.26171875 0.128125 0.078125
0 0.3953125 0.1328125 0.1234375 0.06875
0 0.26484375 0.67578125 0.12734375 0.078125
2 0.58984375 0.175 0.4609375 0.2359375
2 0.2328125 0.76640625 0.2375 0.10625
2 0.5328125 0.8875 0.22578125 0.115625
2 0.23984375 0.11796875 0.26953125 0.1078125
0 0.28359375 0.3359375 0.1234375 0.0734375
1 0.828125 0.3984375 0.07421875 0.15625
2 0.23046875 0.23828125 0.24296875 0.1265625
1 0.8296875 0.190625 0.065625 0.14296875
1 0.8328125 0.65 0.06953125 0.12109375
0 0.88046875 0.53984375 0.1203125 0.0828125
0 0.26328125 0.86015625 0.1359375 0.0890625
0 0.26796875 0.6046875 0.11953125 0.071875
2 0.23203125 0.434375 0.23984375 0.271875
2 0.228125 0.08046875 0.221875 0.0390625
2 0.596875 0.56015625 0.4984375 0.528125