2 0.3875 0.51171875 0.17890625 0.18984375
2 0.1640625 0.26171875 0.18125 0.19375
2 0.40390625 0.7828125 0.14921875 0.18125
2 0.1515625 0.7859375 0.153125 0.1703125
2 0.1296875 0.653125 0.10390625 0.09296875
2 0.80625 0.55 0.26171875 0.14765625
2 0.4265625 0.65078125 0.10234375 0.09296875
2 0.15703125 0.55390625 0.15 0.09375
2 0.15390625 0.46171875 0.15390625 0.096875
0 0.65625 0.53671875 0.059375 0.05703125
2 0.60234375 0.54765625 0.15390625 0.14375
0 0.35625 0.63046875 0.0546875 0.0515625
0 0.29140625 0.14453125 0.053125 0.0609375
0 0.34921875 0.71640625 0.0484375 0.05625
0 0.20390625 0.5265625 0.0484375 0.05625
0 0.57578125 0.646875 0.0484375 0.05390625
0 0.16796875 0.93125 0.05625 0.05390625
0 0.25234375 0.89609375 0.053125 0.0609375
0 0.22578125 0.334375 0.05078125 0.053125
0 0.20859375 0.72265625 0.05234375 0.0515625
0 0.2078125 0.47421875 0.053125 0.05546875
0 0.25234375 0.78671875 0.04921875 0.0546875
2 0.13515625 0.384375 0.1125 0.05859375
0 0.2078125 0.38671875 0.053125 0.05390625
0 0.15078125 0.58671875 0.040625 0.04609375
1 0.36953125 0.87421875 0.0765625 0.02265625
2 0.36875 0.2921875 0.2296875 0.25625
1 0.16015625 0.1640625 0.0859375 0.0296875
1 0.37890625 0.16328125 0.13125 0.0359375
0 0.57421875 0.45234375 0.05546875 0.05546875
2 0.11171875 0.9390625 0.07421875 0.109375
0 0.5171875 0.365625 0.03046875 0.0390625
2 0.040625 0.9390625 0.06796875 0.1109375
1 0.0078125 0.93359375 0.015625 0.04609375
0 0.2171875 0.35859375 0.05625 0.10625
0 0.6046875 0.5484375 0.15625 0.140625