2 0.2171875 0.56796875 0.4 0.1921875
2 0.6921875 0.55 0.278125 0.22890625
2 0.3734375 0.2828125 0.3109375 0.18515625
2 0.1234375 0.3640625 0.19765625 0.18203125
0 0.45078125 0.5140625 0.11875 0.0578125
0 0.603125 0.50390625 0.11796875 0.05703125
0 0.1734375 0.3 0.10078125 0.05859375
1 0.2578125 0.6671875 0.1921875 0.0328125
0 0.50234375 0.68828125 0.10390625 0.065625
1 0.696875 0.18671875 0.18125 0.02890625
1 0.675 0.6703125 0.19140625 0.0328125
1 0.41328125 0.18671875 0.19375 0.0265625
0 0.26640625 0.40234375 0.11953125 0.06484375
0 0.565625 0.16484375 0.09765625 0.06171875
2 0.30234375 0.86953125 0.340625 0.2421875
0 0.49765625 0.559375 0.1484375 0.05546875
2 0.6734375 0.315625 0.30078125 0.26171875
0 0.12578125 0.35546875 0.196875 0.1734375
1 0.94375 0.7140625 0.01953125 0.046875
2 0.9125 0.253125 0.16015625 0.13359375
1 0.30078125 0.75078125 0.3328125 0.0234375