2 0.59453125 0.815625 0.078125 0.0828125
2 0.6015625 0.35859375 0.10390625 0.17734375
2 0.746875 0.69296875 0.08828125 0.159375
2 0.60234375 0.18515625 0.1046875 0.17734375
2 0.71953125 0.1828125 0.13359375 0.16953125
2 0.6765625 0.690625 0.05390625 0.1578125
2 0.38671875 0.18046875 0.0953125 0.1671875
2 0.7140625 0.35703125 0.121875 0.18125
2 0.409375 0.50234375 0.13828125 0.11171875
2 0.8421875 0.17109375 0.11875 0.14375
2 0.3046875 0.18203125 0.0734375 0.16484375
2 0.6 0.69296875 0.096875 0.159375
0 0.721875 0.75234375 0.03125 0.046875
0 0.6859375 0.753125 0.02890625 0.0453125
2 0.1765625 0.18203125 0.19140625 0.16953125
0 0.6375 0.68515625 0.03359375 0.0453125
0 0.65703125 0.90859375 0.03359375 0.0453125
0 0.6421875 0.3109375 0.03203125 0.03828125
1 0.303125 0.09765625 0.046875 0.0203125
2 0.19453125 0.3609375 0.22265625 0.184375
0 0.6140625 0.86953125 0.028125 0.04375
1 0.79140625 0.6765625 0.01796875 0.06484375
0 0.321875 0.23984375 0.03359375 0.0515625
1 0.37734375 0.096875 0.0453125 0.0203125
0 0.35703125 0.2390625 0.0328125 0.05078125
1 0.234375 0.096875 0.05546875 0.0203125
1 0.609375 0.94609375 0.04296875 0.025
0 0.69296875 0.2765625 0.02578125 0.04453125
1 0.621875 0.61171875 0.0421875 0.02421875
2 0.32265625 0.4140625 0.0359375 0.05546875
0 0.83125 0.3296875 0.0328125 0.04375
0 0.415625 0.31484375 0.0328125 0.04609375
2 0.73125 0.85625 0.12421875 0.16796875
0 0.53515625 0.296875 0.03359375 0.04453125
0 0.359375 0.36796875 0.03203125 0.0484375
1 0.7390625 0.60859375 0.04140625 0.02421875
1 0.94375 0.41640625 0.009375 0.03125
2 0.60625 0.9015625 0.11015625 0.09140625
1 0.55234375 0.22890625 0.01328125 0.0796875
1 0.05234375 0.18125 0.04140625 0.02109375
1 0.66875 0.60859375 0.0421875 0.025
1 0.128125 0.44375 0.0421875 0.015625
0 0.80703125 0.9125 0.0328125 0.04140625
0 0.48984375 0.415625 0.03359375 0.03828125
1 0.478125 0.49609375 0.0109375 0.03515625
2 0.81875 0.396875 0.09296875 0.096875
0 0.25859375 0.171875 0.03046875 0.059375
0 0.8875 0.22578125 0.028125 0.0375
1 0.79140625 0.81328125 0.01796875 0.040625
0 0.32578125 0.3734375 0.025 0.0375
0 0.41484375 0.58125 0.03125 0.05078125
1 0.94375 0.51875 0.009375 0.03125
0 0.640625 0.2515625 0.028125 0.0390625
1 0.246875 0.44375 0.04140625 0.015625
0 0.05390625 0.378125 0.03359375 0.04609375
2 0.45546875 0.40078125 0.04609375 0.0828125
1 0.31953125 0.44375 0.0234375 0.01328125
1 0.375 0.559375 0.028125 0.01640625
1 0.025 0.31015625 0.01171875 0.0765625
1 0.434375 0.31015625 0.0109375 0.0375
1 0.6796875 0.9453125 0.025 0.02578125
1 0.55234375 0.33359375 0.0109375 0.03671875
1 0.80703125 0.52734375 0.01015625 0.034375
1 0.44296875 0.56015625 0.02421875 0.01484375
1 0.90234375 0.28828125 0.01015625 0.0671875
2 0.87109375 0.50546875 0.13359375 0.115625
0 0.2578125 0.2484375 0.0265625 0.03828125
1 0.025 0.23359375 0.01328125 0.07734375
1 0.02734375 0.26875 0.015625 0.159375
1 0.90234375 0.3359375 0.009375 0.0359375
1 0.9125 0.56171875 0.0234375 0.0140625
1 0.90234375 0.22421875 0.009375 0.0328125
2 0.36328125 0.3265625 0.12578125 0.1265625
1 0.4546875 0.61953125 0.03984375 0.01484375
1 0.84296875 0.56328125 0.021875 0.01484375
1 0.746875 0.44453125 0.02421875 0.015625
0 0.45 0.41171875 0.0375 0.04375
1 0.6921875 0.44453125 0.04765625 0.01796875
2 0.9234375 0.4078125 0.040625 0.08359375
2 0.83671875 0.29609375 0.1296875 0.09765625