2 0.35859375 0.32109375 0.31640625 0.1546875
2 0.3140625 0.640625 0.2265625 0.165625
2 0.48046875 0.67890625 0.10546875 0.0765625
2 0.27890625 0.5078125 0.1359375 0.0875
2 0.265625 0.43125 0.1375 0.065625
0 0.47890625 0.26953125 0.07421875 0.05
0 0.57734375 0.64609375 0.0765625 0.0546875
0 0.26484375 0.37890625 0.071875 0.04140625
2 0.725 0.6109375 0.2234375 0.221875
0 0.78828125 0.2171875 0.0703125 0.04765625
1 0.36640625 0.2390625 0.121875 0.02421875
0 0.1359375 0.38125 0.0765625 0.0390625
0 0.50625 0.621875 0.0640625 0.03515625
0 0.528125 0.80859375 0.06953125 0.04453125
0 0.38046875 0.49140625 0.065625 0.04609375
2 0.43125 0.7875 0.12109375 0.1125
1 0.5953125 0.23828125 0.096875 0.02421875
1 0.715625 0.72578125 0.1 0.01953125
1 0.6984375 0.23828125 0.1015625 0.02421875
0 0.571875 0.74609375 0.071875 0.0515625
2 0.43125 0.46484375 0.1703125 0.13515625
0 0.54375 0.50859375 0.07421875 0.046875
2 0.68984375 0.36796875 0.3265625 0.26640625