2 0.403125 0.8578125 0.5765625 0.14921875
0 0.334375 0.81953125 0.08984375 0.071875
0 0.59453125 0.21640625 0.115625 0.1
2 0.28359375 0.40859375 0.35078125 0.27890625
1 0.27265625 0.253125 0.246875 0.05
1 0.74609375 0.25078125 0.209375 0.0609375
0 0.75 0.9265625 0.12578125 0.14375
0 0.71171875 0.82578125 0.11328125 0.08828125
0 0.39609375 0.4921875 0.09765625 0.0640625
2 0.56875 0.68984375 0.1453125 0.075
2 0.49765625 0.66328125 0.77890625 0.228125
1 0.690625 0.03984375 0.36796875 0.04609375
2 0.665625 0.41171875 0.43046875 0.271875