2 0.4140625 0.165625 0.2203125 0.15234375
2 0.23125 0.1625 0.15546875 0.15546875
2 0.2265625 0.32421875 0.17265625 0.17265625
2 0.72734375 0.4875 0.14375 0.08671875
2 0.6390625 0.16015625 0.20234375 0.153125
2 0.246875 0.4859375 0.1453125 0.13359375
0 0.2875 0.4421875 0.0578125 0.04453125
0 0.23046875 0.39453125 0.06328125 0.05
0 0.48359375 0.57421875 0.06328125 0.05546875
0 0.83203125 0.54609375 0.0515625 0.04140625
2 0.43828125 0.62890625 0.17109375 0.15625
1 0.159375 0.5921875 0.03203125 0.071875
0 0.6890625 0.55546875 0.065625 0.05078125
2 0.77734375 0.6125 0.234375 0.1640625
0 0.61640625 0.72265625 0.0671875 0.05390625
0 0.6171875 0.6078125 0.071875 0.05390625
0 0.2296875 0.53125 0.05390625 0.03828125
2 0.83828125 0.48515625 0.078125 0.08359375
0 0.56171875 0.22578125 0.06484375 0.03125
2 0.815625 0.1625 0.153125 0.14453125
2 0.6015625 0.35390625 0.5625 0.18125
2 0.58828125 0.66640625 0.13671875 0.0703125
2 0.25703125 0.6234375 0.18046875 0.14765625
1 0.43828125 0.70546875 0.08984375 0.01953125
0 0.62421875 0.59453125 0.053125 0.0296875
1 0.78046875 0.25859375 0.07734375 0.02109375
1 0.65234375 0.259375 0.12578125 0.02265625
1 0.21640625 0.7359375 0.03515625 0.0109375
0 0.63359375 0.5046875 0.059375 0.046875