2 0.18203125 0.290625 0.221875 0.2234375
2 0.1453125 0.52734375 0.14765625 0.23671875
2 0.18046875 0.76328125 0.21640625 0.19375
2 0.41640625 0.28828125 0.115625 0.23359375
0 0.275 0.23984375 0.05 0.07421875
0 0.2671875 0.3703125 0.046875 0.07890625
2 0.65625 0.89140625 0.2203125 0.2171875
1 0.76796875 0.334375 0.0203125 0.1796875
2 0.65234375 0.66484375 0.225 0.24375
0 0.39921875 0.8859375 0.046875 0.084375
0 0.20234375 0.44609375 0.04609375 0.078125
2 0.328125 0.3359375 0.06640625 0.1171875
2 0.3796875 0.56875 0.15546875 0.1390625
0 0.4015625 0.46328125 0.04765625 0.08203125
1 0.76875 0.63203125 0.0296875 0.11796875
1 0.07421875 0.4765625 0.02734375 0.109375
2 0.26328125 0.5671875 0.08125 0.12734375
1 0.07421875 0.759375 0.03046875 0.1390625
1 0.76796875 0.9234375 0.02890625 0.13515625
2 0.325 0.22578125 0.065625 0.1078125
0 0.0984375 0.93203125 0.06171875 0.07734375
0 0.3171875 0.42890625 0.03828125 0.0671875
0 0.309375 0.8796875 0.034375 0.0578125
0 0.43828125 0.92890625 0.05546875 0.084375
1 0.0734375 0.3109375 0.028125 0.12890625
1 0.89140625 0.65625 0.02578125 0.20859375
2 0.33046875 0.709375 0.07890625 0.12421875
1 0.4078125 0.159375 0.06328125 0.03359375
2 0.31875 0.8125 0.06328125 0.08046875
0 0.7859375 0.45625 0.059375 0.084375
0 0.3875 0.73359375 0.04609375 0.0671875
0 0.32265625 0.540625 0.04609375 0.0734375
0 0.7875 0.7234375 0.05703125 0.0796875
0 0.26328125 0.82265625 0.046875 0.07734375
2 0.615625 0.35546875 0.29453125 0.38203125
1 0.5671875 0.15234375 0.08671875 0.04453125
0 0.4859375 0.928125 0.05390625 0.0875
0 0.5140625 0.871875 0.0453125 0.0734375
2 0.83203125 0.6734375 0.12109375 0.271875
0 0.51328125 0.79921875 0.05 0.090625
2 0.40234375 0.77421875 0.10625 0.16171875
2 0.51328125 0.80625 0.05390625 0.11796875
2 0.51328125 0.871875 0.04375 0.0765625