2 0.8921875 0.64765625 0.16640625 0.24375
2 0.89453125 0.30859375 0.165625 0.26875
2 0.12265625 0.30703125 0.1671875 0.25703125
2 0.759375 0.3109375 0.11015625 0.2609375
2 0.6546875 0.3734375 0.11015625 0.1390625
2 0.08828125 0.48359375 0.0859375 0.10390625
2 0.26875 0.31015625 0.12734375 0.2625
0 0.5765625 0.14375 0.05859375 0.09375
0 0.72265625 0.56484375 0.04921875 0.07890625
2 0.659375 0.6453125 0.15 0.22421875
0 0.15390625 0.403125 0.05 0.07890625
0 0.8328125 0.565625 0.053125 0.08203125
0 0.2328125 0.4015625 0.04765625 0.07734375
1 0.134375 0.76015625 0.09140625 0.0484375
0 0.5203125 0.78359375 0.05078125 0.08515625
1 0.88359375 0.1734375 0.08984375 0.0421875
0 0.63515625 0.32890625 0.0421875 0.06328125
0 0.14765625 0.50390625 0.046875 0.06953125
0 0.796875 0.46484375 0.04609375 0.0734375
1 0.665625 0.76171875 0.09765625 0.0453125
1 0.428125 0.171875 0.08359375 0.04296875
1 0.04296875 0.32734375 0.0296875 0.134375
2 0.55390625 0.33203125 0.10234375 0.20078125
2 0.3890625 0.309375 0.2359375 0.2625
0 0.57734375 0.4609375 0.0484375 0.08125
0 0.83359375 0.39921875 0.05234375 0.08203125
1 0.8796875 0.76328125 0.0890625 0.04375
1 0.76484375 0.1734375 0.06484375 0.0390625
1 0.26796875 0.17265625 0.08671875 0.0390625
0 0.5203125 0.8890625 0.05625 0.09140625
0 0.578125 0.29453125 0.0484375 0.075
1 0.3265625 0.7609375 0.12734375 0.04453125
1 0.04375 0.47734375 0.02265625 0.0515625
0 0.56171875 0.328125 0.0890625 0.1875
0 0.66171875 0.6421875 0.15625 0.22890625
2 0.51953125 0.890625 0.053125 0.084375
2 0.6625 0.2171875 0.09140625 0.0921875
0 0.77421875 0.75546875 0.04765625 0.05078125