2 0.4046875 0.715625 0.13046875 0.21796875
2 0.29921875 0.51484375 0.08828125 0.1078125
2 0.571875 0.515625 0.15625 0.11171875
2 0.15625 0.425 0.2078125 0.2953125
2 0.57265625 0.4078125 0.15546875 0.10625
2 0.30859375 0.7875 0.0703125 0.0703125
2 0.57578125 0.7203125 0.15390625 0.1328125
2 0.58515625 0.3140625 0.046875 0.0828125
0 0.0625 0.946875 0.034375 0.0453125
0 0.62109375 0.3015625 0.0375 0.046875
0 0.21171875 0.5859375 0.0359375 0.04765625
0 0.63125 0.43046875 0.04375 0.0453125
0 0.63203125 0.48359375 0.0375 0.0421875
0 0.23984375 0.7734375 0.040625 0.05390625
0 0.2421875 0.515625 0.04375 0.0453125
2 0.528125 0.278125 0.06640625 0.1625
0 0.66484375 0.25703125 0.03671875 0.04765625
2 0.53203125 0.15625 0.0671875 0.08984375
0 0.29921875 0.73359375 0.04140625 0.0484375
2 0.10546875 0.79453125 0.17265625 0.26796875
0 0.5734375 0.1765625 0.03359375 0.03515625
2 0.29609375 0.6125 0.0921875 0.09296875
0 0.58515625 0.1015625 0.0328125 0.04140625
0 0.215625 0.290625 0.03671875 0.05625
0 0.2078125 0.79296875 0.03828125 0.04609375
1 0.4984375 0.38515625 0.01796875 0.0578125
1 0.40390625 0.82421875 0.09765625 0.028125
1 0.05 0.39609375 0.02578125 0.09296875
1 0.01875 0.82109375 0.0203125 0.0703125
1 0.05 0.47734375 0.02578125 0.08828125
2 0.72109375 0.19609375 0.153125 0.16484375
2 0.6046875 0.19375 0.0828125 0.15546875
0 0.26953125 0.23828125 0.0375 0.0421875
0 0.62890625 0.25625 0.03671875 0.0453125
0 0.24375 0.61015625 0.034375 0.0375
0 0.7546875 0.4375 0.0625 0.0421875
1 0.86015625 0.6046875 0.11328125 0.028125
1 0.4984375 0.49375 0.015625 0.06171875
2 0.78515625 0.71875 0.26875 0.22109375
1 0.53046875 0.78828125 0.05546875 0.01875
0 0.00625 0.5109375 0.01171875 0.03359375
2 0.26875 0.70390625 0.1484375 0.10078125
1 0.64609375 0.53515625 0.0125 0.059375
2 0.0234375 0.58515625 0.04609375 0.13671875
1 0.13125 0.92578125 0.0828125 0.02109375
0 0.58046875 0.2125 0.03046875 0.03515625