2 0.2296875 0.60078125 0.1671875 0.36640625
2 0.7703125 0.79765625 0.1125 0.27421875
2 0.709375 0.22109375 0.1125 0.2859375
0 0.4171875 0.29609375 0.0546875 0.08515625
0 0.4234375 0.68828125 0.05078125 0.08203125
0 0.62109375 0.29921875 0.05078125 0.07734375
2 0.5921875 0.49453125 0.225 0.184375
0 0.678125 0.296875 0.0515625 0.078125
0 0.29140625 0.49296875 0.0515625 0.0796875
0 0.66328125 0.59609375 0.0546875 0.084375
2 0.18515625 0.10390625 0.0609375 0.0484375
2 0.20703125 0.1921875 0.121875 0.14375
0 0.36953125 0.88125 0.046875 0.07421875
0 0.73828125 0.70625 0.0515625 0.0828125
0 0.334375 0.36171875 0.046875 0.0734375
2 0.24921875 0.34375 0.12734375 0.13125
1 0.7109375 0.51484375 0.03203125 0.1265625
1 0.6484375 0.184375 0.03046875 0.16015625
0 0.68515625 0.70859375 0.05 0.07578125
2 0.76953125 0.96640625 0.10703125 0.0671875
0 0.41796875 0.884375 0.0484375 0.07578125
1 0.146875 0.53203125 0.03046875 0.13359375
2 0.43515625 0.52890625 0.0828125 0.2546875
0 0.33671875 0.971875 0.0375 0.05234375
2 0.5125 0.2375 0.24609375 0.303125
0 0.36953125 0.80703125 0.046875 0.06484375
2 0.2328125 0.9515625 0.1875 0.096875
0 0.371875 0.9671875 0.0421875 0.0625
1 0.3390625 0.07421875 0.0734375 0.0375
2 0.44296875 0.78828125 0.08984375 0.27109375
2 0.3234375 0.1796875 0.13828125 0.19453125
1 0.709375 0.83359375 0.02734375 0.15390625
2 0.3671875 0.73125 0.0484375 0.071875
1 0.14609375 0.18203125 0.0171875 0.1
2 0.41875 0.9671875 0.05 0.065625
1 0.140625 0.95078125 0.021875 0.0984375
2 0.17265625 0.33359375 0.0453125 0.121875
1 0.396875 0.58828125 0.01328125 0.065625
0 0.36796875 0.73203125 0.04765625 0.07578125
2 0.59140625 0.79140625 0.20546875 0.27421875