2 0.55703125 0.82109375 0.17734375 0.21484375
2 0.84609375 0.578125 0.24296875 0.25390625
0 0.5921875 0.17421875 0.05234375 0.07421875
0 0.68203125 0.75625 0.078125 0.11796875
1 0.96328125 0.5640625 0.03203125 0.12890625
0 0.6828125 0.5140625 0.07421875 0.11171875
0 0.76171875 0.33359375 0.07265625 0.10078125
2 0.559375 0.08828125 0.115625 0.1
2 0.8453125 0.221875 0.23671875 0.35078125
0 0.76015625 0.5078125 0.07109375 0.09921875
1 0.22421875 0.56015625 0.03359375 0.12890625
1 0.96484375 0.203125 0.03828125 0.16796875
0 0.57890625 0.38828125 0.0625 0.08984375
0 0.67421875 0.8703125 0.06875 0.10390625
2 0.43125 0.2453125 0.0953125 0.24140625
2 0.61796875 0.01875 0.11640625 0.03515625
2 0.66171875 0.6296875 0.12734375 0.128125
1 0.228125 0.1984375 0.03203125 0.17890625
2 0.41484375 0.3703125 0.371875 0.671875
2 0.5578125 0.184375 0.11875 0.31953125