2 0.73984375 0.71796875 0.14921875 0.17265625
2 0.37265625 0.86875 0.0984375 0.1171875
2 0.5875 0.66171875 0.1625 0.29765625
2 0.1328125 0.4203125 0.1953125 0.2546875
2 0.60234375 0.40625 0.2 0.225
2 0.1296875 0.68125 0.19140625 0.26171875
2 0.8109375 0.246875 0.2265625 0.24453125
0 0.67578125 0.478125 0.0609375 0.071875
0 0.2078125 0.58671875 0.05703125 0.0640625
2 0.40859375 0.75390625 0.0859375 0.09296875
0 0.26484375 0.840625 0.05703125 0.0765625
2 0.8640625 0.72109375 0.09453125 0.15703125
2 0.4078125 0.6671875 0.07890625 0.07890625
0 0.26328125 0.7203125 0.05546875 0.07265625
0 0.20703125 0.51796875 0.05546875 0.0640625
0 0.68828125 0.59296875 0.05390625 0.06796875
0 0.79296875 0.76484375 0.053125 0.059375
0 0.34765625 0.67734375 0.04765625 0.05390625
0 0.3484375 0.7359375 0.04296875 0.05078125
1 0.60546875 0.809375 0.0953125 0.034375
1 0.58671875 0.28984375 0.0734375 0.02890625
2 0.34140625 0.309375 0.228125 0.371875
0 0.7421875 0.5984375 0.05546875 0.06953125
1 0.13984375 0.8109375 0.096875 0.03203125
0 0.76640625 0.4328125 0.053125 0.0640625
0 0.75390625 0.4125 0.06640625 0.08984375
0 0.64765625 0.2578125 0.04609375 0.0640625
1 0.76953125 0.80703125 0.08046875 0.025
2 0.846875 0.42421875 0.1296875 0.09609375
0 0.303125 0.86796875 0.046875 0.0546875
1 0.73359375 0.12421875 0.0328125 0.01875
0 0.18046875 0.2609375 0.06171875 0.07578125
1 0.75078125 0.01015625 0.0171875 0.01875
1 0.11875 0.2953125 0.075 0.02890625