2 0.31015625 0.4703125 0.2359375 0.140625
2 0.72734375 0.15078125 0.14765625 0.17734375
2 0.3015625 0.77265625 0.25546875 0.17421875
2 0.3703125 0.68515625 0.1265625 0.071875
2 0.31015625 0.34609375 0.21953125 0.10234375
2 0.61015625 0.3171875 0.38046875 0.1484375
2 0.3640625 0.26875 0.11171875 0.059375
2 0.30625 0.6125 0.24609375 0.14765625
0 0.7625 0.37734375 0.06484375 0.04296875
0 0.4640625 0.78828125 0.07109375 0.04765625
0 0.48515625 0.4171875 0.05859375 0.04453125
0 0.38203125 0.22109375 0.0609375 0.0390625
0 0.40234375 0.6296875 0.06875 0.04375
0 0.46953125 0.87578125 0.07109375 0.0515625
0 0.4875 0.2234375 0.06171875 0.04140625
1 0.18515625 0.6015625 0.03046875 0.05703125
1 0.18515625 0.475 0.0296875 0.0578125
0 0.45546875 0.6734375 0.0625 0.0421875
1 0.18359375 0.78828125 0.03203125 0.05546875
2 0.6796875 0.80703125 0.26171875 0.090625
1 0.8015625 0.32578125 0.040625 0.06953125
1 0.80078125 0.1421875 0.03125 0.05546875
2 0.7328125 0.68046875 0.12109375 0.0609375
1 0.2875 0.85859375 0.04765625 0.02265625
0 0.4015625 0.7421875 0.05859375 0.04140625
2 0.24765625 0.26875 0.1109375 0.05390625
0 0.4015625 0.41953125 0.05703125 0.04296875
1 0.80078125 0.50390625 0.040625 0.084375
2 0.24609375 0.31328125 0.10625 0.0421875
1 0.8015625 0.62734375 0.03671875 0.04375
0 0.44609375 0.31953125 0.0484375 0.03125
1 0.434375 0.23984375 0.05625 0.0171875
2 0.49375 0.80703125 0.10703125 0.084375
2 0.61484375 0.578125 0.37734375 0.37265625