2 0.153125 0.3453125 0.18046875 0.3
2 0.3734375 0.80703125 0.18203125 0.1828125
2 0.7671875 0.28203125 0.0828125 0.18046875
2 0.16328125 0.575 0.06640625 0.1703125
2 0.89765625 0.48671875 0.1171875 0.22421875
2 0.62890625 0.56953125 0.14140625 0.196875
2 0.40546875 0.4390625 0.1234375 0.13671875
2 0.64765625 0.28203125 0.16484375 0.17421875
2 0.2765625 0.284375 0.0796875 0.18359375
2 0.10078125 0.57109375 0.06171875 0.16328125
2 0.884375 0.28359375 0.1484375 0.17734375
2 0.8703125 0.7484375 0.1828125 0.3078125
2 0.4328125 0.55625 0.065625 0.1046875
0 0.82265625 0.19765625 0.03984375 0.1234375
2 0.37421875 0.55859375 0.053125 0.1015625
2 0.24609375 0.6921875 0.0875 0.07734375
2 0.66640625 0.42421875 0.06171875 0.11640625
0 0.89296875 0.34453125 0.04140625 0.0671875
2 0.60078125 0.41640625 0.0765625 0.10078125
0 0.25546875 0.6359375 0.03359375 0.05625
0 0.85390625 0.43046875 0.03671875 0.0515625
0 0.1125 0.159375 0.08046875 0.07421875
0 0.78984375 0.34140625 0.0359375 0.065625
0 0.190625 0.16171875 0.075 0.07890625
2 0.3984375 0.29296875 0.13671875 0.1828125
0 0.7109375 0.34296875 0.03359375 0.0640625
0 0.2984375 0.34609375 0.03828125 0.06328125
0 0.2140625 0.59765625 0.03828125 0.05859375
0 0.7625 0.74296875 0.03359375 0.06953125
0 0.7078125 0.58984375 0.03984375 0.05703125
0 0.70546875 0.41171875 0.03125 0.0484375
0 0.3375 0.43984375 0.034375 0.05703125
0 0.33359375 0.6359375 0.0296875 0.05
0 0.33828125 0.58515625 0.034375 0.05
0 0.59921875 0.34921875 0.03046875 0.05234375
0 0.72578125 0.63125 0.02734375 0.053125
1 0.06640625 0.2828125 0.03046875 0.09765625
2 0.7328125 0.81328125 0.0953125 0.18515625
1 0.925 0.19296875 0.0671875 0.0421875
2 0.321875 0.6859375 0.059375 0.07421875
2 0.51484375 0.80390625 0.096875 0.17265625
0 0.36328125 0.62578125 0.028125 0.05078125
0 0.41484375 0.61953125 0.02734375 0.0546875
0 0.7625 0.671875 0.0359375 0.065625
1 0.6265625 0.66875 0.0984375 0.0484375
1 0.953125 0.4734375 0.0203125 0.12578125
1 0.76171875 0.19453125 0.0484375 0.03515625
1 0.271875 0.19296875 0.05546875 0.0375
0 0.33359375 0.26953125 0.0359375 0.06953125
2 0.22265625 0.8140625 0.12734375 0.16640625
2 0.39765625 0.66328125 0.1078125 0.115625
1 0.82109375 0.89765625 0.0546875 0.04375
1 0.89765625 0.896875 0.07890625 0.03984375
1 0.4234375 0.19296875 0.05703125 0.0421875
1 0.68359375 0.19453125 0.07890625 0.03828125
0 0.3328125 0.225 0.04140625 0.16015625
1 0.95234375 0.65078125 0.02265625 0.09765625
0 0.16640625 0.46953125 0.03359375 0.05703125
2 0.7171875 0.6828125 0.0484375 0.09375
0 0.721875 0.5375 0.03203125 0.046875