2 0.309375 0.2203125 0.5078125 0.246875
2 0.48984375 0.83828125 0.4328125 0.21328125
1 0.79296875 0.4328125 0.0984375 0.14609375
0 0.2203125 0.834375 0.17578125 0.09140625
0 0.703125 0.28984375 0.16171875 0.1171875
2 0.69375 0.78515625 0.18203125 0.1078125
2 0.790625 0.1796875 0.32734375 0.30859375
1 0.78828125 0.7828125 0.078125 0.10546875
2 0.4296875 0.52890625 0.74296875 0.41328125
0 0.19375 0.9265625 0.17421875 0.14375
2 0.19296875 0.9265625 0.17734375 0.14453125
1 0.62890625 0.165625 0.06640625 0.153125