2 0.51484375 0.2140625 0.071875 0.20390625
2 0.6078125 0.68125 0.09140625 0.153125
2 0.421875 0.61953125 0.1125 0.246875
0 0.34375 0.62109375 0.0515625 0.10078125
2 0.10390625 0.68828125 0.10546875 0.3984375
2 0.26328125 0.696875 0.21015625 0.4078125
0 0.18671875 0.79921875 0.05625 0.10859375
0 0.55 0.68125 0.04453125 0.078125
2 0.103125 0.29609375 0.1046875 0.38828125
0 0.609375 0.40859375 0.0375 0.0828125
0 0.12890625 0.79921875 0.05546875 0.1078125
1 0.865625 0.3140625 0.02421875 0.1765625
1 0.159375 0.65859375 0.02265625 0.184375
0 0.1875 0.41015625 0.05390625 0.10390625
2 0.60390625 0.2390625 0.10546875 0.26953125
0 0.6796875 0.43515625 0.05625 0.10859375
1 0.86484375 0.68828125 0.02734375 0.19921875
0 0.128125 0.40625 0.05390625 0.10859375
0 0.5734375 0.246875 0.04921875 0.09296875
0 0.34296875 0.94765625 0.05546875 0.09609375
0 0.68046875 0.53203125 0.053125 0.10546875
1 0.1578125 0.27265625 0.01875 0.17578125
2 0.75625 0.29609375 0.19921875 0.38828125
0 0.44375 0.80546875 0.059375 0.1203125
2 0.91953125 0.1453125 0.103125 0.09765625
0 0.42578125 0.96875 0.03828125 0.0578125
2 0.69609375 0.04296875 0.08125 0.08359375
2 0.759375 0.69453125 0.2046875 0.40546875
0 0.37890625 0.6078125 0.028125 0.06015625
0 0.50625 0.81171875 0.0578125 0.1125
2 0.31953125 0.30703125 0.31328125 0.4125