2 0.6328125 0.546875 0.184375 0.11796875
2 0.35859375 0.659375 0.159375 0.12421875
2 0.19375 0.5265625 0.16953125 0.1375
2 0.62109375 0.69765625 0.20703125 0.1140625
2 0.465625 0.2828125 0.13203125 0.11875
2 0.39609375 0.5734375 0.08203125 0.0546875
2 0.15390625 0.671875 0.08046875 0.0921875
0 0.31484375 0.61015625 0.0359375 0.02734375
0 0.45078125 0.56015625 0.03984375 0.028125
0 0.46875 0.20625 0.05 0.0390625
0 0.5640625 0.50234375 0.04921875 0.034375
0 0.47109375 0.740625 0.04296875 0.03203125
2 0.35703125 0.4765625 0.16328125 0.14453125
0 0.58203125 0.6546875 0.03359375 0.02734375
0 0.4171875 0.615625 0.04765625 0.034375
2 0.34296875 0.3078125 0.1171875 0.15703125
0 0.540625 0.65859375 0.04609375 0.03359375
0 0.415625 0.259375 0.03984375 0.02890625
1 0.72578125 0.54453125 0.0296875 0.06015625
0 0.6828125 0.59453125 0.0375 0.02578125
2 0.575 0.62421875 0.0671875 0.0390625
2 0.58359375 0.35078125 0.296875 0.271875
0 0.26015625 0.60390625 0.034375 0.02421875
0 0.3296875 0.7421875 0.04453125 0.02890625
0 0.20390625 0.6828125 0.0296875 0.02421875
1 0.72734375 0.34140625 0.03359375 0.075
1 0.6265625 0.753125 0.0796875 0.01953125
2 0.671875 0.62578125 0.1 0.04140625
2 0.20703125 0.75390625 0.2015625 0.071875
1 0.35703125 0.2203125 0.05859375 0.0171875
0 0.48125 0.48125 0.04453125 0.03359375
2 0.16328125 0.609375 0.0671875 0.0328125
1 0.36640625 0.725 0.06796875 0.015625
2 0.3171875 0.575 0.08125 0.0484375
0 0.44609375 0.49921875 0.05078125 0.03125
0 0.46015625 0.68984375 0.04375 0.0328125
0 0.24921875 0.44140625 0.04453125 0.0359375
1 0.72734375 0.40546875 0.03046875 0.06875
2 0.459375 0.68984375 0.04375 0.0328125
1 0.275 0.57109375 0.01875 0.04140625
0 0.46953125 0.48984375 0.06328125 0.03984375
1 0.2765625 0.50234375 0.02421875 0.040625
2 0.23515625 0.64765625 0.084375 0.10703125
1 0.1953125 0.45703125 0.06640625 0.01484375
1 0.23828125 0.971875 0.08046875 0.01171875
2 0.19375 0.07734375 0.17421875 0.1375