2 0.78046875 0.1265625 0.19375 0.16484375
0 0.50703125 0.65 0.11640625 0.071875
0 0.778125 0.47890625 0.08828125 0.05703125
2 0.73359375 0.26640625 0.32421875 0.11640625
0 0.61640625 0.534375 0.1140625 0.0609375
2 0.225 0.27734375 0.29921875 0.128125
0 0.52265625 0.2359375 0.1 0.0640625
2 0.78828125 0.3890625 0.22578125 0.1328125
2 0.2734375 0.11875 0.4046875 0.18046875
2 0.7359375 0.6171875 0.34140625 0.3125
1 0.28359375 0.765625 0.21953125 0.0359375
0 0.6453125 0.13984375 0.084375 0.05078125
0 0.5296875 0.403125 0.090625 0.05078125
0 0.634375 0.2265625 0.0640625 0.04765625
0 0.43828125 0.2328125 0.07265625 0.06015625
2 0.63359375 0.39453125 0.11171875 0.13125
2 0.5765625 0.1203125 0.20390625 0.17421875
2 0.3171875 0.5484375 0.490625 0.4203125
1 0.70390625 0.7671875 0.21171875 0.03515625
0 0.5015625 0.784375 0.10859375 0.06015625