2 0.68984375 0.68515625 0.33125 0.34140625
2 0.2828125 0.565625 0.19453125 0.22109375
0 0.41796875 0.62421875 0.1109375 0.0921875
0 0.55703125 0.17890625 0.11484375 0.11328125
0 0.328125 0.64296875 0.09453125 0.078125
2 0.28046875 0.75703125 0.1953125 0.1875
0 0.4375 0.87734375 0.1171875 0.096875
0 0.575 0.6 0.12421875 0.09140625
1 0.378125 0.14140625 0.18359375 0.04921875
1 0.64296875 0.8453125 0.1859375 0.04921875
1 0.71796875 0.14453125 0.1578125 0.04140625
1 0.3234375 0.85078125 0.09375 0.04765625
0 0.440625 0.78359375 0.14140625 0.1046875
2 0.43828125 0.78359375 0.13203125 0.10546875
1 0.28203125 0.75390625 0.19453125 0.18359375
2 0.53984375 0.32109375 0.5921875 0.33671875