2 0.69609375 0.36875 0.17265625 0.253125
2 0.24921875 0.67421875 0.21796875 0.20703125
2 0.19453125 0.5015625 0.103125 0.10625
2 0.30234375 0.5171875 0.11171875 0.140625
2 0.47734375 0.628125 0.071875 0.0875
2 0.3828125 0.35546875 0.48828125 0.2234375
2 0.478125 0.53828125 0.0765625 0.0890625
2 0.6140625 0.54296875 0.19765625 0.08984375
0 0.60234375 0.60859375 0.06640625 0.0609375
0 0.39609375 0.69765625 0.065625 0.0625
1 0.51171875 0.2421875 0.1625 0.03515625
0 0.41875 0.61328125 0.06484375 0.04765625
0 0.384375 0.21875 0.06640625 0.06328125
0 0.33125 0.615625 0.06640625 0.0515625
0 0.39453125 0.80078125 0.071875 0.0671875
0 0.6359375 0.303125 0.065625 0.05390625
1 0.2046875 0.77734375 0.1203125 0.03359375
1 0.69140625 0.2421875 0.12890625 0.03046875
0 0.74921875 0.609375 0.059375 0.05859375
1 0.26875 0.240625 0.1328125 0.03046875
0 0.41875 0.54609375 0.05859375 0.05
1 0.13984375 0.7421875 0.03203125 0.06015625
0 0.378125 0.52890625 0.059375 0.05
1 0.140625 0.33125 0.025 0.040625
1 0.140625 0.5265625 0.0359375 0.05625
0 0.26875 0.52734375 0.05859375 0.05
0 0.140625 0.52734375 0.0359375 0.0546875
2 0.6875 0.73984375 0.10859375 0.284375
0 0.30234375 0.5171875 0.1109375 0.13671875
2 0.78203125 0.54296875 0.1390625 0.09296875