2 0.19765625 0.26171875 0.31640625 0.40859375
2 0.58984375 0.7421875 0.11171875 0.22265625
2 0.196875 0.6671875 0.31796875 0.3984375
0 0.59609375 0.5875 0.06171875 0.09921875
0 0.81796875 0.3921875 0.0703125 0.115625
0 0.49296875 0.58046875 0.0609375 0.09140625
0 0.3265625 0.3328125 0.07109375 0.10390625
0 0.8875 0.390625 0.06484375 0.11015625
2 0.540625 0.9328125 0.14453125 0.13359375
0 0.3265625 0.575 0.06953125 0.10703125
2 0.4125 0.175 0.11328125 0.23984375
0 0.42734375 0.91328125 0.071875 0.1328125
0 0.4 0.31875 0.053125 0.0796875
2 0.5 0.71953125 0.06484375 0.18828125
0 0.43984375 0.721875 0.0390625 0.06171875
1 0.03828125 0.2546875 0.02265625 0.26640625
1 0.03984375 0.66015625 0.02265625 0.26640625
2 0.7421875 0.6515625 0.21796875 0.4046875
2 0.65625 0.24921875 0.384375 0.40859375