2 0.0890625 0.72890625 0.14296875 0.2375
2 0.6890625 0.68359375 0.053125 0.146875
2 0.67421875 0.5453125 0.08359375 0.134375
2 0.31953125 0.46875 0.075 0.15703125
2 0.4171875 0.44140625 0.11640625 0.09765625
2 0.3078125 0.77265625 0.10078125 0.14609375
0 0.14609375 0.63984375 0.02890625 0.0609375
0 0.72890625 0.5421875 0.02578125 0.053125
0 0.70234375 0.58515625 0.02890625 0.053125
2 0.33671875 0.65078125 0.04453125 0.096875
0 0.2953125 0.51953125 0.02890625 0.05703125
2 0.134375 0.496875 0.23359375 0.21484375
0 0.6234375 0.540625 0.0265625 0.053125
0 0.3203125 0.36171875 0.0265625 0.05234375
0 0.12421875 0.3578125 0.02578125 0.05234375
0 0.3 0.72421875 0.02578125 0.05546875
2 0.5640625 0.6171875 0.1390625 0.278125
0 0.29765625 0.57890625 0.02734375 0.0546875
0 0.3703125 0.521875 0.0265625 0.05234375
0 0.26796875 0.72734375 0.02734375 0.05546875
0 0.67578125 0.6390625 0.0265625 0.05859375
2 0.2375 0.63828125 0.040625 0.0875
0 0.9671875 0.584375 0.02734375 0.0546875
2 0.28359375 0.64921875 0.05859375 0.103125
0 0.2171875 0.87109375 0.02421875 0.046875
2 0.2484375 0.48984375 0.06953125 0.20078125
2 0.33671875 0.5828125 0.04453125 0.046875
1 0.0203125 0.4578125 0.01171875 0.0734375
0 0.4515625 0.51171875 0.02421875 0.05078125
0 0.2859375 0.7265625 0.05703125 0.06015625
2 0.415625 0.66328125 0.11640625 0.34765625
1 0.715625 0.6703125 0.01015625 0.0734375
1 0.24921875 0.3828125 0.0328125 0.025