2 0.13203125 0.415625 0.20859375 0.4359375
2 0.35546875 0.31875 0.23828125 0.25625
2 0.39375 0.54375 0.17421875 0.2078125
2 0.0921875 0.74921875 0.14140625 0.2203125
2 0.27109375 0.540625 0.07578125 0.20390625
0 0.70859375 0.2671875 0.05546875 0.20625
0 0.265625 0.8578125 0.065625 0.23359375
0 0.34765625 0.68984375 0.05 0.1015625
0 0.184375 0.7265625 0.06015625 0.09296875
0 0.20078125 0.596875 0.05546875 0.1046875
1 0.8375 0.26796875 0.20390625 0.0515625
1 0.590625 0.27265625 0.18203125 0.04609375
1 0.36875 0.1953125 0.209375 0.0484375
1 0.14609375 0.190625 0.1515625 0.0390625
0 0.71171875 0.57109375 0.42421875 0.60625