2 0.64765625 0.38046875 0.16328125 0.30859375
2 0.14609375 0.415625 0.153125 0.40859375
2 0.790625 0.43359375 0.12421875 0.19765625
0 0.759375 0.3671875 0.06015625 0.09140625
0 0.78046875 0.55859375 0.05 0.0734375
0 0.76953125 0.76953125 0.053125 0.08203125
1 0.4515625 0.215625 0.084375 0.04453125
0 0.7015625 0.4953125 0.05859375 0.08125
2 0.33203125 0.4234375 0.221875 0.39296875
1 0.2203125 0.440625 0.03125 0.13203125
0 0.19296875 0.5375 0.065625 0.08359375
2 0.790625 0.28671875 0.1171875 0.10625
1 0.67265625 0.21640625 0.0796875 0.04296875
0 0.22109375 0.25546875 0.03046875 0.05
1 0.14765625 0.6203125 0.13203125 0.034375
1 0.22421875 0.31484375 0.034375 0.13046875