2 0.20625 0.76640625 0.28359375 0.2984375
2 0.225 0.5328125 0.31953125 0.17890625
2 0.2375 0.2484375 0.3296875 0.30078125
2 0.57421875 0.3171875 0.3515625 0.43515625
1 0.06171875 0.30703125 0.05078125 0.14765625
0 0.43671875 0.5546875 0.1078125 0.10234375
0 0.3515625 0.325 0.11796875 0.115625
0 0.8234375 0.29609375 0.096875 0.1078125
1 0.05625 0.6953125 0.05078125 0.11640625
1 0.05859375 0.57578125 0.05546875 0.1078125
1 0.76796875 0.18203125 0.0671875 0.171875
2 0.12578125 0.48828125 0.08671875 0.09296875
0 0.6953125 0.7921875 0.115625 0.11640625
1 0.3984375 0.328125 0.0421875 0.11796875