2 0.72109375 0.6484375 0.17734375 0.13125
2 0.66640625 0.26796875 0.27421875 0.31171875
0 0.57734375 0.1078125 0.0921875 0.11640625
2 0.72265625 0.50234375 0.16796875 0.16640625
0 0.60234375 0.4890625 0.09609375 0.0671875
0 0.58359375 0.73984375 0.10625 0.08203125
0 0.67421875 0.56484375 0.075 0.05625
0 0.58359375 0.58984375 0.0984375 0.06953125
0 0.53671875 0.896875 0.09921875 0.071875
2 0.334375 0.88203125 0.321875 0.2234375
1 0.38671875 0.7140625 0.1515625 0.0359375
1 0.6890625 0.10546875 0.125 0.02578125
1 0.6921875 0.71171875 0.09453125 0.03125
2 0.30390625 0.58671875 0.24609375 0.228125
1 0.33984375 0.10390625 0.15390625 0.02890625