2 0.81640625 0.71640625 0.153125 0.2875
2 0.8046875 0.3046875 0.3140625 0.45859375
0 0.56484375 0.71171875 0.0703125 0.0984375
0 0.865625 0.653125 0.04453125 0.05859375
0 0.15625 0.47421875 0.0828125 0.1203125
0 0.69765625 0.7984375 0.0828125 0.10703125
0 0.68984375 0.52578125 0.07578125 0.1203125
2 0.11953125 0.315625 0.15390625 0.46328125
2 0.41796875 0.3078125 0.4484375 0.46484375
0 0.24765625 0.51484375 0.0828125 0.1125
2 0.28984375 0.70234375 0.4890625 0.32734375
0 0.6953125 0.915625 0.08125 0.115625