2 0.8671875 0.35 0.1734375 0.25859375
2 0.615625 0.4703125 0.08125 0.084375
2 0.303125 0.85390625 0.13984375 0.22265625
2 0.1796875 0.66015625 0.11796875 0.1375
2 0.65625 0.61328125 0.09296875 0.1984375
0 0.7453125 0.31640625 0.05625 0.0828125
0 0.8 0.428125 0.0578125 0.07578125
2 0.07421875 0.66171875 0.09453125 0.13671875
0 0.09453125 0.56328125 0.05625 0.078125
0 0.6734375 0.4796875 0.04453125 0.05546875
0 0.16015625 0.5578125 0.06484375 0.0890625
0 0.159375 0.775 0.06953125 0.10546875
0 0.39453125 0.8515625 0.059375 0.07890625
1 0.41171875 0.2109375 0.10234375 0.03671875
1 0.88828125 0.2171875 0.07890625 0.0359375
2 0.64296875 0.20546875 0.25 0.29453125
2 0.97578125 0.38046875 0.04765625 0.3125
2 0.81875 0.6046875 0.21640625 0.24453125
1 0.13203125 0.05390625 0.08046875 0.03984375
1 0.99140625 0.21953125 0.0171875 0.0296875
0 0.73828125 0.56015625 0.0453125 0.0765625
1 0.61796875 0.04765625 0.07890625 0.03515625
2 0.5640625 0.646875 0.08671875 0.1203125
1 0.0921875 0.73359375 0.0421875 0.03671875
2 0.0125 0.20078125 0.02421875 0.2609375
2 0.7125 0.4265625 0.11015625 0.140625
2 0.43984375 0.5375 0.0515625 0.0859375
2 0.97890625 0.609375 0.04140625 0.14375
0 0.1859375 0.284375 0.03203125 0.05546875