2 0.403125 0.49296875 0.1578125 0.146875
2 0.740625 0.4921875 0.13984375 0.14453125
2 0.6484375 0.259375 0.13515625 0.14921875
2 0.74375 0.7046875 0.13671875 0.1625
2 0.51328125 0.52734375 0.0671875 0.0734375
2 0.5359375 0.734375 0.07890625 0.09609375
2 0.53359375 0.6546875 0.075 0.0671875
0 0.69921875 0.6453125 0.04453125 0.040625
0 0.6234375 0.2015625 0.0421875 0.04140625
0 0.4640625 0.44296875 0.04609375 0.04375
2 0.571875 0.53359375 0.05 0.0609375
0 0.6984375 0.54609375 0.04609375 0.040625
2 0.5140625 0.45546875 0.0625 0.075
2 0.41328125 0.6734375 0.16796875 0.21328125
0 0.615625 0.5453125 0.0421875 0.0390625
2 0.6328125 0.4875 0.07734375 0.14609375
2 0.571875 0.4859375 0.04765625 0.04453125
0 0.453125 0.54609375 0.04609375 0.04140625
0 0.5453125 0.603125 0.0453125 0.03984375
2 0.17109375 0.73828125 0.10703125 0.13515625
2 0.76328125 0.58046875 0.0875 0.03828125
1 0.396875 0.4171875 0.071875 0.021875
1 0.14296875 0.603125 0.02890625 0.10546875
1 0.76015625 0.415625 0.0609375 0.02265625
1 0.2296875 0.415625 0.06640625 0.02109375
1 0.8109375 0.4515625 0.0265625 0.04921875
0 0.56640625 0.21875 0.040625 0.0390625
1 0.74140625 0.784375 0.0796875 0.02890625
0 0.6390625 0.13515625 0.040625 0.0390625
0 0.6015625 0.74609375 0.046875 0.0484375
0 0.21171875 0.69765625 0.04375 0.03984375
1 0.2265625 0.740625 0.02421875 0.05546875
2 0.640625 0.15234375 0.1296875 0.06875
1 0.51015625 0.41328125 0.04296875 0.01875
1 0.5828125 0.28125 0.021875 0.08359375
0 0.62109375 0.39921875 0.0421875 0.04375
2 0.76328125 0.61484375 0.08515625 0.03515625
2 0.15703125 0.065625 0.2890625 0.1296875
1 0.32265625 0.77890625 0.08828125 0.0234375
1 0.62890625 0.8015625 0.0875 0.0265625
2 0.57265625 0.4390625 0.0515625 0.04921875
2 0.2375 0.54453125 0.18125 0.25546875