2 0.30390625 0.2796875 0.53359375 0.2640625
2 0.82578125 0.8390625 0.27578125 0.24453125
0 0.5046875 0.74609375 0.1390625 0.0859375
0 0.64140625 0.54375 0.12421875 0.071875
0 0.6265625 0.78203125 0.13515625 0.078125
0 0.503125 0.60546875 0.13671875 0.0796875
2 0.825 0.51015625 0.234375 0.11328125
0 0.76640625 0.596875 0.1078125 0.06484375
0 0.45 0.171875 0.1265625 0.08046875
0 0.44765625 0.109375 0.1203125 0.0796875
2 0.7671875 0.653125 0.3796875 0.11328125
2 0.87578125 0.60703125 0.1421875 0.0765625
2 0.75625 0.2796875 0.40390625 0.26953125
1 0.17734375 0.71015625 0.1625 0.0375
1 0.74375 0.13359375 0.203125 0.03984375
0 0.63203125 0.440625 0.12578125 0.06953125
0 0.74296875 0.575 0.1640625 0.0921875
2 0.8265625 0.93984375 0.26875 0.0578125