2 0.28203125 0.55390625 0.334375 0.1609375
2 0.64921875 0.684375 0.16796875 0.0875
2 0.7640625 0.56328125 0.3546875 0.13359375
0 0.546875 0.446875 0.10703125 0.046875
0 0.63359375 0.5421875 0.11875 0.05
2 0.25625 0.45078125 0.271875 0.04609375
0 0.40390625 0.49765625 0.1109375 0.046875
0 0.51640625 0.12578125 0.11328125 0.0578125
0 0.5421875 0.39375 0.10625 0.046875
0 0.24375 0.49140625 0.0984375 0.04453125
2 0.753125 0.38828125 0.3390625 0.09140625
1 0.65390625 0.146875 0.17734375 0.02578125
0 0.50703125 0.65625 0.109375 0.0609375
1 0.3703125 0.1484375 0.171875 0.02578125
0 0.525 0.703125 0.09765625 0.03984375
2 0.97421875 0.34375 0.0515625 0.06328125
2 0.12421875 0.70546875 0.2296875 0.0609375
1 0.30859375 0.6375 0.1640625 0.02109375
2 0.053125 0.34921875 0.1046875 0.06875
1 0.8375 0.63515625 0.17734375 0.02265625
2 0.05390625 0.4265625 0.10625 0.09765625
2 0.82734375 0.45078125 0.1921875 0.07421875
1 0.240625 0.14921875 0.08828125 0.025
2 0.96640625 0.225 0.0671875 0.153125
2 0.659375 0.459375 0.15234375 0.0765625
2 0.525 0.24765625 0.84921875 0.2