2 0.246875 0.3390625 0.21953125 0.2296875
2 0.721875 0.40078125 0.11328125 0.13203125
2 0.29921875 0.74921875 0.1109375 0.178125
2 0.72265625 0.27890625 0.11328125 0.11796875
0 0.27109375 0.625 0.05625 0.08515625
2 0.19296875 0.65625 0.1078125 0.1046875
0 0.62578125 0.1828125 0.05234375 0.090625
2 0.7203125 0.6484375 0.10546875 0.38359375
0 0.79375 0.2546875 0.0453125 0.0578125
0 0.378125 0.55234375 0.0609375 0.08046875
0 0.7390625 0.8875 0.0609375 0.10625
0 0.33671875 0.40703125 0.0578125 0.08046875
2 0.85390625 0.3828125 0.1609375 0.325
0 0.1125 0.66015625 0.04921875 0.0765625
2 0.24921875 0.5296875 0.215625 0.15625
1 0.48046875 0.2140625 0.0671875 0.0359375
1 0.46796875 0.85703125 0.071875 0.040625
1 0.5453125 0.2140625 0.0671875 0.0375
0 0.7234375 0.49375 0.05078125 0.08125
0 0.11328125 0.55546875 0.05703125 0.078125
1 0.403125 0.85546875 0.07109375 0.03984375
1 0.253125 0.21484375 0.09453125 0.03359375
1 0.9390625 0.63203125 0.02421875 0.059375
0 0.796875 0.50703125 0.05625 0.0828125
2 0.9109375 0.7625 0.0546875 0.16328125
0 0.796875 0.58671875 0.05546875 0.07578125
2 0.85078125 0.69453125 0.15859375 0.29765625
2 0.1921875 0.7796875 0.10546875 0.14921875
1 0.5703125 0.85390625 0.040625 0.0375
2 0.72265625 0.49453125 0.05234375 0.0875
1 0.27890625 0.853125 0.034375 0.02890625
1 0.840625 0.2125 0.08671875 0.03515625
2 0.26796875 0.62421875 0.059375 0.08359375
2 0.51171875 0.534375 0.3109375 0.62734375