2 0.734375 0.3453125 0.37421875 0.2453125
2 0.3203125 0.33359375 0.47265625 0.2171875
2 0.734375 0.62578125 0.36796875 0.1140625
2 0.2203125 0.56484375 0.28828125 0.2375
2 0.79765625 0.78203125 0.25546875 0.20859375
2 0.80546875 0.51484375 0.2171875 0.07734375
0 0.50234375 0.70703125 0.1265625 0.07109375
0 0.62421875 0.4625 0.13671875 0.06015625
0 0.45234375 0.22265625 0.13046875 0.11953125
0 0.50234375 0.59609375 0.13046875 0.065625
0 0.6296875 0.54921875 0.115625 0.06015625
0 0.615625 0.73828125 0.13046875 0.06640625
1 0.7203125 0.22109375 0.2171875 0.03046875
0 0.746875 0.5890625 0.10703125 0.0484375
1 0.20234375 0.68203125 0.165625 0.0328125
2 0.04296875 0.55078125 0.0859375 0.11171875
2 0.16171875 0.05859375 0.3234375 0.1171875
1 0.48984375 0.76484375 0.11484375 0.02734375
2 0.8515625 0.61640625 0.13046875 0.11484375
2 0.46015625 0.6296875 0.20390625 0.10625