2 0.33984375 0.28359375 0.1015625 0.15859375
2 0.4125 0.5578125 0.11875 0.13984375
2 0.42734375 0.2875 0.0828125 0.16484375
2 0.10703125 0.56484375 0.0921875 0.125
2 0.10703125 0.4453125 0.08671875 0.12421875
2 0.2140625 0.590625 0.05390625 0.0765625
0 0.40546875 0.35 0.034375 0.04609375
0 0.165625 0.57265625 0.0375 0.04921875
2 0.32421875 0.48515625 0.06171875 0.134375
2 0.32265625 0.5859375 0.0671875 0.07421875
2 0.32109375 0.390625 0.065625 0.059375
0 0.115625 0.1875 0.03828125 0.0515625
0 0.36640625 0.4640625 0.03515625 0.0421875
0 0.39375 0.5015625 0.03203125 0.046875
0 0.33984375 0.22265625 0.0375 0.05234375
0 0.16328125 0.85703125 0.0390625 0.05
0 0.20390625 0.53671875 0.03203125 0.040625
0 0.3296875 0.35078125 0.03046875 0.03984375
0 0.371875 0.34921875 0.03046875 0.0453125
0 0.16875 0.6421875 0.034375 0.04140625
2 0.15390625 0.29453125 0.18359375 0.16640625
1 0.18046875 0.20703125 0.09453125 0.02890625
1 0.33046875 0.6265625 0.0328125 0.02421875
0 0.33828125 0.540625 0.03203125 0.0375
1 0.4125 0.20234375 0.0546875 0.02734375
1 0.10703125 0.62734375 0.065625 0.028125
1 0.371875 0.2015625 0.0328125 0.02578125
1 0.4265625 0.6265625 0.06875 0.0265625
2 0.1796875 0.91328125 0.10390625 0.084375
0 0.15859375 0.4984375 0.02890625 0.03359375