2 0.15703125 0.59296875 0.175 0.3875
2 0.43359375 0.38515625 0.14765625 0.2328125
2 0.6828125 0.5515625 0.14140625 0.175
2 0.86328125 0.16640625 0.20625 0.1859375
2 0.65859375 0.40546875 0.09609375 0.11796875
2 0.4703125 0.5625 0.06640625 0.12421875
2 0.134375 0.86328125 0.128125 0.171875
2 0.68984375 0.20703125 0.1328125 0.27890625
2 0.4 0.56328125 0.0796875 0.12578125
2 0.2796875 0.86875 0.1671875 0.1578125
2 0.51015625 0.86328125 0.09375 0.1703125
2 0.4140625 0.8578125 0.10625 0.15234375
0 0.596875 0.240625 0.03984375 0.078125
0 0.4875 0.64921875 0.034375 0.0703125
1 0.06953125 0.7015625 0.03046875 0.15859375
0 0.8 0.28359375 0.03515625 0.08359375
0 0.51796875 0.46015625 0.0375 0.0625
0 0.59765625 0.5390625 0.04375 0.06640625
0 0.65859375 0.3203125 0.034375 0.0609375
2 0.5578125 0.45546875 0.10234375 0.37578125
1 0.715625 0.63828125 0.0609375 0.0515625
1 0.55703125 0.2640625 0.05078125 0.04609375
1 0.3046875 0.265625 0.09296875 0.04375
1 0.1453125 0.39921875 0.14140625 0.04765625
0 0.40546875 0.525 0.03203125 0.0671875
1 0.6671875 0.0640625 0.05625 0.040625
1 0.93125 0.06640625 0.03515625 0.04453125
0 0.08203125 0.84921875 0.03984375 0.090625
1 0.628125 0.16171875 0.0296875 0.15546875
1 0.48125 0.26640625 0.03984375 0.04453125
1 0.090625 0.953125 0.025 0.03671875
1 0.23515625 0.33203125 0.02578125 0.1015625
1 0.56171875 0.7171875 0.02421875 0.10625
1 0.5640625 0.88046875 0.02734375 0.04375
1 0.96875 0.35703125 0.0296875 0.184375
1 0.49453125 0.78046875 0.0640625 0.0328125
0 0.22265625 0.2234375 0.034375 0.05625
2 0.29921875 0.5171875 0.12578125 0.51015625
1 0.07109375 0.446875 0.02265625 0.05703125
1 0.29140625 0.95625 0.09609375 0.040625