2 0.54453125 0.22890625 0.17109375 0.10703125
2 0.75546875 0.5703125 0.25234375 0.1953125
2 0.71953125 0.278125 0.18359375 0.20234375
0 0.4375 0.69609375 0.07421875 0.0578125
2 0.73515625 0.7625 0.20546875 0.18984375
0 0.66328125 0.6953125 0.07734375 0.06015625
0 0.49765625 0.746875 0.06484375 0.05625
0 0.5953125 0.74296875 0.08046875 0.06484375
0 0.22578125 0.3484375 0.06875 0.05859375
2 0.5359375 0.32578125 0.13984375 0.0859375
0 0.65703125 0.2046875 0.06875 0.05859375
0 0.43515625 0.20234375 0.0640625 0.0515625
0 0.66328125 0.41171875 0.07890625 0.06171875
0 0.59921875 0.88515625 0.07578125 0.0703125
1 0.2453125 0.7671875 0.0359375 0.08515625
0 0.6671875 0.1546875 0.06875 0.0703125
1 0.18203125 0.2859375 0.03671875 0.084375
2 0.5953125 0.815625 0.08828125 0.09296875
1 0.5796875 0.171875 0.07265625 0.02265625
2 0.35625 0.76484375 0.2234375 0.18125
1 0.209375 0.171875 0.04609375 0.021875
1 0.8890625 0.57265625 0.04453125 0.09375
1 0.18359375 0.48515625 0.0375 0.125
0 0.6515625 0.34375 0.0515625 0.059375
2 0.5515625 0.51875 0.17421875 0.29140625
0 0.5546875 0.26171875 0.05546875 0.04609375
2 0.51171875 0.815625 0.08671875 0.09375
2 0.3234375 0.696875 0.14609375 0.0546875
2 0.72109375 0.425 0.1875 0.09453125
1 0.8265625 0.36640625 0.0296875 0.084375
1 0.8234375 0.759375 0.04375 0.08046875
2 0.271875 0.765625 0.06640625 0.08046875
2 0.32265625 0.26953125 0.2921875 0.2046875
2 0.3234375 0.521875 0.2890625 0.290625
0 0.196875 0.65703125 0.1046875 0.05625