2 0.47578125 0.51015625 0.109375 0.11171875
2 0.39609375 0.21328125 0.28125 0.2484375
2 0.11484375 0.5171875 0.09375 0.096875
0 0.36640625 0.4265625 0.08984375 0.06875
0 0.1390625 0.05390625 0.07890625 0.06484375
0 0.66171875 0.41484375 0.06875 0.04765625
2 0.771875 0.4109375 0.16484375 0.0859375
2 0.68359375 0.3109375 0.16875 0.0734375
0 0.64609375 0.87109375 0.09453125 0.13125
2 0.56640625 0.32109375 0.06640625 0.0515625
1 0.3953125 0.07890625 0.1484375 0.04140625
0 0.39296875 0.5125 0.0703125 0.04921875
0 0.21796875 0.53671875 0.0890625 0.0671875
2 0.85390625 0.0421875 0.08046875 0.05859375
0 0.20625 0.50078125 0.059375 0.0421875
0 0.62578125 0.26171875 0.0578125 0.040625
0 0.62578125 0.22890625 0.0625 0.046875
0 0.3765625 0.540625 0.08046875 0.0609375
0 0.50625 0.159375 0.06328125 0.04375
0 0.06484375 0.05390625 0.07890625 0.06328125
0 0.50546875 0.13203125 0.0578125 0.0515625
0 0.46171875 0.37890625 0.096875 0.06953125
1 0.67890625 0.078125 0.1484375 0.034375
1 0.43046875 0.8703125 0.14765625 0.03984375
0 0.565625 0.365625 0.04765625 0.03984375
2 0.56640625 0.27578125 0.0640625 0.05703125
1 0.76171875 0.87109375 0.15234375 0.0296875
2 0.46171875 0.37890625 0.09140625 0.06484375
1 0.1828125 0.87578125 0.14375 0.03046875
2 0.0234375 0.52109375 0.0375 0.084375
2 0.021875 0.74609375 0.0375 0.096875