2 0.78828125 0.65390625 0.171875 0.18984375
2 0.78984375 0.4328125 0.17109375 0.253125
2 0.665625 0.0765625 0.10859375 0.10546875
2 0.721875 0.8546875 0.1453125 0.2171875
2 0.640625 0.6140625 0.13046875 0.109375
2 0.19453125 0.79921875 0.1875 0.18125
2 0.7734375 0.10703125 0.1125 0.165625
2 0.6484375 0.159375 0.0734375 0.065625
2 0.57421875 0.85625 0.16328125 0.21796875
1 0.8734375 0.4796875 0.02890625 0.10234375
1 0.87265625 0.6671875 0.02890625 0.09765625
2 0.34375 0.83046875 0.1125 0.22734375
0 0.08046875 0.61796875 0.05 0.06171875
2 0.83125 0.88359375 0.07578125 0.16484375
0 0.6796875 0.7703125 0.0484375 0.06328125
0 0.83046875 0.7296875 0.0390625 0.05078125
0 0.725 0.71484375 0.0484375 0.0609375
0 0.6609375 0.28671875 0.0484375 0.06328125
0 0.6015625 0.77109375 0.04609375 0.059375
0 0.7265625 0.48046875 0.0546875 0.06640625
0 0.265625 0.42734375 0.0515625 0.06015625
1 0.571875 0.959375 0.07265625 0.02890625
0 0.5859375 0.25859375 0.046875 0.06484375
0 0.659375 0.21171875 0.03984375 0.053125
0 0.890625 0.878125 0.05703125 0.0640625
1 0.09921875 0.5453125 0.02578125 0.08046875
1 0.828125 0.109375 0.02578125 0.0859375
1 0.47265625 0.3 0.0609375 0.03359375
1 0.71875 0.96015625 0.07265625 0.0265625
1 0.0984375 0.73359375 0.0234375 0.05546875
1 0.6640625 0.02109375 0.05 0.02109375
2 0.7171875 0.25078125 0.21484375 0.121875
1 0.35546875 0.3 0.06015625 0.0296875
2 0.515625 0.42421875 0.04140625 0.0671875
1 0.28515625 0.365625 0.02578125 0.0796875
0 0.34375 0.74296875 0.04375 0.059375
0 0.44609375 0.7265625 0.07421875 0.0546875
1 0.19765625 0.90234375 0.05703125 0.03046875
1 0.34140625 0.95859375 0.05625 0.028125
0 0.709375 0.2125 0.04375 0.0578125
1 0.5640625 0.303125 0.06171875 0.03046875
2 0.159375 0.3828125 0.25078125 0.1875
0 0.5796875 0.653125 0.04453125 0.053125
1 0.4140625 0.30078125 0.06015625 0.0296875
1 0.15625 0.48046875 0.059375 0.0265625
0 0.42578125 0.97265625 0.0484375 0.0546875
2 0.83125 0.7765625 0.0796875 0.059375
0 0.70546875 0.1234375 0.046875 0.07265625
0 0.37734375 0.88359375 0.04921875 0.059375
2 0.3765625 0.8828125 0.0515625 0.059375
1 0.2234375 0.48203125 0.06171875 0.03046875
2 0.49765625 0.43046875 0.41328125 0.25
2 0.709375 0.21328125 0.04453125 0.05703125
2 0.4453125 0.8515625 0.1015625 0.21953125
1 0.82734375 0.26328125 0.01953125 0.04609375
1 0.5375 0.74921875 0.09375 0.01953125
2 0.14921875 0.671875 0.08984375 0.071875
1 0.875 0.334375 0.0234375 0.046875
2 0.1296875 0.871875 0.0765625 0.06796875
0 0.84375 0.26484375 0.02890625 0.04140625
2 0.19453125 0.59921875 0.1859375 0.234375
2 0.43125 0.6359375 0.2859375 0.1640625