2 0.13671875 0.30859375 0.1125 0.23828125
2 0.62421875 0.4625 0.13046875 0.25859375
2 0.446875 0.62421875 0.0875 0.2328125
2 0.42421875 0.29609375 0.13671875 0.20703125
2 0.89921875 0.4640625 0.1375 0.25859375
2 0.76484375 0.52890625 0.071875 0.11953125
2 0.71015625 0.5296875 0.04296875 0.1234375
2 0.42421875 0.453125 0.0375 0.11015625
2 0.5296875 0.4578125 0.05390625 0.2328125
2 0.16484375 0.465625 0.0546875 0.08359375
0 0.390625 0.4328125 0.028125 0.07109375
0 0.84453125 0.4125 0.03203125 0.06953125
0 0.7859375 0.43984375 0.03359375 0.07421875
0 0.1796875 0.3828125 0.03203125 0.06953125
0 0.71640625 0.4421875 0.0265625 0.0625
0 0.36875 0.765625 0.0296875 0.0796875
0 0.38828125 0.3703125 0.03125 0.0703125
0 0.67734375 0.425 0.028125 0.0609375
0 0.41640625 0.603125 0.03125 0.06875
0 0.17890625 0.64296875 0.03125 0.06796875
0 0.31953125 0.15546875 0.028125 0.0640625
1 0.965625 0.45546875 0.01796875 0.12890625
1 0.2453125 0.18046875 0.03671875 0.03203125
2 0.4625 0.45703125 0.053125 0.11640625
2 0.1359375 0.66640625 0.109375 0.13203125
0 0.06640625 0.64765625 0.025 0.059375
1 0.428125 0.18515625 0.03984375 0.0328125
1 0.43515625 0.73671875 0.04375 0.02890625
0 0.121875 0.625 0.0265625 0.065625
2 0.7625 0.4 0.14140625 0.13515625
1 0.28125 0.1828125 0.03828125 0.0328125
1 0.1453125 0.18203125 0.04375 0.0328125
2 0.27265625 0.32265625 0.16171875 0.27265625
0 0.0828125 0.3921875 0.01953125 0.03984375
1 0.56015625 0.51953125 0.01328125 0.05
2 0.11015625 0.48046875 0.05234375 0.10703125
0 0.12109375 0.5171875 0.02265625 0.053125
1 0.56015625 0.4015625 0.0125 0.04296875
1 0.26328125 0.734375 0.03828125 0.03359375
2 0.16328125 0.5390625 0.05703125 0.07734375
2 0.10859375 0.55703125 0.05390625 0.10078125
0 0.54765625 0.46015625 0.02578125 0.05546875
1 0.34140625 0.7359375 0.02109375 0.02734375
2 0.16328125 0.6046875 0.0578125 0.11640625
2 0.25625 0.6015625 0.13046875 0.259375
1 0.14140625 0.73046875 0.028125 0.03359375
0 0.76171875 0.40390625 0.1359375 0.13515625
2 0.1203125 0.62734375 0.03046875 0.07265625
0 0.446875 0.6234375 0.0890625 0.228125