2 0.69609375 0.72734375 0.2578125 0.2171875
2 0.7578125 0.5546875 0.1296875 0.1203125
2 0.24296875 0.59375 0.16640625 0.1
2 0.6328125 0.55703125 0.1296875 0.11640625
2 0.38125 0.59296875 0.12109375 0.1
0 0.409375 0.73046875 0.06953125 0.05703125
0 0.74140625 0.25078125 0.0765625 0.0609375
2 0.75390625 0.3859375 0.12578125 0.215625
0 0.2578125 0.66171875 0.04765625 0.0453125
0 0.72421875 0.4734375 0.05625 0.053125
0 0.4859375 0.865625 0.065625 0.06171875
0 0.60234375 0.64296875 0.0640625 0.053125
0 0.721875 0.5265625 0.05625 0.04765625
0 0.4296875 0.54453125 0.0625 0.07265625
2 0.48515625 0.790625 0.0625 0.05546875
2 0.56796875 0.390625 0.25625 0.22265625
0 0.484375 0.78984375 0.06484375 0.05390625
2 0.5046875 0.63046875 0.1453125 0.27109375
1 0.55859375 0.28046875 0.12421875 0.0234375
0 0.72421875 0.41953125 0.06328125 0.04765625
1 0.3484375 0.19765625 0.1171875 0.028125
2 0.30703125 0.36640625 0.2828125 0.3484375
2 0.30078125 0.73828125 0.28125 0.20078125
1 0.34453125 0.83671875 0.128125 0.0265625
1 0.6953125 0.8421875 0.13984375 0.02265625