2 0.26875 0.190625 0.3140625 0.26328125
2 0.21484375 0.4171875 0.19609375 0.19921875
2 0.215625 0.71640625 0.18671875 0.20078125
2 0.21875 0.87421875 0.18671875 0.11796875
2 0.21171875 0.56953125 0.18125 0.09453125
0 0.34296875 0.74375 0.10390625 0.059375
1 0.4390625 0.13046875 0.08125 0.12109375
0 0.365625 0.29296875 0.1125 0.0671875
0 0.521875 0.28046875 0.1203125 0.0796875
1 0.25625 0.0515625 0.25859375 0.0375
2 0.6671875 0.71875 0.37109375 0.15234375
1 0.69609375 0.3703125 0.07265625 0.07421875
0 0.3609375 0.8484375 0.11328125 0.0671875
0 0.725 0.9671875 0.06875 0.05703125
0 0.415625 0.909375 0.13515625 0.07578125
0 0.2515625 0.6421875 0.09140625 0.0546875
2 0.5234375 0.5015625 0.40078125 0.35546875
1 0.8625 0.65234375 0.0578125 0.06171875