2 0.83046875 0.425 0.1921875 0.11328125
2 0.8125 0.57578125 0.21875 0.18515625
2 0.72890625 0.83359375 0.39375 0.115625
0 0.1921875 0.79609375 0.084375 0.04375
0 0.184375 0.9046875 0.08828125 0.05
0 0.77734375 0.46171875 0.084375 0.04765625
0 0.7609375 0.390625 0.0703125 0.0359375
1 0.41484375 0.88671875 0.159375 0.02734375
1 0.71796875 0.8921875 0.1625 0.0265625
1 0.11015625 0.66640625 0.06171875 0.090625
1 0.39765625 0.57109375 0.15703125 0.025
0 0.5984375 0.79453125 0.0890625 0.04921875
2 0.48515625 0.67578125 0.39296875 0.190625
1 0.83359375 0.36796875 0.12890625 0.01953125
2 0.61796875 0.4265625 0.22578125 0.1171875
2 0.78515625 0.72109375 0.26640625 0.1078125
1 0.59296875 0.36796875 0.11796875 0.0171875
1 0.28203125 0.88671875 0.0921875 0.021875
0 0.69296875 0.3484375 0.08046875 0.04453125
0 0.25078125 0.7234375 0.10078125 0.0484375
1 0.12421875 0.828125 0.040625 0.08203125
1 0.5296875 0.8921875 0.04140625 0.03359375
1 0.9296875 0.89140625 0.046875 0.028125
2 0.325 0.8296875 0.375 0.10546875
0 0.48515625 0.525 0.07890625 0.06953125
2 0.2078125 0.6703125 0.19453125 0.19921875
2 0.6109375 0.52734375 0.21171875 0.08515625