2 0.72109375 0.20703125 0.109375 0.2734375
2 0.9046875 0.56484375 0.10859375 0.3109375
2 0.9015625 0.23828125 0.11484375 0.33515625
2 0.8015625 0.26953125 0.059375 0.1484375
2 0.2390625 0.2359375 0.18671875 0.33359375
0 0.8671875 0.4453125 0.0359375 0.075
0 0.75625 0.30703125 0.0359375 0.07421875
0 0.403125 0.35390625 0.03515625 0.07109375
0 0.8671875 0.375 0.0375 0.07421875
2 0.8109375 0.1375 0.078125 0.1265625
0 0.39375 0.44140625 0.03515625 0.0828125
2 0.55703125 0.48125 0.12734375 0.45859375
0 0.77890625 0.71796875 0.03671875 0.16015625
2 0.10546875 0.57265625 0.1390625 0.24375
0 0.78828125 0.36484375 0.03203125 0.071875
0 0.86015625 0.1375 0.03203125 0.06015625
2 0.5984375 0.1109375 0.05546875 0.125
1 0.90390625 0.72109375 0.06875 0.04296875
0 0.30078125 0.53984375 0.03046875 0.0578125
0 0.4421875 0.56875 0.0359375 0.08203125
0 0.37578125 0.065625 0.0359375 0.1296875
1 0.1453125 0.18671875 0.0234375 0.1828125
0 0.440625 0.7515625 0.03515625 0.09296875
1 0.73046875 0.06015625 0.0703125 0.04296875
0 0.43359375 0.28359375 0.03125 0.06796875
1 0.9046875 0.0609375 0.06875 0.0453125
2 0.53203125 0.16015625 0.08671875 0.19609375
2 0.228125 0.571875 0.11171875 0.23828125
1 0.03671875 0.5828125 0.021875 0.128125
0 0.38671875 0.51171875 0.028125 0.059375
1 0.1296875 0.86015625 0.09296875 0.0484375
2 0.30859375 0.640625 0.05 0.14296875
2 0.453125 0.334375 0.07578125 0.1625
1 0.20546875 0.0625 0.08359375 0.04453125
1 0.70390625 0.72109375 0.0703125 0.0375
1 0.55703125 0.71640625 0.08203125 0.03984375
2 0.45859375 0.1640625 0.06328125 0.19140625
1 0.82421875 0.71875 0.05078125 0.03515625
0 0.771875 0.534375 0.03515625 0.1015625
0 0.5984375 0.671875 0.0203125 0.05546875
2 0.596875 0.29453125 0.0375 0.08046875
0 0.60390625 0.196875 0.02578125 0.0640625
1 0.36796875 0.71640625 0.071875 0.04609375
0 0.596875 0.2921875 0.0375 0.08359375
2 0.1015625 0.2125 0.08671875 0.30234375
0 0.5890625 0.21015625 0.0328125 0.0703125
2 0.61484375 0.6765625 0.02109375 0.084375
0 0.47890625 0.58359375 0.03203125 0.07734375
0 0.1828125 0.71328125 0.0265625 0.05859375
2 0.703125 0.703125 0.0703125 0.06640625
2 0.60390625 0.2 0.02734375 0.059375
0 0.440625 0.31015625 0.0453125 0.125
2 0.79453125 0.59453125 0.11015625 0.2265625
2 0.378125 0.2390625 0.0875 0.34453125