2 0.35234375 0.28828125 0.15390625 0.22578125
2 0.19296875 0.328125 0.16328125 0.3125
2 0.1890625 0.64921875 0.16171875 0.3203125
2 0.49296875 0.6421875 0.17734375 0.32578125
2 0.66484375 0.64609375 0.16953125 0.3203125
2 0.87734375 0.71640625 0.0953125 0.16796875
2 0.365625 0.7296875 0.06796875 0.1421875
0 0.30234375 0.6265625 0.05390625 0.07578125
2 0.8390625 0.55625 0.18125 0.1546875
0 0.30078125 0.82890625 0.05859375 0.08515625
0 0.796875 0.8265625 0.0578125 0.0734375
2 0.78984375 0.7171875 0.08125 0.16171875
0 0.7140625 0.47734375 0.04921875 0.12890625
0 0.334375 0.36484375 0.0515625 0.07578125
0 0.25078125 0.4453125 0.0546875 0.07421875
0 0.35546875 0.6328125 0.03828125 0.05859375
1 0.18203125 0.8 0.0765625 0.0390625
0 0.73125 0.5578125 0.05390625 0.06953125
2 0.55546875 0.33125 0.2546875 0.31171875
1 0.67578125 0.7984375 0.075 0.03359375
1 0.359375 0.17265625 0.075 0.02734375
0 0.9015625 0.61640625 0.03828125 0.053125
1 0.5078125 0.17109375 0.034375 0.0234375
1 0.20390625 0.1734375 0.071875 0.02734375
1 0.49296875 0.80078125 0.0796875 0.03203125
0 0.0546875 0.13359375 0.0390625 0.05546875
1 0.56953125 0.171875 0.0890625 0.028125
2 0.90234375 0.61484375 0.03828125 0.05234375
2 0.29921875 0.72578125 0.06484375 0.1359375
1 0.0171875 0.15546875 0.03359375 0.0265625