2 0.8703125 0.1921875 0.1640625 0.1765625
2 0.2203125 0.7453125 0.08515625 0.16171875
2 0.871875 0.3796875 0.16328125 0.17890625
2 0.9078125 0.6109375 0.0859375 0.1296875
2 0.4328125 0.72890625 0.2171875 0.17890625
2 0.90703125 0.50546875 0.08515625 0.08203125
2 0.66328125 0.17890625 0.1359375 0.140625
2 0.8265625 0.6125 0.08125 0.13515625
2 0.759375 0.1640625 0.0609375 0.121875
2 0.828125 0.5078125 0.08203125 0.08046875
0 0.709375 0.51640625 0.03046875 0.04140625
2 0.66328125 0.3859375 0.1375 0.2796875
0 0.80234375 0.2484375 0.03515625 0.04296875
0 0.80234375 0.58828125 0.03515625 0.04296875
0 0.7453125 0.50390625 0.0359375 0.0453125
0 0.75859375 0.23671875 0.03046875 0.04453125
0 0.878125 0.64765625 0.03125 0.040625
0 0.80234375 0.44296875 0.0359375 0.0453125
1 0.5953125 0.18671875 0.0234375 0.09921875
0 0.76015625 0.69609375 0.03359375 0.04921875
0 0.58046875 0.41015625 0.0328125 0.04453125
0 0.1640625 0.60859375 0.0359375 0.04453125
0 0.92578125 0.56015625 0.0265625 0.03828125
0 0.9109375 0.69453125 0.034375 0.05078125
0 0.74296875 0.5890625 0.03046875 0.04296875
0 0.76328125 0.63984375 0.0375 0.04921875
0 0.528125 0.653125 0.03125 0.04296875
2 0.11171875 0.7015625 0.13203125 0.24453125
2 0.709375 0.61484375 0.0453125 0.128125
1 0.840625 0.6765625 0.04375 0.02421875
0 0.815625 0.559375 0.03046875 0.03671875
1 0.6390625 0.67890625 0.04609375 0.025
2 0.64140625 0.60234375 0.096875 0.1546875
1 0.59453125 0.31875 0.02265625 0.10703125
0 0.52734375 0.603125 0.03203125 0.04296875
1 0.94765625 0.37421875 0.0203125 0.10078125
1 0.35 0.8203125 0.04765625 0.0234375
0 0.31328125 0.61484375 0.03125 0.0421875
1 0.85859375 0.1015625 0.07265625 0.028125
1 0.71171875 0.678125 0.0359375 0.02109375
2 0.39140625 0.6125 0.12265625 0.06171875
1 0.471875 0.8203125 0.06015625 0.02265625
1 0.896875 0.28359375 0.08203125 0.02578125