2 0.86171875 0.31796875 0.1875 0.22890625
2 0.85859375 0.471875 0.07578125 0.09921875
2 0.30234375 0.7796875 0.11953125 0.18984375
2 0.696875 0.32734375 0.14765625 0.25234375
2 0.66953125 0.496875 0.09296875 0.1
2 0.52265625 0.4796875 0.1140625 0.0984375
2 0.92734375 0.13828125 0.05625 0.12109375
0 0.42421875 0.16875 0.05546875 0.078125
2 0.51796875 0.60859375 0.13125 0.1515625
0 0.79453125 0.42109375 0.0515625 0.0640625
0 0.740625 0.42265625 0.05625 0.06796875
0 0.5046875 0.546875 0.0421875 0.05234375
0 0.73203125 0.49609375 0.04609375 0.04921875
0 0.79765625 0.17109375 0.04921875 0.071875
2 0.2984375 0.575 0.0875 0.0640625
0 0.30390625 0.52578125 0.0421875 0.05
0 0.79765625 0.48515625 0.0515625 0.06171875
1 0.8609375 0.19921875 0.0609375 0.03046875
1 0.4953125 0.1984375 0.07421875 0.02578125
0 0.73984375 0.5765625 0.0515625 0.06171875
1 0.6890625 0.19609375 0.08359375 0.02890625
0 0.42421875 0.77578125 0.04765625 0.065625
1 0.3265625 0.19921875 0.11484375 0.03046875
1 0.8140625 0.68203125 0.0703125 0.02265625
2 0.4828125 0.89765625 0.0265625 0.05
0 0.43203125 0.59921875 0.05390625 0.05859375
2 0.8640625 0.60234375 0.17734375 0.16328125
1 0.2484375 0.815625 0.0171875 0.05625
2 0.41796875 0.37421875 0.3375 0.3390625