2 0.23984375 0.41640625 0.23828125 0.12421875
2 0.4546875 0.34375 0.17109375 0.18125
2 0.43359375 0.590625 0.1484375 0.18203125
2 0.77890625 0.63515625 0.0765625 0.1046875
2 0.81796875 0.346875 0.14296875 0.17578125
2 0.46953125 0.471875 0.06953125 0.075
2 0.64453125 0.35625 0.2015625 0.2
2 0.8546875 0.63984375 0.07265625 0.10625
0 0.7625 0.3734375 0.046875 0.0515625
0 0.728125 0.52265625 0.0484375 0.0515625
0 0.84609375 0.409375 0.0421875 0.0484375
0 0.52265625 0.47890625 0.0453125 0.0515625
2 0.54296875 0.64609375 0.0796875 0.0765625
2 0.85 0.4625 0.07734375 0.0640625
0 0.52890625 0.58203125 0.0421875 0.0578125
0 0.9125 0.5234375 0.0359375 0.0484375
0 0.52890625 0.71484375 0.0453125 0.065625
2 0.665625 0.57578125 0.16171875 0.2140625
1 0.4359375 0.6890625 0.0640625 0.028125
1 0.4578125 0.24765625 0.05703125 0.02109375
1 0.6796875 0.690625 0.06796875 0.025
0 0.79921875 0.559375 0.0375 0.04765625
0 0.20234375 0.36015625 0.02578125 0.03046875
0 0.84765625 0.51484375 0.0328125 0.04453125
0 0.48828125 0.534375 0.04453125 0.05
0 0.8 0.61484375 0.0328125 0.04453125
2 0.7984375 0.56015625 0.0375 0.0484375
0 0.56875 0.22578125 0.03984375 0.0546875
1 0.81796875 0.2484375 0.05546875 0.02265625
0 0.09921875 0.428125 0.0359375 0.05546875
2 0.23125 0.61953125 0.2625 0.2921875
2 0.821875 0.54296875 0.14765625 0.09921875