2 0.44921875 0.73828125 0.246875 0.209375
2 0.49375 0.52578125 0.32890625 0.2109375
2 0.20859375 0.525 0.1796875 0.22265625
2 0.64921875 0.70546875 0.16171875 0.1578125
2 0.52890625 0.26796875 0.409375 0.31171875
2 0.20859375 0.74375 0.18203125 0.22109375
0 0.79453125 0.8234375 0.06796875 0.1546875
2 0.92265625 0.73203125 0.1140625 0.1984375
2 0.90390625 0.52578125 0.14765625 0.203125
0 0.5984375 0.8109375 0.0609375 0.08203125
0 0.8046875 0.53828125 0.06875 0.08203125
0 0.68359375 0.3859375 0.06875 0.0875
0 0.6734375 0.5296875 0.07265625 0.0875
0 0.27578125 0.8015625 0.06953125 0.07734375
0 0.2734375 0.45234375 0.06171875 0.06953125
0 0.85 0.72265625 0.05859375 0.06328125
0 0.7953125 0.453125 0.06953125 0.090625
2 0.68359375 0.8359375 0.0890625 0.1140625
2 0.89453125 0.278125 0.184375 0.28046875
2 0.15859375 0.259375 0.2828125 0.32890625
1 0.38125 0.42421875 0.08046875 0.0421875
1 0.1203125 0.69453125 0.028125 0.0984375
2 0.696875 0.596875 0.07421875 0.05859375
1 0.8234375 0.103125 0.12890625 0.0375