2 0.75234375 0.7609375 0.21484375 0.2890625
2 0.19765625 0.21953125 0.2265625 0.24453125
2 0.753125 0.265625 0.21796875 0.3421875
2 0.2421875 0.7921875 0.10390625 0.21484375
2 0.19921875 0.4390625 0.2296875 0.2015625
2 0.915625 0.7015625 0.11484375 0.4
2 0.69375 0.54765625 0.096875 0.13828125
2 0.13671875 0.81953125 0.109375 0.171875
2 0.80078125 0.525 0.1234375 0.1953125
2 0.19375 0.62890625 0.22421875 0.184375
2 0.478125 0.46875 0.3515625 0.7515625
0 0.909375 0.940625 0.05234375 0.0953125
1 0.39609375 0.9046875 0.11484375 0.0484375
0 0.66796875 0.66015625 0.053125 0.07265625
0 0.3640625 0.07109375 0.065625 0.11015625
1 0.2 0.0984375 0.1109375 0.05078125
0 0.590625 0.93828125 0.053125 0.09453125
0 0.2078125 0.83125 0.05625 0.0734375
0 0.66953125 0.37578125 0.065625 0.08046875
1 0.7515625 0.90625 0.1078125 0.04296875
1 0.75078125 0.096875 0.10546875 0.053125
0 0.33046875 0.62890625 0.06015625 0.07890625
0 0.2875 0.296875 0.0625 0.078125
0 0.22109375 0.6578125 0.0546875 0.08203125
0 0.62578125 0.5609375 0.05546875 0.06953125
0 0.28671875 0.4890625 0.06171875 0.075
0 0.0609375 0.63515625 0.06484375 0.07890625
1 0.53203125 0.09609375 0.0890625 0.04765625
1 0.4421875 0.0984375 0.08984375 0.04609375
1 0.08359375 0.4421875 0.034375 0.1359375
0 0.79921875 0.39921875 0.05703125 0.08203125
0 0.7984375 0.64921875 0.046875 0.07578125
1 0.24140625 0.90546875 0.07421875 0.03828125
1 0.14140625 0.90703125 0.053125 0.0359375
0 0.13671875 0.81953125 0.1078125 0.17421875
0 0.2140625 0.6546875 0.11875 0.11640625
0 0.20078125 0.6265625 0.2046875 0.16953125
0 0.240625 0.79296875 0.1078125 0.2125