2 0.67578125 0.8203125 0.2625 0.17734375
2 0.6734375 0.3671875 0.2609375 0.234375
2 0.3015625 0.7578125 0.25390625 0.16015625
2 0.73515625 0.190625 0.15859375 0.1265625
2 0.696875 0.6046875 0.21796875 0.090625
2 0.3671875 0.45546875 0.36640625 0.39296875
2 0.71875 0.6921875 0.159375 0.0859375
2 0.67421875 0.5234375 0.2640625 0.08359375
0 0.58515625 0.7609375 0.096875 0.0484375
0 0.38984375 0.703125 0.09140625 0.04765625
0 0.478125 0.85546875 0.084375 0.053125
0 0.471875 0.2265625 0.0921875 0.04921875
1 0.32265625 0.24765625 0.21640625 0.0375
2 0.58828125 0.696875 0.10625 0.08515625
1 0.18046875 0.5109375 0.06328125 0.1109375
0 0.7015625 0.54296875 0.08125 0.0453125
0 0.7546875 0.63125 0.084375 0.0484375
0 0.62109375 0.209375 0.09453125 0.04765625
0 0.5171875 0.53515625 0.0875 0.05
0 0.5859375 0.42109375 0.0953125 0.0546875
0 0.50703125 0.68828125 0.0703125 0.0453125
1 0.18359375 0.70390625 0.05 0.0453125
1 0.6 0.90859375 0.10390625 0.025
1 0.3265625 0.8390625 0.10546875 0.02734375
1 0.59609375 0.24765625 0.09921875 0.025
0 0.6765625 0.525 0.25234375 0.08125
0 0.50546875 0.77421875 0.07265625 0.03359375
1 0.73125 0.25078125 0.14453125 0.0234375