2 0.19921875 0.63671875 0.3375 0.3375
2 0.79140625 0.82265625 0.3375 0.3125
2 0.42734375 0.634375 0.13125 0.32734375
2 0.8015625 0.2625 0.34609375 0.43828125
2 0.8453125 0.56796875 0.23984375 0.18984375
0 0.51640625 0.565625 0.08046875 0.09140625
2 0.678125 0.56875 0.09921875 0.196875
0 0.878125 0.696875 0.053125 0.0796875
2 0.415625 0.26015625 0.45234375 0.43125
0 0.6 0.78515625 0.0796875 0.103125
0 0.33515625 0.565625 0.07265625 0.08359375
0 0.58828125 0.93203125 0.0796875 0.13046875
0 0.1375 0.39296875 0.0875 0.096875
0 0.87734375 0.4421875 0.0625 0.0890625
2 0.25234375 0.9 0.4765625 0.2
0 0.6046875 0.6140625 0.07265625 0.090625
0 0.215625 0.3953125 0.07890625 0.09921875
1 0.03203125 0.66171875 0.04921875 0.265625
1 0.17890625 0.20546875 0.05078125 0.3109375
0 0.65859375 0.41328125 0.0796875 0.10078125
1 0.03046875 0.9453125 0.03671875 0.109375
1 0.9609375 0.30078125 0.04296875 0.2859375
1 0.96015625 0.85390625 0.0359375 0.25625
2 0.1 0.2453125 0.15703125 0.43125
2 0.684375 0.703125 0.1125 0.071875
1 0.96015625 0.56875 0.03046875 0.18671875