2 0.70546875 0.5484375 0.171875 0.19453125
2 0.40390625 0.228125 0.41875 0.44453125
2 0.77578125 0.23203125 0.31171875 0.43359375
2 0.1140625 0.22109375 0.140625 0.42109375
2 0.77265625 0.81171875 0.31328125 0.334375
0 0.8546875 0.4140625 0.05859375 0.08203125
0 0.85390625 0.68046875 0.0546875 0.0828125
2 0.86484375 0.55 0.1421875 0.19453125
0 0.13828125 0.86484375 0.06484375 0.1015625
0 0.5796875 0.91640625 0.0703125 0.1203125
0 0.59765625 0.53984375 0.065625 0.08046875
0 0.65078125 0.390625 0.075 0.10546875
2 0.134375 0.95625 0.178125 0.0875
0 0.15078125 0.36875 0.0734375 0.10078125
0 0.221875 0.36875 0.0734375 0.10078125
0 0.58828125 0.76953125 0.07109375 0.103125
1 0.9359375 0.55078125 0.0328125 0.18984375
1 0.934375 0.2265625 0.040625 0.28203125
2 0.2671875 0.678125 0.43671875 0.4640625
1 0.934375 0.840625 0.03359375 0.24453125
1 0.04296875 0.9546875 0.0296875 0.08984375
1 0.1859375 0.17421875 0.03046875 0.30625
1 0.046875 0.67734375 0.0171875 0.30859375