2 0.20546875 0.24296875 0.33046875 0.42890625
2 0.2125 0.815625 0.33359375 0.32421875
2 0.28125 0.55390625 0.1828125 0.2078125
0 0.41015625 0.93515625 0.078125 0.12890625
0 0.12578125 0.42421875 0.0703125 0.0984375
0 0.33828125 0.39296875 0.0875 0.103125
0 0.86875 0.90078125 0.07421875 0.1078125
2 0.11171875 0.55078125 0.15 0.2
0 0.1265625 0.6875 0.0546875 0.08828125
0 0.3984375 0.7796875 0.08046875 0.103125
0 0.390625 0.5484375 0.065625 0.08125
2 0.61015625 0.24921875 0.42265625 0.44375
0 0.85390625 0.38515625 0.09921875 0.10546875
2 0.87109375 0.9734375 0.18515625 0.053125
2 0.765625 0.703125 0.39296875 0.471875
2 0.70078125 0.971875 0.15625 0.05546875
1 0.821875 0.190625 0.05078125 0.3109375
1 0.04140625 0.55546875 0.03203125 0.18828125
0 0.7859375 0.3875 0.09765625 0.1046875
2 0.8953125 0.23203125 0.15234375 0.43515625
1 0.04140625 0.246875 0.04921875 0.3578125
1 0.040625 0.84765625 0.0328125 0.25234375
1 0.96875 0.7390625 0.05390625 0.36484375