2 0.74921875 0.60703125 0.3890625 0.175
2 0.22890625 0.60859375 0.340625 0.1734375
2 0.23203125 0.2921875 0.33046875 0.22578125
2 0.8421875 0.44609375 0.1796875 0.09453125
2 0.65390625 0.4609375 0.19140625 0.1296875
2 0.153125 0.4921875 0.16484375 0.0640625
2 0.15546875 0.43125 0.1671875 0.05703125
0 0.51796875 0.4640625 0.1078125 0.03984375
0 0.3515625 0.5765625 0.12109375 0.046875
0 0.60625 0.54453125 0.11953125 0.04296875
0 0.48984375 0.159375 0.11484375 0.0515625
0 0.28671875 0.4171875 0.08671875 0.03671875
0 0.27578125 0.48046875 0.09296875 0.03515625
0 0.721875 0.90625 0.11640625 0.04453125
1 0.684375 0.178125 0.290625 0.01953125
1 0.26640625 0.69375 0.22890625 0.0234375
0 0.71484375 0.475 0.08203125 0.03203125
2 0.6734375 0.29140625 0.56171875 0.2203125
0 0.47421875 0.68359375 0.1234375 0.0484375
1 0.6859375 0.69375 0.24453125 0.0234375
1 0.253125 0.17734375 0.23359375 0.01953125
0 0.4734375 0.634375 0.153125 0.05546875
2 0.83984375 0.50859375 0.19140625 0.034375
0 0.271875 0.4453125 0.08125 0.0296875
2 0.47265625 0.6328125 0.1328125 0.0515625
2 0.47421875 0.765625 0.18203125 0.10234375
2 0.0296875 0.49140625 0.0578125 0.06171875
2 0.475 0.68359375 0.1328125 0.04921875
2 0.86015625 0.89609375 0.18359375 0.16171875