2 0.27265625 0.59296875 0.20390625 0.38671875
2 0.4078125 0.87421875 0.24140625 0.16953125
0 0.55625 0.8421875 0.071875 0.1046875
1 0.16875 0.56328125 0.04765625 0.18359375
0 0.30859375 0.83828125 0.06640625 0.10234375
1 0.4546875 0.38359375 0.14140625 0.08125
0 0.34453125 0.67578125 0.07578125 0.1046875
0 0.60078125 0.34140625 0.071875 0.1109375
2 0.2296875 0.871875 0.103125 0.15859375
2 0.65859375 0.88125 0.26015625 0.184375
2 0.63125 0.59453125 0.35546875 0.38359375
1 0.6890625 0.3859375 0.1078125 0.0640625
0 0.7140625 0.921875 0.08671875 0.1203125
2 0.4734375 0.603125 0.203125 0.3953125
0 0.66328125 0.884375 0.2515625 0.1765625