2 0.284375 0.7625 0.35 0.20703125
2 0.290625 0.5 0.35546875 0.21328125
2 0.57109375 0.4640625 0.23828125 0.28671875
2 0.72421875 0.79453125 0.2703125 0.140625
2 0.78359375 0.49140625 0.18125 0.13828125
2 0.7734375 0.690625 0.175 0.0875
2 0.05546875 0.7984375 0.10859375 0.13671875
2 0.05390625 0.6921875 0.10703125 0.08515625
2 0.77890625 0.60390625 0.17265625 0.08984375
2 0.05625 0.48046875 0.1109375 0.1171875
2 0.78125 0.37265625 0.17109375 0.0984375
0 0.51640625 0.75078125 0.1046875 0.06484375
0 0.421875 0.68359375 0.10234375 0.05703125
0 0.51796875 0.8828125 0.10078125 0.07265625
0 0.66171875 0.6234375 0.0859375 0.04765625
2 0.053125 0.609375 0.10546875 0.090625
0 0.66328125 0.66953125 0.0828125 0.0453125
0 0.6390625 0.8234375 0.10390625 0.05703125
0 0.73125 0.43984375 0.07421875 0.04921875
0 0.6640625 0.4453125 0.08046875 0.0453125
1 0.75390625 0.8625 0.11328125 0.028125
0 0.6453125 0.88203125 0.096875 0.06328125
1 0.2703125 0.3921875 0.275 0.03046875
2 0.9296875 0.70703125 0.140625 0.1859375
2 0.05546875 0.36875 0.10546875 0.10703125
1 0.57578125 0.32265625 0.14765625 0.02890625
2 0.053125 0.54921875 0.1015625 0.0296875
1 0.56875 0.60078125 0.0953125 0.01796875
1 0.31640625 0.8609375 0.1484375 0.028125
1 0.040625 0.86484375 0.07890625 0.0234375
0 0.78359375 0.48984375 0.1828125 0.140625
1 0.86953125 0.59375 0.025 0.05546875