2 0.36953125 0.83984375 0.25390625 0.23203125
2 0.3875 0.6125 0.296875 0.21328125
2 0.340625 0.28125 0.215625 0.3203125
2 0.60859375 0.303125 0.3125 0.30859375
0 0.70625 0.66875 0.1125 0.10234375
2 0.7078125 0.48515625 0.1078125 0.0875
0 0.403125 0.4078125 0.0734375 0.07421875
0 0.63203125 0.0953125 0.06328125 0.06953125
0 0.4609375 0.7484375 0.07265625 0.07734375
1 0.3515625 0.12109375 0.125 0.03671875
0 0.7953125 0.74375 0.0421875 0.065625
1 0.29765625 0.95078125 0.0640625 0.02421875
2 0.62734375 0.67578125 0.06875 0.065625
2 0.3078125 0.49453125 0.13671875 0.10390625
2 0.61328125 0.74921875 0.0625 0.0734375
1 0.69453125 0.95546875 0.18828125 0.03359375
1 0.54765625 0.125 0.1203125 0.03515625
1 0.38359375 0.9515625 0.090625 0.02578125
2 0.70625 0.571875 0.1140625 0.09140625
0 0.70703125 0.5734375 0.109375 0.0921875
1 0.23046875 0.5671875 0.0328125 0.1234375
2 0.7078125 0.6703125 0.1140625 0.1015625
2 0.615625 0.21640625 0.284375 0.15546875
2 0.88359375 0.2296875 0.2328125 0.36796875