2 0.63984375 0.715625 0.25234375 0.27734375
2 0.15390625 0.3234375 0.2296875 0.325
2 0.3125 0.71171875 0.146875 0.27421875
2 0.1921875 0.76875 0.09375 0.17890625
2 0.39375 0.3203125 0.24921875 0.3140625
2 0.85078125 0.4203125 0.18359375 0.30546875
2 0.415625 0.63515625 0.10625 0.1078125
1 0.67109375 0.1578125 0.1265625 0.05390625
1 0.76328125 0.7078125 0.0421875 0.16875
0 0.321875 0.54140625 0.06875 0.08046875
2 0.45 0.7703125 0.11875 0.1546875
0 0.43203125 0.55546875 0.0734375 0.075
0 0.08671875 0.89765625 0.08046875 0.10078125
1 0.7640625 0.3625 0.04375 0.15625
0 0.796875 0.48984375 0.0953125 0.09453125
1 0.18515625 0.16171875 0.12734375 0.046875
0 0.2296875 0.44296875 0.07109375 0.08828125
0 0.55546875 0.61796875 0.06953125 0.08828125
1 0.4 0.1625 0.16796875 0.0484375
0 0.20390625 0.64921875 0.07421875 0.0765625
1 0.7640625 0.4921875 0.040625 0.10625
2 0.53671875 0.35390625 0.4203125 0.4359375
0 0.36796875 0.73125 0.05859375 0.0703125