2 0.14140625 0.6109375 0.18984375 0.11875
2 0.50234375 0.33359375 0.20859375 0.234375
2 0.23671875 0.5015625 0.12109375 0.10078125
2 0.2203125 0.33515625 0.35703125 0.2359375
0 0.396875 0.7078125 0.08125 0.0671875
2 0.33671875 0.6140625 0.2015625 0.11796875
0 0.3515625 0.425 0.0859375 0.0671875
0 0.1390625 0.4328125 0.06875 0.05703125
0 0.4953125 0.425 0.084375 0.06875
0 0.571875 0.72421875 0.08046875 0.06484375
0 0.33515625 0.5296875 0.0734375 0.05703125
0 0.26171875 0.5796875 0.0640625 0.05234375
0 0.671875 0.1828125 0.08203125 0.07109375
2 0.77109375 0.7453125 0.31484375 0.27265625
0 0.50234375 0.834375 0.07890625 0.0578125
2 0.1140625 0.5046875 0.14375 0.10234375
0 0.321875 0.49140625 0.0625 0.046875
1 0.503125 0.21875 0.134375 0.02578125
0 0.48125 0.87890625 0.0875 0.146875
1 0.8 0.2171875 0.1890625 0.02734375
2 0.2296875 0.77578125 0.38828125 0.22421875
1 0.22421875 0.2171875 0.17734375 0.02734375
2 0.42890625 0.43125 0.05390625 0.0421875
0 0.4890625 0.8109375 0.09609375 0.1
2 0.77578125 0.41484375 0.3328125 0.390625
2 0.52578125 0.60625 0.18046875 0.3078125