2 0.11640625 0.7296875 0.1296875 0.46015625
2 0.58046875 0.61953125 0.04140625 0.146875
0 0.1515625 0.86484375 0.059375 0.11796875
2 0.6125 0.18125 0.04921875 0.21171875
2 0.6921875 0.21484375 0.11015625 0.3078125
2 0.36796875 0.7578125 0.36875 0.484375
2 0.5578125 0.18359375 0.06171875 0.21171875
2 0.85546875 0.2875 0.20625 0.45703125
0 0.70703125 0.5703125 0.059375 0.1109375
0 0.1515625 0.4078125 0.05859375 0.1109375
2 0.11640625 0.271875 0.1296875 0.45703125
0 0.66796875 0.41875 0.0515625 0.1
0 0.6578125 0.2359375 0.05234375 0.08984375
0 0.63671875 0.84296875 0.059375 0.1078125
1 0.1828125 0.24609375 0.03046875 0.2296875
2 0.9 0.95 0.1171875 0.1
1 0.18203125 0.70390625 0.02890625 0.22578125
2 0.5609375 0.94609375 0.09296875 0.1078125
2 0.678125 0.01796875 0.1109375 0.0359375
2 0.7015625 0.80234375 0.0421875 0.16015625
0 0.77421875 0.44296875 0.05703125 0.103125
0 0.98203125 0.509375 0.0359375 0.06953125
2 0.35703125 0.28515625 0.33828125 0.4578125
2 0.8234375 0.69453125 0.284375 0.38359375
0 0.065625 0.50859375 0.03125 0.09765625
2 0.70078125 0.68984375 0.040625 0.0671875