2 0.3859375 0.63984375 0.2203125 0.19296875
2 0.3109375 0.4171875 0.37421875 0.25625
0 0.55625 0.884375 0.11328125 0.165625
2 0.20546875 0.6390625 0.1484375 0.184375
1 0.6375 0.09765625 0.171875 0.0484375
2 0.74921875 0.6078125 0.25703125 0.2515625
2 0.80078125 0.81015625 0.1625 0.153125
0 0.5296875 0.6421875 0.09921875 0.1
0 0.30546875 0.65234375 0.09375 0.0734375
0 0.45390625 0.496875 0.1171875 0.08671875
1 0.2828125 0.28671875 0.17109375 0.04375
0 0.4375 0.2203125 0.1046875 0.07578125
0 0.6921875 0.83828125 0.0984375 0.0765625
1 0.48046875 0.15234375 0.0625 0.07109375
0 0.52734375 0.21640625 0.11015625 0.078125
2 0.7296875 0.81875 0.17578125 0.13125
2 0.703125 0.3125 0.38125 0.39140625