2 0.61953125 0.2015625 0.1671875 0.10625
0 0.65234375 0.56640625 0.08359375 0.059375
0 0.57734375 0.2796875 0.0625 0.04765625
2 0.31875 0.26328125 0.4375 0.190625
0 0.50546875 0.33125 0.071875 0.04375
0 0.62421875 0.72421875 0.0671875 0.04453125
2 0.54765625 0.721875 0.0953125 0.05703125
2 0.41328125 0.73125 0.13046875 0.05078125
0 0.47890625 0.38515625 0.08125 0.06328125
2 0.40546875 0.48046875 0.55546875 0.23515625
0 0.65625 0.809375 0.0875 0.0609375
2 0.471875 0.6703125 0.25234375 0.14765625
2 0.615625 0.30546875 0.14765625 0.096875
2 0.22109375 0.78203125 0.2515625 0.15234375
1 0.1171875 0.5046875 0.053125 0.16171875
2 0.48046875 0.828125 0.253125 0.1296875