2 0.7921875 0.653125 0.21875 0.296875
2 0.6203125 0.596875 0.13671875 0.1796875
2 0.27890625 0.91953125 0.12265625 0.1578125
2 0.15546875 0.92109375 0.125 0.15234375
2 0.40546875 0.83203125 0.1359375 0.30625
1 0.0859375 0.4484375 0.053125 0.1625
1 0.08515625 0.684375 0.0546875 0.1640625
1 0.0875 0.209375 0.053125 0.15703125
2 0.25859375 0.32421875 0.321875 0.40703125
0 0.7375 0.5390625 0.0703125 0.08046875
0 0.1359375 0.8265625 0.05625 0.05546875
2 0.5046875 0.68046875 0.1015625 0.3171875
1 0.91875 0.73828125 0.04609375 0.15234375
1 0.91796875 0.31484375 0.059375 0.259375
0 0.3515625 0.90546875 0.040625 0.0765625
0 0.39375 0.19921875 0.0421875 0.0828125
0 0.81328125 0.8 0.05390625 0.05546875
0 0.3921875 0.44921875 0.04375 0.078125
1 0.82890625 0.5125 0.12890625 0.04609375
2 0.6828125 0.34921875 0.48671875 0.29609375
2 0.21796875 0.715625 0.2609375 0.2625
1 0.0796875 0.9140625 0.0390625 0.13671875