2 0.26328125 0.3359375 0.11640625 0.275
2 0.425 0.67890625 0.13984375 0.2265625
2 0.890625 0.31171875 0.115625 0.24296875
2 0.55703125 0.2859375 0.1421875 0.17578125
2 0.74921875 0.36328125 0.15859375 0.3328125
2 0.4546875 0.51953125 0.0671875 0.1046875
0 0.36875 0.440625 0.0359375 0.071875
2 0.8203125 0.66328125 0.15078125 0.25859375
0 0.85 0.34921875 0.0375 0.0671875
0 0.40859375 0.52890625 0.0359375 0.0625
0 0.76171875 0.5640625 0.03828125 0.07734375
0 0.3796875 0.30390625 0.0375 0.0671875
0 0.29296875 0.16328125 0.03515625 0.06875
0 0.196875 0.51015625 0.03671875 0.0671875
2 0.4421875 0.290625 0.08984375 0.16953125
0 0.334375 0.634375 0.03984375 0.0734375
2 0.4421875 0.40859375 0.08359375 0.10703125
0 0.771875 0.81796875 0.0359375 0.0796875
0 0.3609375 0.1625 0.034375 0.06484375
0 0.403125 0.5984375 0.034375 0.06953125
0 0.7828125 0.16015625 0.03359375 0.0671875
1 0.7171875 0.1875 0.04609375 0.03671875
1 0.2484375 0.19140625 0.04921875 0.03828125
1 0.15078125 0.190625 0.04609375 0.0375
0 0.33203125 0.81484375 0.03828125 0.071875
1 0.71484375 0.79453125 0.040625 0.03203125
1 0.89765625 0.1875 0.0453125 0.034375
0 0.25859375 0.50078125 0.03203125 0.06328125
0 0.2328125 0.50546875 0.03203125 0.0625
1 0.259375 0.7921875 0.04375 0.03046875
2 0.8859375 0.48828125 0.1109375 0.11171875
1 0.83359375 0.7921875 0.046875 0.0328125
2 0.321875 0.728125 0.07421875 0.11875
2 0.13515625 0.4859375 0.15546875 0.58515625
0 0.58515625 0.16640625 0.03359375 0.065625
2 0.04375 0.43984375 0.03984375 0.121875
2 0.28203125 0.5765625 0.134375 0.17265625
1 0.45078125 0.19296875 0.04296875 0.0359375
0 0.8171875 0.49765625 0.0421875 0.07265625
0 0.5375 0.196875 0.0265625 0.05
1 0.5421875 0.19296875 0.0390625 0.03828125
1 0.90859375 0.7875 0.02265625 0.0375
1 0.4453125 0.77890625 0.03203125 0.0421875
0 0.84453125 0.19765625 0.0234375 0.0484375
1 0.13671875 0.79140625 0.0453125 0.0296875
2 0.359375 0.328125 0.07890625 0.25703125
0 0.90859375 0.7859375 0.02265625 0.03828125
1 0.43125 0.78984375 0.05546875 0.0390625