2 0.74375 0.6890625 0.38203125 0.4140625
2 0.5 0.58515625 0.10234375 0.1296875
2 0.09765625 0.265625 0.13828125 0.3765625
0 0.60390625 0.40390625 0.05390625 0.0875
2 0.81796875 0.27890625 0.23671875 0.39140625
0 0.20859375 0.35 0.0703125 0.1
2 0.640625 0.221875 0.13671875 0.2828125
1 0.93203125 0.57734375 0.03671875 0.14765625
1 0.934375 0.30078125 0.0375 0.2015625
0 0.57421875 0.69296875 0.053125 0.075
2 0.3125 0.26328125 0.2828125 0.39765625
0 0.69453125 0.8390625 0.06640625 0.1015625
2 0.50234375 0.75703125 0.10234375 0.215625
0 0.57421875 0.61171875 0.05390625 0.0765625
0 0.5921875 0.24453125 0.05078125 0.0734375
1 0.665625 0.07109375 0.046875 0.040625
2 0.51171875 0.2234375 0.1171875 0.2890625
2 0.528125 0.82578125 0.046875 0.06953125
1 0.1734375 0.2125 0.03359375 0.19921875
1 0.390625 0.0703125 0.05234375 0.04140625
1 0.63984375 0.89765625 0.03984375 0.03203125