2 0.20234375 0.54296875 0.26953125 0.22421875
0 0.7015625 0.215625 0.059375 0.059375
2 0.6296875 0.128125 0.26640625 0.22734375
2 0.6234375 0.309375 0.084375 0.13046875
2 0.19140625 0.103125 0.25703125 0.178125
2 0.26796875 0.87890625 0.15234375 0.1421875
0 0.8078125 0.58828125 0.0625 0.0625
0 0.421875 0.20859375 0.06953125 0.06484375
2 0.64140625 0.61171875 0.26484375 0.35625
0 0.5296875 0.203125 0.06796875 0.06640625
1 0.771875 0.11796875 0.0328125 0.0765625
1 0.0734375 0.5125 0.0390625 0.12421875
0 0.80546875 0.18671875 0.0578125 0.05234375
2 0.4609375 0.3078125 0.2390625 0.1296875
1 0.77578125 0.66484375 0.03515625 0.09609375
2 0.19921875 0.72421875 0.2421875 0.13515625
2 0.71796875 0.30859375 0.1 0.13359375
1 0.7765625 0.5109375 0.0390625 0.09921875
1 0.06953125 0.2609375 0.03046875 0.05703125
1 0.55078125 0.79765625 0.07578125 0.03203125
1 0.42265625 0.3828125 0.0328125 0.02265625
1 0.88671875 0.0078125 0.125 0.0140625
2 0.1953125 0.28125 0.25390625 0.19296875
0 0.3015625 0.13828125 0.07578125 0.08203125
0 0.3 0.23359375 0.06953125 0.09453125
0 0.35078125 0.61640625 0.09140625 0.0640625
0 0.34609375 0.67734375 0.0890625 0.05859375