2 0.11875 0.590625 0.1625 0.17578125
2 0.11875 0.7640625 0.16015625 0.1765625
2 0.63828125 0.7671875 0.16640625 0.16328125
0 0.3484375 0.9 0.05703125 0.06328125
2 0.6375 0.59609375 0.1703125 0.17890625
2 0.40546875 0.90859375 0.06484375 0.09453125
0 0.703125 0.71796875 0.0515625 0.05546875
0 0.7 0.66328125 0.053125 0.0515625
2 0.3640625 0.6640625 0.14453125 0.1328125
0 0.2546875 0.16171875 0.05703125 0.0625
0 0.76484375 0.65859375 0.0453125 0.05390625
2 0.36875 0.784375 0.14296875 0.1140625
0 0.22890625 0.88203125 0.05703125 0.071875
0 0.17578125 0.70703125 0.053125 0.05859375
0 0.1734375 0.6484375 0.0546875 0.0546875
2 0.26171875 0.35078125 0.38359375 0.3109375
2 0.3640625 0.5484375 0.140625 0.090625
2 0.73359375 0.34921875 0.39453125 0.303125
2 0.79453125 0.9109375 0.2390625 0.10078125
0 0.88515625 0.878125 0.05625 0.06015625
1 0.121875 0.27265625 0.12734375 0.03828125
1 0.83828125 0.19140625 0.1234375 0.0328125
1 0.13046875 0.85546875 0.096875 0.03359375
1 0.346875 0.1890625 0.15859375 0.03046875
2 0.825 0.74296875 0.20546875 0.20859375
2 0.7546875 0.5359375 0.06953125 0.053125
1 0.53828125 0.353125 0.059375 0.1703125
2 0.32265625 0.10546875 0.234375 0.14140625
2 0.7859375 0.10390625 0.2765625 0.13828125
2 0.75625 0.596875 0.07421875 0.08359375
0 0.2671875 0.53515625 0.04609375 0.05625
1 0.6140625 0.859375 0.10234375 0.03046875
0 0.70546875 0.85703125 0.04296875 0.0359375