2 0.1484375 0.6046875 0.18984375 0.16484375
2 0.86796875 0.4796875 0.1625 0.0921875
2 0.834375 0.303125 0.253125 0.25625
2 0.55625 0.28515625 0.309375 0.225
0 0.63671875 0.67265625 0.07109375 0.0640625
0 0.27578125 0.6015625 0.0765625 0.06171875
2 0.19921875 0.83359375 0.26328125 0.2421875
0 0.325 0.14296875 0.08046875 0.07421875
0 0.48984375 0.36953125 0.08046875 0.07109375
0 0.76171875 0.49140625 0.06484375 0.0546875
2 0.46953125 0.6421875 0.128125 0.09296875
1 0.80546875 0.1734375 0.10625 0.0328125
0 0.74609375 0.4078125 0.0703125 0.06796875
0 0.66484375 0.4859375 0.07265625 0.06953125
1 0.215625 0.16875 0.1421875 0.03359375
1 0.4015625 0.95703125 0.109375 0.02890625
0 0.36171875 0.7171875 0.07109375 0.06875
1 0.17890625 0.9546875 0.10546875 0.02890625
1 0.5953125 0.9765625 0.090625 0.03203125
1 0.93359375 0.96171875 0.096875 0.03046875
0 0.58046875 0.5640625 0.075 0.06953125
0 0.48359375 0.57265625 0.05546875 0.04375
2 0.43046875 0.8265625 0.21953125 0.2703125
0 0.84765625 0.56640625 0.07890625 0.071875
0 0.76484375 0.5703125 0.08515625 0.06796875
2 0.88515625 0.88125 0.1765625 0.165625
1 0.453125 0.171875 0.09296875 0.02578125
1 0.90625 0.175 0.06953125 0.02734375
1 0.6421875 0.1765625 0.1046875 0.028125
0 0.284375 0.71640625 0.07578125 0.06328125
2 0.73515625 0.66953125 0.121875 0.0953125