2 0.10546875 0.5859375 0.08515625 0.17890625
2 0.10625 0.715625 0.09140625 0.09140625
2 0.8109375 0.63984375 0.08359375 0.1
2 0.79296875 0.8203125 0.12890625 0.2671875
2 0.40703125 0.29296875 0.06796875 0.1640625
0 0.80625 0.71015625 0.03359375 0.0609375
0 0.5359375 0.7828125 0.0421875 0.08671875
0 0.3625 0.3234375 0.03671875 0.06328125
1 0.78125 0.95078125 0.0796875 0.03359375
0 0.134375 0.53203125 0.034375 0.07109375
2 0.33359375 0.29453125 0.084375 0.16875
0 0.71328125 0.72265625 0.03125 0.0609375
1 0.62734375 0.20703125 0.0765625 0.034375
2 0.2671875 0.2796875 0.05 0.1265625
0 0.36875 0.4109375 0.034375 0.0671875
0 0.72890625 0.18203125 0.03671875 0.07265625
1 0.63359375 0.9515625 0.078125 0.03828125
1 0.9140625 0.49140625 0.08046875 0.04140625
1 0.9109375 0.20703125 0.0765625 0.0296875
0 0.33515625 0.40078125 0.0265625 0.05625
0 0.746875 0.7515625 0.03359375 0.1
0 0.26796875 0.5421875 0.04453125 0.07109375
2 0.7046875 0.80859375 0.0515625 0.13125
2 0.221875 0.7671875 0.1421875 0.38046875
1 0.14609375 0.4015625 0.01640625 0.09765625
0 0.27734375 0.3625 0.03046875 0.05546875
2 0.7046875 0.90859375 0.05234375 0.0796875
1 0.540625 0.35703125 0.02109375 0.1234375
2 0.61875 0.80234375 0.11953125 0.29609375
0 0.053125 0.7125 0.025 0.04140625
1 0.790625 0.21015625 0.07265625 0.03671875
0 0.5359375 0.6859375 0.03984375 0.07109375
1 0.70703125 0.95078125 0.028125 0.0265625
1 0.85390625 0.64140625 0.015625 0.05859375
1 0.2328125 0.95078125 0.10703125 0.02421875
2 0.90625 0.290625 0.12109375 0.13984375
2 0.90625 0.42109375 0.121875 0.128125
2 0.70625 0.4015625 0.28671875 0.3828125
2 0.34140625 0.45234375 0.0953125 0.15390625
2 0.19296875 0.27578125 0.0984375 0.1421875
2 0.21953125 0.4625 0.1453125 0.23203125