2 0.80078125 0.3359375 0.2625 0.3734375
2 0.80546875 0.6828125 0.25390625 0.3296875
2 0.2828125 0.7046875 0.35859375 0.35703125
2 0.61875 0.7375 0.11171875 0.21875
0 0.40859375 0.84375 0.07109375 0.11015625
0 0.1609375 0.84765625 0.08671875 0.1078125
0 0.5 0.8453125 0.0765625 0.19609375
0 0.60546875 0.603125 0.05625 0.08046875
1 0.10234375 0.70703125 0.05390625 0.23046875
0 0.62734375 0.4171875 0.05234375 0.07890625
2 0.61484375 0.2734375 0.1046875 0.2265625
1 0.1953125 0.28828125 0.05234375 0.2625
1 0.9265625 0.6640625 0.03671875 0.2234375
0 0.22578125 0.45078125 0.07265625 0.1046875
0 0.70234375 0.4640625 0.06875 0.0921875
2 0.3875 0.328125 0.38046875 0.3578125
0 0.16796875 0.45390625 0.071875 0.10625
0 0.70234375 0.5171875 0.0703125 0.21015625
0 0.7015625 0.5703125 0.0640625 0.09921875
1 0.815625 0.5234375 0.196875 0.04453125
1 0.925 0.33515625 0.034375 0.2234375