2 0.21953125 0.56796875 0.28515625 0.15546875
2 0.83828125 0.66484375 0.25234375 0.11328125
2 0.2125 0.4140625 0.2796875 0.14921875
2 0.87890625 0.46328125 0.17109375 0.08125
2 0.88203125 0.37109375 0.175 0.1078125
2 0.68046875 0.37734375 0.21484375 0.078125
2 0.87578125 0.553125 0.19140625 0.1
2 0.6546875 0.50703125 0.2734375 0.18203125
0 0.31875 0.43359375 0.08671875 0.04765625
0 0.753125 0.15 0.0828125 0.05
0 0.4859375 0.46875 0.08515625 0.04609375
0 0.48046875 0.08828125 0.07421875 0.040625
0 0.8421875 0.090625 0.0828125 0.04375
1 0.07890625 0.40859375 0.0453125 0.07421875
0 0.4578125 0.628125 0.08671875 0.059375
1 0.21171875 0.12109375 0.11640625 0.021875
0 0.83828125 0.296875 0.0765625 0.04765625
1 0.628125 0.12109375 0.1203125 0.0234375
0 0.67265625 0.659375 0.09375 0.04921875
1 0.3234375 0.1203125 0.11640625 0.021875
1 0.2359375 0.6453125 0.11015625 0.02109375
0 0.53671875 0.36328125 0.0765625 0.0421875
0 0.32109375 0.51328125 0.08203125 0.04453125
0 0.83984375 0.4015625 0.08515625 0.0453125
1 0.07890625 0.29765625 0.040625 0.03828125
2 0.3203125 0.5125 0.08203125 0.04375
1 0.6296875 0.6015625 0.12890625 0.01953125
2 0.88203125 0.21953125 0.19140625 0.1984375
2 0.44296875 0.2296875 0.72578125 0.22265625