2 0.2375 0.734375 0.3734375 0.221875
2 0.759375 0.7515625 0.3703125 0.18046875
2 0.84921875 0.621875 0.1828125 0.078125
2 0.6703125 0.6234375 0.18359375 0.0765625
2 0.1984375 0.575 0.30859375 0.09921875
0 0.39375 0.553125 0.11640625 0.0625
2 0.60234375 0.41953125 0.71640625 0.30078125
0 0.6125 0.24765625 0.1078125 0.0625
0 0.4890625 0.8703125 0.11875 0.07109375
0 0.5453125 0.609375 0.11328125 0.053125
0 0.80625 0.68046875 0.0890625 0.04921875
1 0.79765625 0.2703125 0.18203125 0.0328125
0 0.628125 0.68984375 0.11328125 0.05546875
0 0.5078125 0.9375 0.11484375 0.0625
0 0.371875 0.68984375 0.125 0.06171875
1 0.79296875 0.84453125 0.153125 0.02734375
1 0.94453125 0.334375 0.0546875 0.07109375
1 0.203125 0.8453125 0.17265625 0.028125
2 0.63203125 0.91015625 0.15625 0.121875
2 0.15625 0.3234375 0.203125 0.0921875
1 0.19375 0.2703125 0.10390625 0.02265625
1 0.43671875 0.275 0.225 0.028125
0 0.1921875 0.396875 0.0859375 0.05546875