2 0.82890625 0.37421875 0.2953125 0.12109375
2 0.8296875 0.20390625 0.29453125 0.15546875
2 0.39453125 0.6546875 0.29765625 0.165625
2 0.8296875 0.4921875 0.28828125 0.11328125
2 0.4859375 0.7734375 0.15 0.075
2 0.32890625 0.77421875 0.1703125 0.075
2 0.46875 0.34140625 0.41875 0.44453125
0 0.5796875 0.76171875 0.06640625 0.04140625
1 0.2484375 0.5171875 0.034375 0.05703125
1 0.24921875 0.2609375 0.04453125 0.13125
1 0.2484375 0.646875 0.0390625 0.06953125
2 0.75 0.6453125 0.15390625 0.1078125
0 0.64140625 0.73046875 0.07265625 0.04921875
1 0.9796875 0.2390625 0.03515625 0.06875
1 0.9796875 0.51171875 0.03359375 0.06640625
0 0.20234375 0.3578125 0.0734375 0.05625
1 0.98046875 0.37578125 0.03671875 0.06796875
0 0.7890625 0.61484375 0.05078125 0.040625
0 0.70859375 0.51875 0.07734375 0.04765625
1 0.97890625 0.74609375 0.034375 0.05390625
1 0.97578125 0.63984375 0.0328125 0.06796875
0 0.35 0.8421875 0.0765625 0.053125
2 0.75078125 0.57265625 0.1515625 0.0484375
0 0.70546875 0.3953125 0.06796875 0.0671875
1 0.67734375 0.465625 0.03203125 0.06796875
1 0.38828125 0.11953125 0.1078125 0.02421875
2 0.74921875 0.7328125 0.15 0.07265625
0 0.7109375 0.2484375 0.071875 0.04375
2 0.9 0.56640625 0.14453125 0.0375
1 0.4484375 0.91328125 0.07578125 0.02421875
0 0.584375 0.640625 0.0640625 0.034375
2 0.8296875 0.29765625 0.26875 0.0359375
0 0.50703125 0.91328125 0.06171875 0.0265625
2 0.58515625 0.63984375 0.065625 0.03359375
1 0.5078125 0.91328125 0.0609375 0.02578125
2 0.89765625 0.7484375 0.1671875 0.109375