2 0.184375 0.678125 0.17734375 0.2390625
2 0.3453125 0.67734375 0.1453125 0.23203125
2 0.15703125 0.41328125 0.12109375 0.28984375
2 0.6796875 0.4125 0.14921875 0.290625
2 0.41015625 0.4109375 0.3828125 0.28828125
0 0.24765625 0.58828125 0.04296875 0.07109375
2 0.8640625 0.421875 0.1953125 0.14609375
2 0.4484375 0.73046875 0.0640625 0.11796875
2 0.7078125 0.73828125 0.09375 0.1
0 0.62734375 0.4734375 0.04765625 0.06875
0 0.5234375 0.6578125 0.04375 0.06640625
2 0.7078125 0.62109375 0.09921875 0.13046875
0 0.19921875 0.43671875 0.03125 0.04765625
0 0.49921875 0.71484375 0.04296875 0.0609375
2 0.6015625 0.74453125 0.11796875 0.10234375
0 0.19921875 0.484375 0.034375 0.053125
0 0.7921875 0.52734375 0.04609375 0.0734375
1 0.44296875 0.26171875 0.07109375 0.0328125
1 0.5484375 0.2609375 0.05078125 0.02734375
1 0.1625 0.2609375 0.05 0.02578125
1 0.66015625 0.2609375 0.053125 0.028125
0 0.390625 0.58828125 0.03984375 0.06796875
1 0.8578125 0.34375 0.0703125 0.02421875
1 0.340625 0.80234375 0.0515625 0.02578125
1 0.18125 0.8015625 0.04921875 0.02265625
2 0.59921875 0.6546875 0.1140625 0.090625
1 0.284375 0.26171875 0.1046875 0.025
1 0.7140625 0.79921875 0.05390625 0.02578125
0 0.63671875 0.65234375 0.0390625 0.0609375
0 0.50859375 0.8421875 0.0421875 0.07265625
0 0.58203125 0.9375 0.028125 0.0390625
1 0.23828125 0.41484375 0.0359375 0.015625
1 0.98828125 0.3984375 0.01171875 0.04765625
1 0.98828125 0.7984375 0.01171875 0.0484375
2 0.62734375 0.5921875 0.059375 0.065625
1 0.98828125 0.88828125 0.01015625 0.04609375
0 0.5921875 0.19375 0.01796875 0.02890625
0 0.68515625 0.6578125 0.0390625 0.065625