2 0.54609375 0.38828125 0.2578125 0.31484375
2 0.1265625 0.36171875 0.13046875 0.28203125
2 0.30390625 0.3828125 0.2203125 0.30390625
2 0.41484375 0.79296875 0.08671875 0.13515625
2 0.28671875 0.734375 0.17578125 0.3828125
2 0.65625 0.73671875 0.2515625 0.38984375
2 0.85703125 0.7296875 0.14921875 0.3734375
2 0.87109375 0.38515625 0.109375 0.30703125
2 0.7453125 0.3890625 0.1296875 0.3046875
0 0.1609375 0.18203125 0.05703125 0.08359375
0 0.78984375 0.27265625 0.05234375 0.07578125
0 0.39296875 0.496875 0.05859375 0.0796875
0 0.5546875 0.678125 0.05859375 0.08359375
0 0.7390625 0.5765625 0.05234375 0.0828125
0 0.3921875 0.684375 0.04921875 0.0734375
2 0.12734375 0.70703125 0.13046875 0.41484375
0 0.43359375 0.696875 0.0453125 0.06796875
0 0.90234375 0.3578125 0.0453125 0.06171875
0 0.4921875 0.9015625 0.05546875 0.0953125
1 0.06171875 0.421875 0.02578125 0.11875
1 0.49375 0.22265625 0.0875 0.03671875
0 0.70625 0.21328125 0.05703125 0.15703125
1 0.3078125 0.2234375 0.084375 0.0359375
0 0.70546875 0.259375 0.053125 0.09765625
0 0.80625 0.59140625 0.0546875 0.0875
2 0.04296875 0.74375 0.05546875 0.0796875
0 0.49375 0.77421875 0.0671875 0.103125
1 0.8296875 0.9140625 0.08203125 0.03828125
1 0.42265625 0.865625 0.05 0.02265625
1 0.853125 0.2171875 0.05390625 0.034375
1 0.5875 0.225 0.1015625 0.0421875
1 0.0609375 0.59609375 0.0265625 0.14921875
1 0.10625 0.215625 0.05859375 0.02421875
1 0.7 0.91640625 0.07265625 0.03671875
1 0.15546875 0.9203125 0.05390625 0.0265625
0 0.7734375 0.58046875 0.1171875 0.0828125