2 0.675 0.25234375 0.37734375 0.390625
0 0.89609375 0.78828125 0.06015625 0.09609375
2 0.2140625 0.66484375 0.3234375 0.41015625
0 0.5203125 0.359375 0.075 0.10703125
0 0.42421875 0.31796875 0.05078125 0.08359375
0 0.896875 0.40234375 0.05859375 0.09140625
0 0.35859375 0.315625 0.04921875 0.0765625
2 0.16171875 0.2578125 0.21953125 0.415625
0 0.2890625 0.3359375 0.0625 0.09609375
0 0.8375 0.40234375 0.05859375 0.0890625
2 0.66953125 0.6609375 0.359375 0.3953125
0 0.796875 0.80390625 0.0640625 0.09140625
0 0.84375 0.78984375 0.053125 0.08984375
0 0.3453125 0.58203125 0.0625 0.09765625
0 0.41328125 0.8203125 0.075 0.14140625
2 0.31328125 0.17421875 0.15546875 0.23515625
1 0.05234375 0.65234375 0.04296875 0.240625
1 0.04921875 0.284375 0.034375 0.23046875
2 0.4375 0.171875 0.09296875 0.23046875
0 0.5703125 0.91953125 0.06875 0.1203125