2 0.2046875 0.403125 0.26796875 0.125
2 0.2734375 0.57109375 0.13359375 0.1234375
2 0.41640625 0.39921875 0.14921875 0.115625
2 0.4515625 0.47734375 0.07734375 0.03984375
2 0.14296875 0.546875 0.14375 0.17734375
2 0.4515625 0.5328125 0.08046875 0.07421875
2 0.43359375 0.684375 0.08828125 0.09765625
0 0.19375 0.49453125 0.04609375 0.03125
0 0.2734375 0.52421875 0.03984375 0.02890625
0 0.3953125 0.53515625 0.0421875 0.028125
0 0.353125 0.403125 0.0421875 0.02734375
0 0.3609375 0.64296875 0.0390625 0.02890625
0 0.3578125 0.57734375 0.04296875 0.0296875
0 0.37734375 0.71171875 0.04453125 0.03046875
0 0.3984375 0.48359375 0.034375 0.0203125
0 0.253125 0.32890625 0.04375 0.03125
0 0.38671875 0.446875 0.03828125 0.02734375
2 0.45 0.6 0.07265625 0.06171875
1 0.14921875 0.634375 0.08359375 0.0171875
1 0.2734375 0.634375 0.08828125 0.01640625
0 0.43125 0.56171875 0.03359375 0.0234375
1 0.4046875 0.340625 0.0734375 0.0140625
2 0.196875 0.6953125 0.27421875 0.11953125