2 0.8015625 0.3171875 0.103125 0.11953125
2 0.78515625 0.1546875 0.1375 0.2046875
2 0.78515625 0.5359375 0.1375 0.0828125
2 0.59140625 0.41796875 0.14921875 0.08203125
2 0.5671875 0.58125 0.10234375 0.1046875
2 0.3453125 0.93203125 0.15234375 0.09296875
2 0.75625 0.6015625 0.0640625 0.0515625
2 0.5453125 0.4921875 0.0609375 0.07265625
2 0.609375 0.4953125 0.07421875 0.071875
2 0.14296875 0.10390625 0.1140625 0.11015625
0 0.678125 0.6015625 0.034375 0.053125
1 0.85234375 0.14921875 0.01953125 0.05546875
1 0.5171875 0.32265625 0.01953125 0.10234375
2 0.1703125 0.2296875 0.10390625 0.15703125
1 0.8515625 0.328125 0.01953125 0.06328125
1 0.8515625 0.42421875 0.01953125 0.0640625
2 0.8171875 0.60078125 0.065625 0.05390625
1 0.1484375 0.04609375 0.065625 0.01875
2 0.8 0.4359375 0.10625 0.12265625
0 0.38046875 0.87890625 0.0359375 0.03046875
0 0.8125 0.63828125 0.03125 0.0296875
1 0.51640625 0.21015625 0.01796875 0.06953125
2 0.6171875 0.2171875 0.19921875 0.3171875
1 0.66015625 0.42734375 0.0140625 0.03828125
0 0.75859375 0.5703125 0.02890625 0.025
2 0.7375 0.296875 0.03359375 0.0765625
0 0.809375 0.56953125 0.0328125 0.02578125
1 0.51640625 0.2546875 0.0171875 0.0421875
1 0.51640625 0.5578125 0.0140625 0.0390625
1 0.51484375 0.4921875 0.0140625 0.0734375
1 0.853125 0.54765625 0.01953125 0.05078125
1 0.575 0.05 0.07421875 0.02578125
1 0.515625 0.10390625 0.015625 0.0390625
0 0.5125 0.428125 0.01796875 0.0328125
1 0.878125 0.8765625 0.0703125 0.028125
0 0.2078125 0.08671875 0.04296875 0.053125