2 0.5875 0.6609375 0.17421875 0.2015625
2 0.24296875 0.3703125 0.26484375 0.1703125
2 0.3140625 0.67734375 0.12578125 0.1671875
2 0.71953125 0.5609375 0.1 0.2140625
2 0.56953125 0.36953125 0.13671875 0.165625
2 0.70234375 0.36953125 0.1359375 0.16171875
0 0.2703125 0.26015625 0.059375 0.0671875
2 0.15546875 0.59375 0.0875 0.06796875
2 0.71953125 0.7125 0.096875 0.09453125
0 0.41640625 0.79296875 0.05390625 0.0625
0 0.18359375 0.7875 0.05 0.06015625
1 0.57421875 0.2859375 0.1125 0.03125
0 0.6328125 0.584375 0.05234375 0.05859375
0 0.75546875 0.3828125 0.05390625 0.05703125
0 0.64921875 0.525 0.05703125 0.0609375
2 0.425 0.68984375 0.07734375 0.1515625
0 0.69765625 0.64296875 0.04921875 0.05546875
1 0.38203125 0.521875 0.03046875 0.11171875
1 0.58046875 0.76328125 0.1140625 0.03671875
1 0.18203125 0.2875 0.103125 0.02421875
1 0.3296875 0.7640625 0.0390625 0.028125
1 0.7734375 0.50546875 0.025 0.04140625
1 0.771875 0.7046875 0.0234375 0.0390625
1 0.31640625 0.5953125 0.06015625 0.0171875
0 0.609375 0.41484375 0.059375 0.065625
1 0.35546875 0.28671875 0.03671875 0.02578125
2 0.284375 0.5234375 0.17890625 0.14296875
0 0.65 0.6203125 0.06015625 0.06171875