0 0.30078125 0.83046875 0.0953125 0.096875
2 0.45859375 0.61796875 0.1578125 0.12578125
1 0.92890625 0.371875 0.0453125 0.125
0 0.35078125 0.6375 0.07109375 0.06796875
0 0.28203125 0.69296875 0.08515625 0.0890625
1 0.93046875 0.68359375 0.04296875 0.1234375
1 0.278125 0.18828125 0.115625 0.0359375
0 0.49453125 0.71953125 0.0875 0.08046875
2 0.1515625 0.70703125 0.18203125 0.3140625
0 0.70234375 0.43671875 0.0828125 0.084375
0 0.51015625 0.1421875 0.07109375 0.075
2 0.7359375 0.71875 0.39296875 0.334375
0 0.509375 0.23359375 0.071875 0.08828125
1 0.7859375 0.1875 0.11015625 0.03046875
2 0.43984375 0.77578125 0.1953125 0.20546875
2 0.79453125 0.38125 0.2703125 0.375
1 0.196875 0.87890625 0.0609375 0.03828125
2 0.36171875 0.37421875 0.5984375 0.33046875