2 0.678125 0.51640625 0.28515625 0.19296875
2 0.665625 0.76875 0.215625 0.11640625
0 0.76796875 0.46953125 0.11015625 0.0640625
2 0.71640625 0.8828125 0.1203125 0.11171875
2 0.30234375 0.4734375 0.4890625 0.13515625
0 0.58046875 0.471875 0.10390625 0.06328125
2 0.7515625 0.6703125 0.07734375 0.078125
2 0.50078125 0.809375 0.109375 0.06640625
2 0.8515625 0.47109375 0.08515625 0.08984375
0 0.4 0.6484375 0.0734375 0.059375
0 0.29609375 0.57265625 0.08515625 0.05703125
0 0.30234375 0.653125 0.08359375 0.05625
1 0.659375 0.40859375 0.10625 0.04375
0 0.88984375 0.596875 0.096875 0.078125
0 0.67109375 0.6765625 0.09921875 0.06328125
2 0.178125 0.57890625 0.15234375 0.0609375
2 0.50390625 0.74296875 0.1140625 0.06796875
1 0.73515625 0.03671875 0.171875 0.0578125
0 0.50390625 0.6578125 0.0765625 0.05546875
0 0.88046875 0.66484375 0.09296875 0.06796875
1 0.2921875 0.03828125 0.175 0.05703125
2 0.4875 0.5921875 0.09765625 0.0796875
1 0.31796875 0.96171875 0.1578125 0.0359375
0 0.5078125 0.67890625 0.08046875 0.046875
1 0.5609375 0.97265625 0.0875 0.015625
1 0.54140625 0.29453125 0.03984375 0.09140625
1 0.14609375 0.86015625 0.034375 0.075
0 0.6125 0.8625 0.09765625 0.05078125
1 0.06171875 0.60625 0.0390625 0.01484375
1 0.14453125 0.70703125 0.034375 0.07578125
2 0.3015625 0.2171875 0.4921875 0.34453125
2 0.765625 0.21953125 0.4359375 0.34453125