2 0.57578125 0.74921875 0.09921875 0.14140625
2 0.53046875 0.51484375 0.18671875 0.1640625
2 0.6984375 0.77578125 0.134375 0.0875
0 0.35625 0.315625 0.05234375 0.07265625
0 0.45703125 0.83984375 0.059375 0.046875
0 0.4765625 0.6109375 0.05234375 0.03984375
0 0.55625 0.6640625 0.05625 0.04140625
2 0.51640625 0.30625 0.171875 0.1265625
1 0.50703125 0.24296875 0.09140625 0.0234375
0 0.68203125 0.578125 0.053125 0.040625
1 0.759375 0.70390625 0.02578125 0.05
2 0.69140625 0.66328125 0.1359375 0.1359375
0 0.60234375 0.63984375 0.05234375 0.034375
1 0.27578125 0.31640625 0.11796875 0.0234375
0 0.72421875 0.715625 0.053125 0.03671875
0 0.4125 0.38828125 0.053125 0.0390625
1 0.2046875 0.76328125 0.03359375 0.0765625
1 0.309375 0.82421875 0.090625 0.021875
1 0.20234375 0.5125 0.03984375 0.11640625
1 0.6265625 0.5 0.025 0.05
0 0.45625 0.78203125 0.05859375 0.04453125
1 0.20546875 0.6625 0.028125 0.028125
2 0.31015625 0.71875 0.22265625 0.19453125
1 0.559375 0.8234375 0.0390625 0.0171875
2 0.684375 0.63125 0.121875 0.0625
2 0.44140625 0.04765625 0.075 0.028125
2 0.66171875 0.046875 0.1265625 0.0265625
1 0.20078125 0.35546875 0.02421875 0.03125
2 0.4953125 0.046875 0.065625 0.0234375
2 0.85390625 0.0453125 0.24296875 0.05