2 0.78515625 0.74140625 0.35078125 0.37265625
2 0.23671875 0.76875 0.3546875 0.29453125
0 0.66015625 0.6171875 0.11171875 0.06875
2 0.746875 0.3375 0.459375 0.4375
2 0.33203125 0.58671875 0.18671875 0.09375
0 0.5609375 0.0984375 0.125 0.16015625
0 0.54609375 0.7796875 0.134375 0.0984375
0 0.2859375 0.27734375 0.1203125 0.0796875
0 0.46328125 0.59921875 0.11171875 0.06640625
1 0.38671875 0.1109375 0.1875 0.034375
2 0.184375 0.4734375 0.18671875 0.12890625
0 0.54765625 0.94375 0.1453125 0.10234375
0 0.3828125 0.66484375 0.11484375 0.07109375
1 0.7828125 0.1140625 0.209375 0.04453125
1 0.2734375 0.9109375 0.19296875 0.04140625
0 0.134375 0.38515625 0.10078125 0.06875
1 0.834375 0.9109375 0.190625 0.0421875
2 0.48671875 0.38359375 0.11328125 0.2015625
2 0.42421875 0.3296875 0.2375 0.37421875