2 0.40546875 0.18828125 0.12890625 0.2640625
2 0.21875 0.2671875 0.22734375 0.39921875
2 0.50859375 0.58359375 0.10625 0.234375
2 0.221875 0.6578125 0.228125 0.39921875
0 0.83359375 0.3875 0.05859375 0.096875
0 0.37421875 0.81484375 0.06328125 0.11171875
0 0.40546875 0.36015625 0.0484375 0.08828125
0 0.771875 0.38828125 0.06171875 0.096875
0 0.83203125 0.78984375 0.05859375 0.09453125
0 0.53671875 0.91953125 0.05625 0.08828125
2 0.61484375 0.9328125 0.1140625 0.134375
0 0.49921875 0.39453125 0.06015625 0.09609375
0 0.3078125 0.58046875 0.05625 0.08359375
0 0.78046875 0.7890625 0.0453125 0.0875
2 0.6921875 0.93359375 0.04140625 0.13125
2 0.6703125 0.675 0.2375 0.3984375
2 0.74140625 0.934375 0.1234375 0.13125
1 0.10859375 0.2734375 0.025 0.1796875
2 0.50546875 0.84609375 0.109375 0.271875
0 0.734375 0.81640625 0.03984375 0.05625
1 0.10703125 0.67890625 0.025 0.1625
2 0.6296875 0.265625 0.31484375 0.40546875
1 0.8015625 0.946875 0.0203125 0.10234375