2 0.9046875 0.471875 0.12578125 0.2359375
2 0.9046875 0.24453125 0.1265625 0.23515625
2 0.6296875 0.2453125 0.1359375 0.225
2 0.49609375 0.36953125 0.075 0.1609375
2 0.3 0.790625 0.08671875 0.1859375
2 0.471875 0.2125 0.12265625 0.1484375
2 0.06875 0.47890625 0.12265625 0.240625
2 0.6328125 0.4734375 0.1453125 0.23125
2 0.39453125 0.24375 0.0328125 0.09453125
2 0.43515625 0.50703125 0.05 0.16015625
0 0.68203125 0.38515625 0.03671875 0.06328125
0 0.35703125 0.74375 0.0375 0.06484375
2 0.81328125 0.5 0.06484375 0.16640625
0 0.85703125 0.384375 0.03515625 0.06328125
0 0.39296875 0.31484375 0.03359375 0.0671875
0 0.753125 0.39296875 0.03671875 0.07265625
0 0.43671875 0.3125 0.0328125 0.06171875
0 0.68125 0.32265625 0.0390625 0.06953125
0 0.4453125 0.37734375 0.03515625 0.06484375
0 0.8578125 0.32265625 0.0375 0.065625
0 0.7515625 0.0953125 0.0359375 0.0734375
0 0.43828125 0.10078125 0.034375 0.0703125
2 0.29375 0.4890625 0.1 0.1984375
2 0.19296875 0.4828125 0.115625 0.21640625
0 0.36484375 0.61796875 0.03671875 0.07578125
0 0.071875 0.32890625 0.0375 0.07578125
1 0.96484375 0.51015625 0.01875 0.11171875
2 0.75078125 0.24921875 0.1296875 0.23828125
0 0.8 0.39296875 0.03515625 0.0703125
2 0.50546875 0.5203125 0.04296875 0.128125
2 0.75 0.50078125 0.0671875 0.16875
0 0.11640625 0.39453125 0.03203125 0.05546875
1 0.56484375 0.2015625 0.01640625 0.10234375
1 0.925 0.12734375 0.0546875 0.0296875
1 0.609375 0.12734375 0.03046875 0.0296875
1 0.134375 0.471875 0.01640625 0.10078125
1 0.5328125 0.2140625 0.01328125 0.0578125
1 0.3203125 0.13203125 0.02734375 0.02421875
1 0.18828125 0.59140625 0.053125 0.0296875
1 0.5640625 0.50859375 0.01640625 0.0609375
0 0.39609375 0.51484375 0.0328125 0.065625
0 0.80234375 0.1765625 0.02265625 0.0390625
0 0.4734375 0.4375 0.02578125 0.04609375
2 0.06953125 0.225 0.1328125 0.209375
1 0.184375 0.12890625 0.059375 0.02734375
2 0.28671875 0.20625 0.11328125 0.13359375
1 0.7203125 0.12734375 0.03046875 0.02578125
0 0.81953125 0.1765625 0.025 0.0375
1 0.53203125 0.39609375 0.009375 0.03984375
2 0.39296875 0.171875 0.034375 0.0546875
1 0.34140625 0.8171875 0.01484375 0.08828125
0 0.36875 0.184375 0.01953125 0.0359375
2 0.82578125 0.165625 0.034375 0.059375
1 0.80546875 0.12734375 0.025 0.0203125
1 0.621875 0.5859375 0.0515625 0.02890625
2 0.36875 0.171875 0.0484375 0.053125
0 0.378125 0.18125 0.02734375 0.0375
0 0.36484375 0.1765625 0.03125 0.0484375