2 0.46171875 0.7875 0.23828125 0.28203125
2 0.4390625 0.22578125 0.2921875 0.2609375
2 0.45859375 0.50703125 0.2390625 0.28125
2 0.134375 0.23125 0.17265625 0.26171875
2 0.21328125 0.59609375 0.0875 0.10390625
2 0.1421875 0.4546875 0.19609375 0.16328125
0 0.20859375 0.50625 0.0578125 0.0734375
2 0.1078125 0.59609375 0.12421875 0.109375
0 0.4015625 0.68046875 0.04921875 0.0796875
0 0.26328125 0.31796875 0.04296875 0.0578125
0 0.109375 0.51875 0.04921875 0.05703125
0 0.3640625 0.3296875 0.04609375 0.065625
1 0.578125 0.76875 0.040625 0.2015625
1 0.58046875 0.23046875 0.0328125 0.1734375
1 0.046875 0.2359375 0.03046875 0.16171875
1 0.5765625 0.5421875 0.03671875 0.15859375
0 0.19921875 0.3328125 0.05703125 0.07109375
0 0.603125 0.4234375 0.05703125 0.0734375
1 0.04375 0.56640625 0.028125 0.05546875
0 0.271875 0.578125 0.03671875 0.04921875
1 0.41875 0.9265625 0.0484375 0.02890625
0 0.31640625 0.50625 0.040625 0.0640625
1 0.509375 0.9265625 0.12734375 0.0328125
1 0.496875 0.6484375 0.16015625 0.0375
1 0.04453125 0.48125 0.02421875 0.121875
2 0.284375 0.45078125 0.1265625 0.16796875