2 0.1796875 0.3046875 0.1078125 0.22421875
2 0.4140625 0.3828125 0.184375 0.19296875
2 0.45703125 0.5375 0.09140625 0.11875
2 0.7484375 0.2984375 0.13125 0.196875
2 0.09609375 0.303125 0.0671875 0.2265625
2 0.59375 0.3421875 0.18671875 0.278125
2 0.89765625 0.28984375 0.153125 0.17109375
2 0.90078125 0.6734375 0.146875 0.1921875
2 0.12734375 0.590625 0.1421875 0.3609375
2 0.1296875 0.7953125 0.10703125 0.0875
0 0.5203125 0.68984375 0.0453125 0.06328125
0 0.48828125 0.32109375 0.0421875 0.05703125
2 0.81484375 0.5296875 0.06796875 0.10390625
0 0.3859375 0.78359375 0.040625 0.06171875
1 0.5859375 0.76328125 0.07578125 0.03125
0 0.815625 0.5984375 0.03359375 0.0546875
2 0.5953125 0.61953125 0.184375 0.2828125
2 0.90859375 0.478125 0.1265625 0.20234375
0 0.8625 0.6046875 0.04375 0.06015625
0 0.77578125 0.62265625 0.0390625 0.06171875
0 0.86328125 0.4390625 0.046875 0.059375
0 0.70703125 0.790625 0.04375 0.06640625
0 0.390625 0.4640625 0.04453125 0.08984375
1 0.96953125 0.48359375 0.0234375 0.10234375
2 0.45625 0.67890625 0.09140625 0.15625
1 0.06484375 0.33359375 0.02109375 0.07265625
0 0.3890625 0.6578125 0.040625 0.0625
0 0.70703125 0.67578125 0.04296875 0.0671875
1 0.9015625 0.76640625 0.06171875 0.03203125
1 0.90234375 0.2 0.0625 0.0328125
1 0.0640625 0.61875 0.021875 0.0703125
1 0.0640625 0.475 0.02109375 0.06796875
1 0.4046875 0.284375 0.0671875 0.0265625
2 0.3703125 0.5546875 0.084375 0.1546875
1 0.75390625 0.1984375 0.0609375 0.0328125
1 0.63515625 0.1984375 0.05234375 0.02734375
1 0.42890625 0.76171875 0.040625 0.028125
2 0.34375 0.7015625 0.0515625 0.13046875
0 0.396875 0.50625 0.0359375 0.05234375
0 0.10390625 0.17109375 0.04140625 0.06484375
0 0.79453125 0.3453125 0.0421875 0.07890625
2 0.78984375 0.70625 0.06875 0.12265625
0 0.84765625 0.340625 0.0515625 0.053125
1 0.325 0.52109375 0.0203125 0.04609375
1 0.196875 0.1921875 0.04375 0.02734375
1 0.58984375 0.19921875 0.05234375 0.0265625
1 0.5421875 0.20078125 0.053125 0.02578125
0 0.38046875 0.684375 0.0359375 0.0484375
2 0.24140625 0.5921875 0.084375 0.3703125
0 0.24765625 0.30859375 0.034375 0.05546875
0 0.5984375 0.85078125 0.03046875 0.040625
2 0.76484375 0.515625 0.1625 0.26328125