2 0.6578125 0.5 0.16328125 0.23984375
2 0.58125 0.2203125 0.3109375 0.31640625
2 0.90078125 0.7328125 0.10078125 0.2359375
2 0.209375 0.61171875 0.31484375 0.47578125
2 0.321875 0.21796875 0.2171875 0.31875
0 0.265625 0.3328125 0.08828125 0.11953125
2 0.834375 0.3015625 0.240625 0.49765625
0 0.47265625 0.3328125 0.0890625 0.1171875
0 0.6765625 0.9078125 0.08828125 0.1265625
0 0.81953125 0.71953125 0.07578125 0.11484375
0 0.77265625 0.571875 0.078125 0.11484375
0 0.68671875 0.66015625 0.07265625 0.10625
1 0.325 0.053125 0.09296875 0.053125
1 0.82890625 0.05625 0.1171875 0.053125
1 0.053125 0.6453125 0.0484375 0.22265625
1 0.5828125 0.0546875 0.11328125 0.05546875
0 0.16484375 0.315625 0.08984375 0.128125
1 0.2109375 0.21484375 0.04609375 0.315625
1 0.09296875 0.37421875 0.075 0.0390625
1 0.16796875 0.375 0.08359375 0.03828125
2 0.45703125 0.48828125 0.2 0.20703125
2 0.884375 0.55625 0.1359375 0.11015625