2 0.73359375 0.7703125 0.3296875 0.240625
2 0.31171875 0.8375 0.18046875 0.11328125
2 0.11640625 0.72265625 0.1828125 0.12421875
0 0.52578125 0.3296875 0.11015625 0.10390625
2 0.66015625 0.61796875 0.1703125 0.07734375
2 0.31171875 0.72421875 0.18359375 0.12421875
2 0.125 0.8375 0.19140625 0.11171875
0 0.46015625 0.90859375 0.1125 0.06171875
0 0.62265625 0.684375 0.12109375 0.05703125
0 0.46328125 0.8 0.10390625 0.05703125
0 0.353125 0.76328125 0.08046875 0.0453125
0 0.078125 0.7640625 0.08046875 0.04609375
0 0.434375 0.75234375 0.09375 0.04765625
2 0.575 0.46171875 0.68984375 0.2359375
1 0.34140625 0.3296875 0.2203125 0.0359375
0 0.78203125 0.671875 0.0953125 0.04765625
0 0.54453125 0.62734375 0.09765625 0.046875
2 0.7609375 0.94453125 0.24921875 0.10703125
2 0.95 0.95546875 0.0921875 0.0859375
1 0.73046875 0.3265625 0.3140625 0.02890625
2 0.946875 0.86640625 0.10390625 0.096875
2 0.8203125 0.61875 0.153125 0.07734375
1 0.73671875 0.89140625 0.15859375 0.03125
2 0.4875 0.85390625 0.17890625 0.06484375
0 0.31484375 0.72578125 0.1765625 0.1234375
1 0.09921875 0.3328125 0.1890625 0.02578125
0 0.65625 0.6171875 0.171875 0.07734375