2 0.809375 0.425 0.24140625 0.15859375
2 0.109375 0.546875 0.1359375 0.12578125
2 0.621875 0.7203125 0.1390625 0.271875
2 0.46328125 0.74921875 0.18515625 0.19375
2 0.5921875 0.4640625 0.1953125 0.225
2 0.21484375 0.53203125 0.0734375 0.09609375
0 0.528125 0.6734375 0.0515625 0.06171875
2 0.09609375 0.41640625 0.11640625 0.12734375
0 0.10546875 0.6359375 0.046875 0.05625
0 0.57890625 0.6078125 0.0515625 0.06015625
0 0.321875 0.87421875 0.05703125 0.06875
0 0.3203125 0.77578125 0.05703125 0.06484375
0 0.209375 0.1515625 0.053125 0.0671875
0 0.51875 0.5515625 0.05546875 0.0625
0 0.4125 0.6 0.046875 0.05625
0 0.7578125 0.31953125 0.05390625 0.05859375
0 0.39375 0.790625 0.05625 0.06171875
0 0.12265625 0.32890625 0.05 0.06015625
1 0.14609375 0.1203125 0.071875 0.03046875
1 0.49453125 0.2265625 0.0328125 0.084375
0 0.15703125 0.54765625 0.05 0.053125
1 0.93203125 0.634375 0.021875 0.07890625
2 0.21484375 0.6015625 0.071875 0.04765625
0 0.21015625 0.09375 0.0515625 0.0609375
2 0.27421875 0.79765625 0.04140625 0.09921875
2 0.15625 0.79921875 0.18984375 0.09921875
1 0.4 0.125 0.06953125 0.03203125
1 0.33359375 0.12265625 0.06484375 0.034375
1 0.1515625 0.85078125 0.06953125 0.025
1 0.44140625 0.84921875 0.06953125 0.025
1 0.60625 0.85234375 0.0671875 0.025
2 0.040625 0.24375 0.04375 0.0328125
2 0.21796875 0.4125 0.0625 0.13046875
2 0.04453125 0.29453125 0.04140625 0.084375
1 0.5984375 0.3484375 0.06875 0.0265625
0 0.77734375 0.88671875 0.06640625 0.07578125
0 0.21484375 0.88984375 0.04140625 0.04453125
0 0.84921875 0.8875 0.071875 0.07734375
1 0.034375 0.52890625 0.01953125 0.06171875
2 0.15546875 0.21015625 0.17890625 0.16875
1 0.26015625 0.9734375 0.04453125 0.0203125