2 0.52578125 0.45703125 0.1875 0.25390625
2 0.34296875 0.45703125 0.1890625 0.2515625
2 0.153125 0.45546875 0.19921875 0.25703125
2 0.8203125 0.2671875 0.26640625 0.48671875
2 0.17109375 0.80859375 0.23125 0.27890625
2 0.865625 0.82578125 0.1796875 0.25390625
2 0.3203125 0.7421875 0.071875 0.14453125
2 0.5359375 0.83671875 0.08828125 0.11015625
2 0.553125 0.72421875 0.13828125 0.11953125
2 0.7046875 0.64296875 0.159375 0.27265625
2 0.41328125 0.81875 0.16328125 0.28203125
0 0.66953125 0.81015625 0.078125 0.084375
0 0.2203125 0.54609375 0.06171875 0.0765625
0 0.4625 0.55078125 0.05546875 0.075
1 0.18203125 0.328125 0.1140625 0.03828125
0 0.4203125 0.69609375 0.0546875 0.0703125
1 0.50703125 0.328125 0.10390625 0.0359375
2 0.12109375 0.62421875 0.13515625 0.08984375
0 0.66953125 0.90703125 0.08046875 0.08828125
0 0.6515625 0.3265625 0.06484375 0.12890625
1 0.68671875 0.12578125 0.040625 0.140625
1 0.34453125 0.32890625 0.12109375 0.03828125
0 0.46796875 0.86328125 0.0671875 0.06328125
0 0.403125 0.54921875 0.059375 0.06953125
0 0.2109375 0.6234375 0.06796875 0.0578125
0 0.25234375 0.69765625 0.05625 0.07109375
0 0.3046875 0.69140625 0.04609375 0.05859375
0 0.475 0.70234375 0.0546875 0.0640625
0 0.74921875 0.7484375 0.07265625 0.07890625
1 0.18515625 0.953125 0.11875 0.03046875
2 0.74453125 0.8265625 0.07265625 0.09375
1 0.43125 0.95078125 0.11484375 0.0328125
0 0.434375 0.55 0.121875 0.07578125
2 0.846875 0.6125 0.20546875 0.20625