2 0.38828125 0.90625 0.096875 0.15
2 0.30546875 0.68828125 0.31484375 0.2921875
2 0.596875 0.915625 0.1375 0.16875
0 0.6546875 0.53828125 0.05859375 0.121875
0 0.1171875 0.47265625 0.06015625 0.1140625
2 0.8046875 0.28671875 0.325 0.39453125
0 0.5828125 0.4078125 0.0515625 0.103125
0 0.49453125 0.40625 0.05 0.10703125
0 0.1765625 0.47421875 0.06171875 0.11328125
0 0.65546875 0.421875 0.0625 0.121875
2 0.309375 0.3203125 0.3140625 0.45234375
2 0.61328125 0.23515625 0.10625 0.27265625
2 0.5078125 0.23125 0.1015625 0.2640625
0 0.48359375 0.67109375 0.0578125 0.10546875
2 0.80390625 0.65078125 0.33671875 0.34765625
0 0.49609375 0.80625 0.06875 0.2359375
2 0.2796875 0.8828125 0.1015625 0.09765625
0 0.246875 0.90234375 0.02890625 0.05078125
2 0.28828125 0.95859375 0.0890625 0.07578125
0 0.6171875 0.41015625 0.12109375 0.10546875