2 0.22109375 0.646875 0.17890625 0.08828125
2 0.28828125 0.77109375 0.3203125 0.16328125
2 0.715625 0.7265625 0.23984375 0.25234375
2 0.91796875 0.72734375 0.1640625 0.24453125
2 0.725 0.3453125 0.221875 0.10234375
0 0.6328125 0.665625 0.0890625 0.05078125
2 0.24609375 0.3203125 0.23046875 0.1359375
0 0.41328125 0.72578125 0.0859375 0.0546875
2 0.75390625 0.45546875 0.13671875 0.1140625
1 0.30859375 0.853125 0.1171875 0.02265625
0 0.72265625 0.27109375 0.08828125 0.05546875
0 0.34609375 0.66328125 0.09140625 0.0515625
2 0.0640625 0.34453125 0.128125 0.10703125
2 0.05703125 0.54921875 0.1140625 0.0984375
2 0.91796875 0.50234375 0.16328125 0.19765625
0 0.72734375 0.37421875 0.0875 0.0546875
0 0.49765625 0.87421875 0.08828125 0.05625
1 0.20859375 0.39609375 0.14296875 0.03046875
2 0.7546875 0.5609375 0.14296875 0.07265625
0 0.3171875 0.37109375 0.08671875 0.05078125
1 0.940625 0.85078125 0.11875 0.02265625
1 0.74140625 0.8515625 0.11328125 0.0234375
1 0.45703125 0.29296875 0.12578125 0.02109375
1 0.94921875 0.396875 0.10078125 0.025
1 0.378125 0.33984375 0.04453125 0.090625
0 0.02890625 0.4796875 0.0578125 0.04765625
2 0.05703125 0.45078125 0.1140625 0.103125
1 0.046875 0.8546875 0.09375 0.02109375
0 0.496875 0.796875 0.09140625 0.05859375
2 0.5203125 0.80390625 0.15 0.075
2 0.52421875 0.434375 0.3140625 0.27734375
0 0.72421875 0.3453125 0.22578125 0.1046875
2 0.04609375 0.9359375 0.0921875 0.125
2 0.92109375 0.93203125 0.1578125 0.134375
0 0.0515625 0.4609375 0.103125 0.0875
0 0.65546875 0.32109375 0.0796875 0.05078125