2 0.7046875 0.52890625 0.30625 0.08046875
2 0.6453125 0.3359375 0.4953125 0.30234375
0 0.6 0.59453125 0.10859375 0.0640625
2 0.27265625 0.35859375 0.26484375 0.359375
0 0.32421875 0.51640625 0.103125 0.06171875
2 0.24921875 0.6828125 0.23359375 0.14609375
0 0.48203125 0.18515625 0.1125 0.12265625
0 0.4015625 0.56875 0.0953125 0.053125
0 0.315625 0.734375 0.0953125 0.05625
0 0.690625 0.5890625 0.0828125 0.05234375
1 0.28125 0.18046875 0.225 0.0359375
0 0.3921875 0.690625 0.09296875 0.06171875
0 0.41953125 0.89921875 0.12265625 0.08046875
0 0.5140625 0.46328125 0.09140625 0.05546875
0 0.44453125 0.46328125 0.08828125 0.0578125
0 0.42265625 0.7890625 0.12421875 0.075
1 0.2984375 0.8703125 0.1171875 0.03046875
2 0.259375 0.5828125 0.23828125 0.0765625
2 0.3671875 0.4640625 0.08359375 0.05078125
1 0.67109375 0.18359375 0.2671875 0.0328125
2 0.24921875 0.8125 0.23203125 0.1171875
1 0.671875 0.87421875 0.203125 0.03125
2 0.06484375 0.77890625 0.1078125 0.04765625
2 0.06328125 0.82890625 0.115625 0.07421875
0 0.7078125 0.5296875 0.31171875 0.08203125
2 0.06796875 0.675 0.115625 0.1578125