2 0.14296875 0.71484375 0.22265625 0.390625
2 0.45703125 0.253125 0.096875 0.2890625
2 0.6734375 0.30859375 0.3453125 0.42265625
2 0.90234375 0.30625 0.12265625 0.43046875
0 0.22578125 0.5703125 0.05859375 0.08984375
2 0.1328125 0.4359375 0.21171875 0.17890625
0 0.621875 0.61953125 0.0640625 0.10625
0 0.87421875 0.4234375 0.0640625 0.0984375
0 0.4375 0.4265625 0.0453125 0.07734375
0 0.43984375 0.6515625 0.06953125 0.1546875
2 0.7265625 0.709375 0.246875 0.38203125
1 0.03515625 0.71796875 0.03671875 0.20546875
2 0.55234375 0.70703125 0.08828125 0.3265625
1 0.0328125 0.41953125 0.028125 0.1421875
0 0.225 0.46484375 0.06015625 0.09140625
2 0.56953125 0.86640625 0.04921875 0.0609375
2 0.334375 0.31875 0.15703125 0.4390625
2 0.14140625 0.2359375 0.228125 0.2125
0 0.6859375 0.57265625 0.065625 0.11875
2 0.109375 0.13515625 0.13984375 0.06328125
1 0.90234375 0.51875 0.09296875 0.0359375
1 0.034375 0.225 0.025 0.12109375