2 0.134375 0.25234375 0.13984375 0.23203125
2 0.58125 0.234375 0.15703125 0.1953125
2 0.9203125 0.2078125 0.0859375 0.18046875
2 0.134375 0.46953125 0.1390625 0.18203125
2 0.31796875 0.4953125 0.053125 0.12421875
2 0.30078125 0.20859375 0.1796875 0.14453125
0 0.25703125 0.31484375 0.0375 0.08125
0 0.52421875 0.29453125 0.040625 0.08203125
2 0.24921875 0.48984375 0.084375 0.12578125
0 0.30859375 0.40546875 0.03671875 0.0671875
0 0.86015625 0.171875 0.0421875 0.0765625
0 0.18984375 0.32421875 0.0359375 0.07109375
0 0.1890625 0.41171875 0.034375 0.06875
2 0.48359375 0.23671875 0.0390625 0.19140625
1 0.4421875 0.6703125 0.06875 0.046875
1 0.0625 0.3234375 0.0203125 0.08515625
2 0.42734375 0.2109375 0.07109375 0.14609375
1 0.06328125 0.41015625 0.01875 0.07265625
1 0.66015625 0.51484375 0.021875 0.20859375
1 0.66015625 0.29375 0.01953125 0.06875
1 0.6328125 0.6703125 0.04765625 0.03984375
1 0.96015625 0.36484375 0.02109375 0.1203125
2 0.70625 0.5390625 0.07890625 0.28984375
2 0.51328125 0.51171875 0.30078125 0.29765625
0 0.37421875 0.171875 0.0375 0.06796875
1 0.7265625 0.66953125 0.0359375 0.03515625