2 0.8140625 0.52890625 0.140625 0.14453125
2 0.8140625 0.71015625 0.1359375 0.21484375
2 0.81328125 0.38671875 0.1453125 0.14375
2 0.078125 0.2078125 0.1078125 0.20703125
2 0.7078125 0.75546875 0.0765625 0.11875
2 0.140625 0.7625 0.0625 0.103125
2 0.72109375 0.2125 0.09765625 0.21015625
2 0.37734375 0.77421875 0.09609375 0.09765625
0 0.77265625 0.84296875 0.03359375 0.0609375
2 0.165625 0.1984375 0.06953125 0.2015625
0 0.7609375 0.66484375 0.03671875 0.0578125
1 0.66640625 0.5921875 0.02109375 0.1203125
0 0.72265625 0.6765625 0.03515625 0.05390625
1 0.88359375 0.37265625 0.01875 0.10390625
2 0.80625 0.2109375 0.07265625 0.21015625
0 0.759375 0.428125 0.040625 0.06015625
1 0.88359375 0.50390625 0.01953125 0.10625
2 0.203125 0.65703125 0.0734375 0.1171875
0 0.0546875 0.8484375 0.04140625 0.07265625
0 0.76015625 0.484375 0.03828125 0.0546875
0 0.07578125 0.55703125 0.034375 0.053125
2 0.15703125 0.45 0.16796875 0.2796875
0 0.0734375 0.475 0.03359375 0.046875
1 0.24140625 0.3484375 0.01953125 0.0828125
2 0.2046875 0.7609375 0.06953125 0.10390625
0 0.05546875 0.73671875 0.03828125 0.06328125
1 0.85390625 0.82109375 0.04921875 0.0234375
0 0.58671875 0.6265625 0.03515625 0.053125
2 0.04453125 0.56328125 0.0390625 0.10859375
0 0.184375 0.7328125 0.0296875 0.04609375
1 0.02265625 0.665625 0.01953125 0.05859375
1 0.17421875 0.0953125 0.0359375 0.021875
1 0.240625 0.478125 0.01953125 0.0609375
1 0.1984375 0.13046875 0.01484375 0.05546875
0 0.1546875 0.675 0.03515625 0.05234375
1 0.13125 0.8171875 0.0375 0.02578125
0 0.5328125 0.20625 0.06875 0.2171875
1 0.0203125 0.35234375 0.0140625 0.040625
0 0.5859375 0.7609375 0.0421875 0.07109375
2 0.68828125 0.6796875 0.03671875 0.05703125
1 0.88203125 0.79765625 0.0171875 0.0359375
1 0.559375 0.85390625 0.01328125 0.109375
2 0.04296875 0.459375 0.03828125 0.09921875
1 0.68984375 0.8203125 0.02109375 0.0234375
1 0.240625 0.67734375 0.0171875 0.06796875
1 0.2 0.18359375 0.01640625 0.05625
0 0.2453125 0.67734375 0.02421875 0.06328125
0 0.5921875 0.690625 0.04765625 0.07578125
0 0.740625 0.6734375 0.06875 0.05625
0 0.2 0.23828125 0.01796875 0.05546875
2 0.49375 0.7109375 0.1203125 0.2546875
2 0.125 0.2 0.15 0.20625
1 0.459375 0.58671875 0.04765625 0.02421875
0 0.0453125 0.56484375 0.03984375 0.1046875
1 0.19921875 0.2375 0.01875 0.0515625
2 0.18515625 0.84921875 0.059375 0.05546875