2 0.3765625 0.57734375 0.08046875 0.09921875
2 0.14453125 0.68125 0.15078125 0.21484375
2 0.828125 0.65625 0.203125 0.26796875
0 0.3109375 0.8625 0.06015625 0.0578125
0 0.44453125 0.709375 0.06640625 0.06171875
0 0.38828125 0.39921875 0.06015625 0.0671875
0 0.690625 0.728125 0.0703125 0.07578125
0 0.68984375 0.103125 0.065625 0.06796875
0 0.38515625 0.1046875 0.0640625 0.06953125
0 0.30625 0.640625 0.06015625 0.0640625
2 0.3796875 0.70859375 0.08125 0.1703125
0 0.7578125 0.55703125 0.06328125 0.06015625
2 0.28125 0.59375 0.11015625 0.14453125
2 0.28203125 0.746875 0.109375 0.0890625
0 0.578125 0.55234375 0.05390625 0.05625
2 0.33515625 0.28828125 0.2203125 0.278125
2 0.515625 0.65234375 0.20234375 0.265625
0 0.38984375 0.5015625 0.0546875 0.05703125
0 0.04296875 0.70859375 0.0640625 0.06171875
1 0.29453125 0.1375 0.125 0.0390625
2 0.11171875 0.76640625 0.07890625 0.053125
2 0.1109375 0.078125 0.0921875 0.1
2 0.63359375 0.7203125 0.04765625 0.040625
2 0.90546875 0.859375 0.10234375 0.1390625
1 0.57265625 0.13828125 0.16875 0.03203125
0 0.990625 0.8609375 0.01875 0.034375
2 0.03203125 0.87734375 0.0640625 0.1765625
2 0.77421875 0.50546875 0.08359375 0.04375