2 0.36875 0.45703125 0.15 0.66328125
2 0.49140625 0.73046875 0.05234375 0.09375
2 0.5421875 0.73046875 0.053125 0.09453125
2 0.6640625 0.4515625 0.14765625 0.6609375
0 0.48984375 0.64609375 0.028125 0.0890625
2 0.21640625 0.45078125 0.1390625 0.4890625
0 0.54609375 0.64609375 0.028125 0.0890625
2 0.51953125 0.40859375 0.153125 0.575
0 0.1375 0.69140625 0.0328125 0.09453125
0 0.8984375 0.684375 0.03359375 0.09765625
2 0.54140625 0.0671875 0.04765625 0.08203125
2 0.178125 0.059375 0.05859375 0.11796875
2 0.8234375 0.41640625 0.12890625 0.4546875
0 0.13671875 0.0375 0.02734375 0.07421875
2 0.49296875 0.06484375 0.0484375 0.0890625
0 0.8984375 0.0375 0.03125 0.07421875
2 0.37109375 0.059375 0.1484375 0.11875
2 0.2390625 0.0609375 0.11640625 0.121875
0 0.546875 0.015625 0.01640625 0.03046875