2 0.4625 0.58203125 0.11796875 0.121875
2 0.11328125 0.26953125 0.16015625 0.38828125
2 0.87109375 0.42890625 0.134375 0.146875
2 0.73515625 0.5015625 0.153125 0.30625
0 0.4875 0.6984375 0.0703125 0.08984375
0 0.16328125 0.3296875 0.06640625 0.09296875
0 0.62890625 0.578125 0.06953125 0.09296875
0 0.68984375 0.79296875 0.071875 0.09296875
1 0.9421875 0.80078125 0.03515625 0.13515625
1 0.94765625 0.2 0.03515625 0.1625
0 0.54765625 0.5703125 0.05859375 0.08125
1 0.1953125 0.7546875 0.0390625 0.16640625
2 0.7984375 0.215625 0.2953125 0.2890625
0 0.8609375 0.32578125 0.0609375 0.0796875
1 0.93984375 0.5734375 0.04140625 0.10546875
1 0.1953125 0.209375 0.03828125 0.17734375
1 0.6609375 0.7078125 0.0234375 0.1015625
2 0.8046875 0.79765625 0.26875 0.23984375
2 0.31484375 0.79453125 0.253125 0.2421875
2 0.87265625 0.58046875 0.10859375 0.16953125
2 0.63046875 0.884375 0.04296875 0.05