2 0.75703125 0.30703125 0.14296875 0.3796875
2 0.63515625 0.25625 0.10234375 0.2734375
2 0.50078125 0.66484375 0.1 0.33359375
2 0.4140625 0.57109375 0.08125 0.15234375
2 0.41015625 0.7328125 0.07578125 0.171875
2 0.5921875 0.7578125 0.08125 0.159375
2 0.21796875 0.66796875 0.13984375 0.34609375
2 0.72265625 0.671875 0.221875 0.32578125
0 0.8578125 0.61484375 0.06484375 0.11015625
0 0.65859375 0.54765625 0.04609375 0.09765625
1 0.1421875 0.69296875 0.0390625 0.16875
0 0.42578125 0.15546875 0.0546875 0.15078125
1 0.83125 0.3265625 0.03359375 0.15234375
1 0.34453125 0.10703125 0.08671875 0.0578125
0 0.11796875 0.38203125 0.06796875 0.12265625
0 0.5515625 0.46171875 0.0578125 0.10390625
1 0.51953125 0.10546875 0.0859375 0.0546875
0 0.6484375 0.75078125 0.04453125 0.07890625
1 0.21953125 0.10390625 0.07890625 0.06015625
0 0.63203125 0.4375 0.04921875 0.09453125
0 0.35234375 0.5875 0.05546875 0.10625
1 0.771875 0.10703125 0.0859375 0.05234375
0 0.70859375 0.45078125 0.0515625 0.090625
1 0.6359375 0.1046875 0.0421875 0.05390625
2 0.084375 0.38984375 0.12890625 0.3875
2 0.4359375 0.30546875 0.2921875 0.38515625
0 0.2640625 0.7765625 0.0625 0.1015625
1 0.82890625 0.7421875 0.01953125 0.1625
2 0.8921875 0.66015625 0.128125 0.3578125
2 0.30859375 0.309375 0.3625 0.3890625
0 0.34453125 0.890625 0.05625 0.1265625
0 0.90859375 0.02578125 0.053125 0.05078125
1 0.88125 0.0296875 0.0140625 0.0296875
2 0.57109375 0.58984375 0.05859375 0.17890625
1 0.95 0.6046875 0.021875 0.17109375