2 0.30234375 0.20625 0.3796875 0.21015625
2 0.69609375 0.20078125 0.3796875 0.2046875
2 0.571875 0.0375 0.209375 0.0734375
2 0.1765625 0.40078125 0.10390625 0.05234375
2 0.178125 0.34296875 0.10390625 0.0640625
2 0.04921875 0.21796875 0.0984375 0.21171875
2 0.0453125 0.35546875 0.090625 0.0625
2 0.04609375 0.41328125 0.0921875 0.053125
2 0.0453125 0.46953125 0.090625 0.06328125
2 0.7796875 0.0359375 0.209375 0.0703125
0 0.32265625 0.83671875 0.08671875 0.05625
2 0.14375 0.04140625 0.21484375 0.0828125
0 0.671875 0.34921875 0.171875 0.1015625
2 0.35859375 0.040625 0.21796875 0.08046875
2 0.0546875 0.63125 0.109375 0.16171875
2 0.0453125 0.52734375 0.090625 0.05625
0 0.4375 0.8390625 0.075 0.04765625
2 0.94296875 0.203125 0.1140625 0.21484375
0 0.1 0.33515625 0.034375 0.0265625
2 0.17578125 0.45703125 0.096875 0.06015625
2 0.021875 0.0359375 0.04375 0.071875