2 0.70703125 0.53046875 0.30703125 0.14453125
2 0.7125 0.2234375 0.29296875 0.1859375
2 0.70390625 0.38671875 0.3078125 0.14453125
2 0.309375 0.80625 0.12265625 0.10546875
2 0.3921875 0.1953125 0.28828125 0.13046875
0 0.58984375 0.3375 0.07578125 0.04609375
0 0.46875 0.884375 0.08671875 0.05859375
0 0.58984375 0.57578125 0.078125 0.0453125
0 0.653125 0.77265625 0.084375 0.0578125
0 0.4078125 0.7765625 0.0828125 0.053125
1 0.240625 0.1953125 0.04765625 0.08046875
0 0.44765625 0.23671875 0.0796875 0.046875
1 0.8609375 0.38671875 0.03984375 0.08046875
0 0.56875 0.7765625 0.08359375 0.0515625
1 0.86171875 0.22578125 0.0421875 0.08203125
2 0.7625 0.7859375 0.18359375 0.14765625
1 0.24296875 0.4546875 0.04453125 0.09609375
1 0.8609375 0.5359375 0.0390625 0.08125
2 0.77421875 0.653125 0.15078125 0.0984375
2 0.58828125 0.2859375 0.0828125 0.0484375
1 0.553125 0.52578125 0.03046875 0.07109375
2 0.396875 0.6828125 0.3 0.13359375
0 0.1953125 0.53828125 0.065625 0.04453125
1 0.24140625 0.36171875 0.040625 0.09296875
1 0.24296875 0.54140625 0.0328125 0.05546875
2 0.521875 0.23671875 0.065625 0.0515625
0 0.5890625 0.28671875 0.084375 0.04765625
1 0.24296875 0.6921875 0.028125 0.0484375