2 0.68125 0.19375 0.1375 0.190625
2 0.3953125 0.2453125 0.09921875 0.10390625
2 0.5203125 0.19921875 0.18125 0.19765625
2 0.18515625 0.2 0.1828125 0.2
2 0.35625 0.146875 0.1234375 0.090625
2 0.30703125 0.2453125 0.07890625 0.10390625
0 0.709375 0.33203125 0.0453125 0.0734375
0 0.29296875 0.32734375 0.0421875 0.071875
2 0.79453125 0.18828125 0.09140625 0.165625
0 0.5875 0.26171875 0.04765625 0.06953125
0 0.4890625 0.77734375 0.04609375 0.084375
0 0.41640625 0.32734375 0.04375 0.0703125
0 0.6375 0.2625 0.0453125 0.07109375
2 0.7625 0.61796875 0.1375 0.23984375
0 0.24296875 0.26171875 0.04609375 0.0703125
1 0.096875 0.1984375 0.02421875 0.11171875
1 0.2046875 0.60546875 0.0265625 0.1375
0 0.79609375 0.26484375 0.04453125 0.06484375
1 0.696875 0.09375 0.0703125 0.03046875
0 0.70859375 0.5796875 0.040625 0.08359375
0 0.17578125 0.359375 0.03671875 0.07734375
1 0.63984375 0.746875 0.0859375 0.0359375
2 0.88515625 0.2140625 0.0890625 0.11015625
0 0.86015625 0.36015625 0.0390625 0.07109375
1 0.7578125 0.7484375 0.08046875 0.03671875
1 0.20625 0.36953125 0.0203125 0.096875
1 0.2640625 0.74765625 0.0828125 0.034375
1 0.5703125 0.09375 0.06015625 0.028125
1 0.37734375 0.74765625 0.090625 0.03671875
0 0.38046875 0.0609375 0.0390625 0.0609375
0 0.7078125 0.625 0.040625 0.059375
2 0.55078125 0.5609375 0.040625 0.0265625
1 0.478125 0.91328125 0.07734375 0.0359375
1 0.68984375 0.60078125 0.01796875 0.11640625
2 0.4328125 0.66796875 0.05625 0.11796875
1 0.55625 0.74921875 0.0828125 0.03671875
2 0.74453125 0.47578125 0.05390625 0.04765625