2 0.63203125 0.3703125 0.1921875 0.2421875
2 0.61953125 0.73046875 0.16796875 0.225
2 0.25234375 0.7453125 0.25546875 0.1828125
2 0.25234375 0.36328125 0.25703125 0.22265625
2 0.44296875 0.409375 0.1171875 0.15859375
2 0.75 0.6046875 0.10078125 0.23515625
0 0.18671875 0.22265625 0.0546875 0.0703125
0 0.596875 0.22265625 0.06328125 0.0765625
1 0.64296875 0.84765625 0.1015625 0.04296875
0 0.2796875 0.64921875 0.05546875 0.0609375
1 0.3171875 0.84375 0.12265625 0.040625
2 0.58515625 0.553125 0.09765625 0.1234375
1 0.75703125 0.84453125 0.06015625 0.02890625
1 0.66796875 0.24921875 0.07578125 0.034375
2 0.7515625 0.77890625 0.08125 0.1265625
2 0.3390625 0.63671875 0.07109375 0.0875
0 0.66953125 0.61875 0.06015625 0.125
2 0.7609375 0.36953125 0.0703125 0.24453125
0 0.46640625 0.30625 0.05703125 0.07109375
0 0.46328125 0.5125 0.05546875 0.0671875
0 0.71328125 0.28671875 0.0484375 0.05078125
1 0.28359375 0.2515625 0.13828125 0.0359375
0 0.6703125 0.5171875 0.0484375 0.0609375
0 0.71328125 0.4625 0.046875 0.05625
1 0.7984375 0.6015625 0.02265625 0.046875
0 0.7234375 0.6953125 0.0484375 0.0546875
2 0.3359375 0.540625 0.06875 0.10625
0 0.4046875 0.53671875 0.0578125 0.071875
1 0.75 0.24765625 0.0390625 0.02578125
1 0.384375 0.81640625 0.0265625 0.04296875
0 0.6765625 0.58515625 0.05390625 0.06484375
1 0.4984375 0.409375 0.025 0.14921875
2 0.14609375 0.4328125 0.04140625 0.05390625