2 0.225 0.73203125 0.11015625 0.18359375
2 0.41796875 0.76171875 0.0859375 0.10859375
2 0.22265625 0.59140625 0.11484375 0.08984375
0 0.409375 0.27265625 0.065625 0.09296875
0 0.66953125 0.54140625 0.06953125 0.07734375
0 0.6125 0.8390625 0.059375 0.08671875
0 0.58515625 0.66640625 0.0625 0.08671875
0 0.34609375 0.6765625 0.05390625 0.06796875
2 0.20625 0.43359375 0.3359375 0.2109375
0 0.4296875 0.503125 0.06640625 0.07421875
0 0.84765625 0.33359375 0.06640625 0.0890625
0 0.19296875 0.6703125 0.05390625 0.071875
0 0.41796875 0.6625 0.059375 0.078125
0 0.303125 0.740625 0.05 0.0703125
0 0.303125 0.584375 0.05234375 0.06875
0 0.48203125 0.74140625 0.0546875 0.0578125
2 0.83984375 0.1890625 0.27421875 0.21953125
0 0.496875 0.6671875 0.06015625 0.078125
1 0.9734375 0.45078125 0.028125 0.1203125
2 0.6765625 0.37421875 0.0421875 0.08046875
2 0.3265625 0.7671875 0.09453125 0.1125
2 0.7421875 0.3625 0.06796875 0.11484375
2 0.096875 0.6359375 0.1015625 0.08828125
2 0.4984375 0.49453125 0.07734375 0.171875
2 0.84375 0.4609375 0.25625 0.284375
0 0.34296875 0.584375 0.053125 0.07265625
1 0.70234375 0.47109375 0.021875 0.07734375
1 0.62578125 0.071875 0.11015625 0.03359375
0 0.38359375 0.665625 0.12890625 0.07734375
2 0.01328125 0.57578125 0.02578125 0.165625
0 0.22421875 0.72734375 0.11484375 0.18984375
1 0.51640625 0.81484375 0.10546875 0.0296875