2 0.8734375 0.6234375 0.15 0.2234375
2 0.74609375 0.2359375 0.08046875 0.2125
2 0.25546875 0.21875 0.07578125 0.1765625
2 0.25078125 0.37265625 0.0875 0.134375
2 0.65 0.27734375 0.11875 0.29609375
2 0.8125 0.31875 0.053125 0.23046875
2 0.18359375 0.2125 0.06953125 0.17890625
2 0.64921875 0.58125 0.1203125 0.32109375
0 0.69140625 0.46328125 0.04140625 0.07890625
0 0.7375 0.309375 0.0359375 0.07578125
0 0.69140625 0.38359375 0.0390625 0.075
0 0.3078125 0.17109375 0.0375 0.0765625
0 0.42734375 0.37265625 0.04140625 0.084375
0 0.09140625 0.78359375 0.03984375 0.09453125
0 0.77109375 0.38203125 0.03671875 0.0796875
0 0.815625 0.55234375 0.0375 0.07578125
2 0.35 0.28125 0.1125 0.3046875
0 0.22578125 0.471875 0.0359375 0.08125
0 0.68515625 0.84609375 0.03984375 0.084375
1 0.5875 0.59140625 0.0171875 0.1125
1 0.40859375 0.23046875 0.0171875 0.11953125
0 0.2140625 0.7859375 0.0390625 0.0953125
0 0.18984375 0.47578125 0.034375 0.08203125
1 0.259375 0.83671875 0.01796875 0.08671875
1 0.80546875 0.8328125 0.0171875 0.084375
1 0.95546875 0.4296875 0.01796875 0.0921875
2 0.89609375 0.31875 0.11328125 0.39765625
2 0.3203125 0.58828125 0.16484375 0.3015625
1 0.5875 0.2796875 0.01875 0.11015625
0 0.1375 0.846875 0.040625 0.08515625
0 0.23203125 0.16875 0.0375 0.078125
0 0.815625 0.471875 0.03828125 0.06875
1 0.8484375 0.74453125 0.03125 0.040625
1 0.31328125 0.7453125 0.0515625 0.03515625
1 0.2625 0.125 0.0296875 0.03046875
1 0.9546875 0.2375 0.01640625 0.10625
1 0.409375 0.63671875 0.0171875 0.11171875
2 0.08046875 0.65546875 0.07734375 0.17890625
1 0.95546875 0.62109375 0.015625 0.096875
1 0.3609375 0.746875 0.05234375 0.034375
1 0.409375 0.5390625 0.0171875 0.1109375
0 0.0921875 0.59765625 0.03515625 0.0765625
1 0.040625 0.4828125 0.01640625 0.08359375
1 0.03984375 0.39296875 0.0171875 0.08359375
1 0.2203125 0.90078125 0.0484375 0.034375
2 0.190625 0.37109375 0.034375 0.1390625
0 0.36953125 0.446875 0.0484375 0.1171875
1 0.80703125 0.12265625 0.02890625 0.02734375
2 0.10859375 0.34296875 0.13125 0.43515625
1 0.734375 0.89921875 0.028125 0.034375
1 0.77890625 0.896875 0.02734375 0.0359375
1 0.1921875 0.9015625 0.03984375 0.0359375
2 0.20859375 0.82265625 0.103125 0.1609375