2 0.740625 0.31171875 0.2171875 0.365625
2 0.78515625 0.6140625 0.13046875 0.2328125
2 0.37109375 0.68125 0.3828125 0.37890625
0 0.51953125 0.53515625 0.0875 0.09609375
0 0.6890625 0.67734375 0.0734375 0.0828125
2 0.63671875 0.6078125 0.1671875 0.26328125
0 0.696875 0.76328125 0.06796875 0.071875
2 0.46953125 0.30859375 0.3421875 0.36875
0 0.67265625 0.440625 0.08203125 0.0984375
0 0.26796875 0.39140625 0.0828125 0.0921875
1 0.18359375 0.67421875 0.053125 0.2109375
0 0.6 0.44140625 0.08046875 0.09765625
2 0.63984375 0.80859375 0.05390625 0.09296875
2 0.23828125 0.3015625 0.1328125 0.37109375
1 0.7359375 0.12109375 0.15390625 0.04375
2 0.78671875 0.7875 0.13203125 0.125
0 0.3375 0.3921875 0.08984375 0.09609375
0 0.64453125 0.809375 0.0703125 0.10625
2 0.33828125 0.3921875 0.090625 0.09921875
1 0.30234375 0.221875 0.05 0.18203125