2 0.73125 0.6296875 0.2859375 0.16640625
0 0.75390625 0.51015625 0.103125 0.10390625
1 0.20625 0.03828125 0.15546875 0.0390625
1 0.5953125 0.03671875 0.153125 0.034375
1 0.07109375 0.20859375 0.059375 0.140625
0 0.82890625 0.803125 0.10859375 0.1046875
1 0.2046875 0.90234375 0.14765625 0.04296875
0 0.7609375 0.94140625 0.1109375 0.1046875
2 0.8390625 0.46875 0.0734375 0.1625
0 0.6453125 0.80390625 0.12890625 0.10234375
1 0.384375 0.90078125 0.15546875 0.0390625
1 0.68203125 0.90234375 0.0578125 0.03125
0 0.584375 0.51015625 0.0703125 0.071875
0 0.5671875 0.428125 0.10859375 0.09765625
2 0.64453125 0.80390625 0.128125 0.1046875