2 0.1796875 0.53515625 0.2484375 0.12421875
0 0.60546875 0.78984375 0.165625 0.078125
2 0.38203125 0.3375 0.6984375 0.28046875
2 0.90859375 0.53125 0.1828125 0.1140625
0 0.56640625 0.1796875 0.15 0.13515625
0 0.615625 0.89296875 0.171875 0.08984375
2 0.9015625 0.3296875 0.196875 0.296875
0 0.4703125 0.66328125 0.15625 0.06640625
1 0.27421875 0.865625 0.2359375 0.03359375
0 0.35390625 0.5578125 0.1296875 0.05625
0 0.57578125 0.553125 0.128125 0.053125
2 0.89765625 0.72578125 0.2046875 0.2859375
2 0.41953125 0.553125 0.2421875 0.16328125
2 0.90234375 0.12265625 0.1890625 0.10546875
2 0.290625 0.74140625 0.5015625 0.25234375
2 0.02890625 0.809375 0.0578125 0.10078125
0 0.40546875 0.553125 0.225 0.09921875
1 0.35234375 0.17890625 0.23125 0.0328125