2 0.64296875 0.74609375 0.1859375 0.26640625
2 0.09375 0.6265625 0.13359375 0.18203125
2 0.321875 0.15 0.32890625 0.2375
2 0.0953125 0.36171875 0.13125 0.1328125
2 0.09453125 0.15078125 0.12890625 0.21796875
2 0.22265625 0.83046875 0.12578125 0.075
0 0.2390625 0.5546875 0.0703125 0.07265625
2 0.08828125 0.81328125 0.14375 0.13046875
0 0.1390625 0.36875 0.05859375 0.05390625
0 0.13203125 0.5609375 0.05625 0.06484375
2 0.41015625 0.76953125 0.20859375 0.2203125
0 0.42890625 0.3234375 0.06328125 0.0703125
2 0.0953125 0.4734375 0.12890625 0.09921875
0 0.1375 0.690625 0.0515625 0.0359375
0 0.24609375 0.9140625 0.07421875 0.08359375
2 0.26953125 0.440625 0.2203125 0.29453125
0 0.58359375 0.6203125 0.06640625 0.06796875
1 0.6328125 0.875 0.13046875 0.03125
0 0.42890625 0.26015625 0.06328125 0.08203125
2 0.22734375 0.753125 0.1265625 0.08515625
1 0.3203125 0.58359375 0.1 0.02734375
1 0.4328125 0.87578125 0.0765625 0.028125
2 0.56328125 0.39296875 0.33671875 0.18203125
1 0.28125 0.28671875 0.1328125 0.0359375
0 0.13984375 0.2 0.04765625 0.0625