2 0.08984375 0.36640625 0.09921875 0.26171875
2 0.68046875 0.35 0.14765625 0.22265625
2 0.32890625 0.6734375 0.14140625 0.18203125
2 0.89921875 0.31484375 0.140625 0.1484375
2 0.29765625 0.53125 0.07890625 0.10546875
2 0.79453125 0.53671875 0.078125 0.16953125
2 0.91640625 0.43359375 0.10703125 0.0890625
0 0.24375 0.43125 0.04140625 0.0625
0 0.8484375 0.36328125 0.03984375 0.0671875
0 0.84921875 0.21171875 0.04375 0.065625
0 0.27734375 0.6078125 0.040625 0.0609375
0 0.23828125 0.709375 0.04140625 0.07109375
0 0.7328125 0.209375 0.0421875 0.06953125
0 0.73671875 0.39375 0.04296875 0.06328125
0 0.3578125 0.55625 0.03671875 0.05859375
0 0.16171875 0.2109375 0.0421875 0.07734375
2 0.4703125 0.50703125 0.06875 0.1734375
0 0.31171875 0.43359375 0.040625 0.06328125
0 0.24453125 0.5125 0.03984375 0.06015625
0 0.2390625 0.79921875 0.0390625 0.0640625
0 0.34609375 0.3796875 0.0390625 0.06015625
0 0.85390625 0.4453125 0.0375 0.059375
0 0.28203125 0.2109375 0.046875 0.0640625
2 0.09140625 0.65234375 0.10078125 0.20078125
2 0.0890625 0.52890625 0.08203125 0.0796875
1 0.03984375 0.30390625 0.02421875 0.12578125
1 0.0390625 0.66015625 0.021875 0.12109375
1 0.03828125 0.52421875 0.0234375 0.1171875
0 0.8515625 0.49609375 0.0328125 0.06796875
1 0.30546875 0.765625 0.05703125 0.03359375
1 0.075 0.2328125 0.06953125 0.03125
2 0.36328125 0.2953125 0.071875 0.121875
1 0.9203125 0.23984375 0.05390625 0.0265625
1 0.6875 0.2375 0.05390625 0.0265625
1 0.65859375 0.2390625 0.1015625 0.034375
2 0.3625 0.421875 0.0640625 0.12421875
1 0.609375 0.26171875 0.02265625 0.05078125
1 0.140625 0.7609375 0.04140625 0.03125
2 0.98828125 0.31796875 0.02265625 0.0453125