2 0.52109375 0.2140625 0.2453125 0.2546875
2 0.52578125 0.41484375 0.09609375 0.1484375
2 0.21328125 0.21796875 0.31640625 0.25
2 0.60859375 0.41484375 0.0640625 0.146875
0 0.80859375 0.44765625 0.078125 0.0921875
0 0.67109375 0.3953125 0.06875 0.06875
0 0.18125 0.45390625 0.065625 0.06875
0 0.4515625 0.3921875 0.06484375 0.06796875
0 0.3453125 0.29921875 0.0796875 0.0921875
0 0.334375 0.43671875 0.07421875 0.0796875
0 0.43203125 0.29765625 0.0765625 0.09375
2 0.1046875 0.42890625 0.103125 0.1359375
1 0.05546875 0.215625 0.04375 0.18515625
2 0.25234375 0.8296875 0.4078125 0.14453125
1 0.0546875 0.425 0.0296875 0.078125
2 0.77421875 0.27734375 0.2765625 0.39375
1 0.4828125 0.07734375 0.1546875 0.03125
1 0.0578125 0.834375 0.03125 0.075
2 0.22734375 0.41953125 0.15 0.1453125