2 0.89921875 0.53203125 0.11328125 0.2078125
2 0.26171875 0.296875 0.08359375 0.25390625
2 0.89921875 0.33125 0.11171875 0.18671875
2 0.35546875 0.6140625 0.08671875 0.16953125
2 0.32265625 0.371875 0.03828125 0.115625
2 0.7484375 0.3328125 0.0828125 0.1921875
2 0.815625 0.3015625 0.05859375 0.13203125
0 0.328125 0.45078125 0.025 0.0609375
2 0.17734375 0.25078125 0.0859375 0.15078125
0 0.37265625 0.4890625 0.028125 0.053125
0 0.32890625 0.5515625 0.02421875 0.053125
2 0.82421875 0.55625 0.0390625 0.1421875
2 0.37265625 0.2828125 0.07890625 0.22109375
0 0.29375 0.25703125 0.025 0.04921875
0 0.43046875 0.45 0.0234375 0.0546875
2 0.4390625 0.353125 0.05390625 0.14921875
0 0.8296875 0.46796875 0.0234375 0.0515625
0 0.36953125 0.40078125 0.0234375 0.05078125
0 0.815625 0.3828125 0.02265625 0.046875
0 0.478125 0.4578125 0.02421875 0.05
0 0.11328125 0.2375 0.02421875 0.05625
0 0.3015625 0.51328125 0.02109375 0.046875
1 0.15234375 0.696875 0.034375 0.0296875
0 0.7390625 0.71484375 0.02265625 0.05
2 0.428125 0.5640625 0.075 0.25390625
1 0.0546875 0.4921875 0.01171875 0.059375
0 0.85546875 0.4484375 0.02421875 0.0515625
1 0.42890625 0.69375 0.0328125 0.02734375
0 0.42265625 0.296875 0.02109375 0.0453125
1 0.0546875 0.375 0.01328125 0.06875
1 0.09296875 0.69453125 0.028125 0.0265625
1 0.3484375 0.69453125 0.03203125 0.025
1 0.09296875 0.2625 0.0234375 0.028125
1 0.1796875 0.16640625 0.03359375 0.0234375
2 0.140625 0.6078125 0.15390625 0.16640625
1 0.371875 0.16484375 0.034375 0.0265625
0 0.29140625 0.4015625 0.025 0.053125
1 0.26875 0.16640625 0.0390625 0.0234375
2 0.3171875 0.2484375 0.03046875 0.115625
0 0.9390625 0.46328125 0.0328125 0.065625
1 0.24921875 0.7015625 0.02734375 0.034375
0 0.85390625 0.396875 0.02421875 0.053125
2 0.440625 0.22890625 0.05 0.10234375
0 0.93828125 0.38671875 0.03359375 0.06796875
1 0.95703125 0.38671875 0.0109375 0.06484375
2 0.93828125 0.3859375 0.03359375 0.06875
2 0.615625 0.3015625 0.1625 0.26875
1 0.8953125 0.425 0.06875 0.02734375
2 0.0984375 0.35078125 0.09296875 0.16796875