2 0.87578125 0.203125 0.1921875 0.28671875
2 0.90078125 0.72109375 0.1421875 0.2953125
2 0.6734375 0.6 0.1421875 0.24921875
2 0.38515625 0.36640625 0.18984375 0.58828125
2 0.1765625 0.66171875 0.14453125 0.37109375
2 0.65234375 0.79375 0.10546875 0.14921875
2 0.18984375 0.2609375 0.1765625 0.43828125
2 0.9 0.51484375 0.1421875 0.12734375
2 0.2515625 0.796875 0.0890625 0.10859375
2 0.06328125 0.17265625 0.07734375 0.234375
1 0.60078125 0.5703125 0.02890625 0.09921875
0 0.1203125 0.16640625 0.0515625 0.06953125
0 0.72421875 0.69140625 0.04140625 0.06640625
1 0.10859375 0.74296875 0.0328125 0.1234375
2 0.7578125 0.79140625 0.11640625 0.14296875
0 0.80625 0.3109375 0.04453125 0.06953125
0 0.31171875 0.8046875 0.040625 0.0609375
0 0.2328125 0.7125 0.04453125 0.06640625
0 0.846875 0.63671875 0.04140625 0.08828125
1 0.91640625 0.86484375 0.08125 0.0421875
0 0.33515625 0.884375 0.04296875 0.071875
1 0.43984375 0.853125 0.05390625 0.034375
0 0.81484375 0.49375 0.04296875 0.0671875
2 0.4203125 0.75546875 0.09375 0.1765625
0 0.2703125 0.4078125 0.05546875 0.075
1 0.796875 0.86015625 0.06171875 0.03671875
1 0.02734375 0.13515625 0.02109375 0.11171875
2 0.7640625 0.68203125 0.03828125 0.0921875
2 0.934375 0.39921875 0.0609375 0.10546875
1 0.7828125 0.1921875 0.02578125 0.08828125
1 0.8203125 0.06015625 0.0703125 0.04453125
1 0.68515625 0.478125 0.059375 0.034375
1 0.23125 0.8546875 0.040625 0.03125
1 0.340625 0.06015625 0.0734375 0.0390625
2 0.88046875 0.4015625 0.103125 0.1171875
0 0.759375 0.47265625 0.034375 0.059375
1 0.653125 0.86171875 0.03984375 0.034375
1 0.290625 0.2890625 0.0296875 0.17265625
1 0.29140625 0.1890625 0.03671875 0.215625
1 0.17734375 0.478125 0.059375 0.03671875
0 0.878125 0.42578125 0.04375 0.07265625
1 0.20859375 0.04765625 0.1203125 0.0296875
1 0.83359375 0.7578125 0.0171875 0.15859375