2 0.59375 0.17109375 0.14296875 0.15390625
2 0.2296875 0.3203125 0.15859375 0.15078125
2 0.2515625 0.609375 0.140625 0.1640625
2 0.78046875 0.38671875 0.1046875 0.12578125
2 0.48515625 0.20234375 0.07734375 0.0875
2 0.4859375 0.128125 0.0765625 0.06328125
0 0.59765625 0.32890625 0.03125 0.0484375
2 0.37734375 0.1703125 0.1390625 0.153125
2 0.7296875 0.71796875 0.1015625 0.12890625
0 0.6015625 0.39296875 0.0328125 0.0421875
0 0.49921875 0.265625 0.03046875 0.0515625
2 0.5640625 0.37890625 0.09453125 0.1375
0 0.5484375 0.26640625 0.0328125 0.04921875
0 0.29765625 0.27421875 0.0328125 0.04765625
2 0.6125 0.278125 0.1015625 0.06640625
0 0.46015625 0.38671875 0.03515625 0.0875
0 0.71328125 0.60859375 0.03671875 0.053125
0 0.6265625 0.5578125 0.034375 0.06171875
0 0.7140625 0.48046875 0.03671875 0.05
0 0.5359375 0.121875 0.02890625 0.0453125
0 0.7140625 0.80859375 0.0359375 0.053125
2 0.2359375 0.4625 0.15859375 0.12578125
2 0.86015625 0.36796875 0.0578125 0.10625
1 0.15625 0.3171875 0.0203125 0.10703125
0 0.48125 0.553125 0.03671875 0.0484375
1 0.78359375 0.31875 0.0453125 0.021875
1 0.62890625 0.08984375 0.04375 0.0234375
2 0.38046875 0.38671875 0.134375 0.2828125
1 0.4140625 0.0890625 0.0453125 0.02109375
1 0.5625 0.08984375 0.04375 0.02265625
0 0.87265625 0.4359375 0.02421875 0.03671875
0 0.33671875 0.61953125 0.0375 0.0453125
2 0.83046875 0.6640625 0.1078125 0.24375
2 0.6375 0.36796875 0.05078125 0.11796875
1 0.88984375 0.4671875 0.01796875 0.06328125
2 0.81171875 0.4890625 0.03984375 0.07578125
1 0.15390625 0.4515625 0.01796875 0.09140625
1 0.34609375 0.08828125 0.0421875 0.01953125
1 0.2484375 0.690625 0.0703125 0.02578125
1 0.89140625 0.371875 0.01484375 0.06328125
1 0.675 0.7 0.0171875 0.0546875
1 0.44609375 0.45859375 0.01171875 0.0515625
2 0.78125 0.5046875 0.03125 0.0390625
0 0.37734375 0.26484375 0.05859375 0.053125
1 0.559375 0.53515625 0.0453125 0.0203125
0 0.78203125 0.50546875 0.03125 0.03984375
1 0.81015625 0.9625 0.0328125 0.05
1 0.3921875 0.53125 0.0828125 0.0234375
2 0.684375 0.28984375 0.02265625 0.040625
1 0.675 0.74375 0.01640625 0.08203125
1 0.6671875 0.2078125 0.01953125 0.0328125