2 0.7296875 0.56796875 0.203125 0.178125
2 0.7296875 0.32734375 0.20078125 0.296875
2 0.73359375 0.7421875 0.20234375 0.17421875
2 0.59453125 0.25546875 0.0734375 0.1671875
2 0.90546875 0.16015625 0.1375 0.1953125
2 0.43203125 0.43828125 0.2625 0.1765625
2 0.4765625 0.25234375 0.16796875 0.1609375
0 0.9453125 0.28828125 0.0515625 0.08125
0 0.653125 0.3875 0.05703125 0.08359375
0 0.58125 0.365625 0.04140625 0.0640625
0 0.41171875 0.36328125 0.0390625 0.06953125
0 0.59453125 0.703125 0.053125 0.07578125
2 0.34765625 0.25625 0.08984375 0.15546875
0 0.540625 0.30078125 0.0484375 0.065625
0 0.64921875 0.68984375 0.05078125 0.07109375
0 0.65 0.61484375 0.05 0.07578125
2 0.3453125 0.09375 0.09140625 0.13203125
0 0.4125 0.29296875 0.0453125 0.065625
0 0.2796875 0.56640625 0.05390625 0.0734375
1 0.8328125 0.71484375 0.0296875 0.125
0 0.5796875 0.43046875 0.04609375 0.071875
1 0.3 0.69921875 0.0328125 0.18046875
2 0.47421875 0.0921875 0.1703125 0.134375
2 0.06484375 0.09609375 0.08671875 0.13359375
0 0.5421875 0.0390625 0.03515625 0.040625
1 0.6296875 0.5390625 0.01796875 0.10625
2 0.0640625 0.26796875 0.08984375 0.20859375
0 0.5953125 0.8671875 0.05 0.084375
2 0.5953125 0.0953125 0.0703125 0.13203125
1 0.83125 0.35703125 0.03359375 0.15546875
0 0.621875 0.69765625 0.10390625 0.07890625
0 0.01171875 0.80546875 0.02109375 0.0765625
1 0.67734375 0.89765625 0.0390625 0.0140625
0 0.41484375 0.04609375 0.03203125 0.05
2 0.19609375 0.26796875 0.1796875 0.2
0 0.58046875 0.48671875 0.040625 0.04921875