2 0.60625 0.759375 0.1734375 0.18046875
2 0.11015625 0.71953125 0.13671875 0.26015625
2 0.87265625 0.1609375 0.1765625 0.103125
2 0.24453125 0.340625 0.13828125 0.22578125
2 0.41796875 0.71015625 0.21640625 0.275
2 0.87265625 0.26015625 0.1796875 0.1015625
2 0.60859375 0.39765625 0.16796875 0.184375
2 0.56640625 0.60234375 0.07578125 0.13828125
2 0.74296875 0.4703125 0.08984375 0.18671875
2 0.20390625 0.7734375 0.06015625 0.13515625
2 0.64609375 0.584375 0.08515625 0.17421875
2 0.109375 0.36015625 0.1359375 0.26328125
0 0.546875 0.69921875 0.04296875 0.06875
2 0.74140625 0.34453125 0.0875 0.07421875
2 0.1421875 0.55078125 0.06953125 0.0828125
0 0.625 0.4671875 0.04296875 0.06171875
0 0.76796875 0.16640625 0.0375 0.059375
0 0.62734375 0.69296875 0.04375 0.0671875
0 0.7671875 0.246875 0.03515625 0.05390625
0 0.25703125 0.8671875 0.0453125 0.0765625
0 0.56953125 0.27421875 0.046875 0.07890625
0 0.21328125 0.68359375 0.0390625 0.06171875
2 0.8890625 0.53125 0.15625 0.41015625
0 0.25625 0.73828125 0.04609375 0.071875
1 0.63125 0.30390625 0.06953125 0.0390625
2 0.078125 0.5515625 0.06875 0.0828125
0 0.97890625 0.27109375 0.03984375 0.06328125
0 0.08984375 0.48671875 0.040625 0.0640625
0 0.159375 0.47890625 0.04765625 0.06640625
0 0.19765625 0.415625 0.04609375 0.0703125
2 0.41875 0.3828125 0.2234375 0.30078125
1 0.7859375 0.24765625 0.01875 0.06875
0 0.76171875 0.590625 0.046875 0.06484375
0 0.1578125 0.621875 0.04609375 0.06796875
0 0.71640625 0.75625 0.04453125 0.06953125
0 0.13359375 0.6171875 0.0484375 0.0671875
0 0.6203125 0.55859375 0.03515625 0.05078125
1 0.96171875 0.2703125 0.02421875 0.0640625
1 0.96640625 0.59140625 0.01796875 0.07734375
2 0.71640625 0.75703125 0.04609375 0.071875
1 0.41953125 0.84296875 0.059375 0.03046875
1 0.96484375 0.48125 0.0203125 0.10078125
1 0.12578125 0.22734375 0.071875 0.034375
0 0.14296875 0.55234375 0.071875 0.08125