2 0.3296875 0.503125 0.2734375 0.2921875
2 0.2 0.17578125 0.21484375 0.18984375
2 0.49921875 0.61328125 0.12421875 0.090625
2 0.5 0.70859375 0.13203125 0.09921875
2 0.240625 0.7890625 0.096875 0.10546875
2 0.6828125 0.1828125 0.16328125 0.2171875
2 0.3140625 0.70390625 0.2453125 0.12734375
0 0.5953125 0.78046875 0.0578125 0.05078125
2 0.3234375 0.80390625 0.0765625 0.075
0 0.6875 0.73515625 0.0703125 0.0515625
2 0.66328125 0.80234375 0.2 0.09609375
0 0.38671875 0.809375 0.065625 0.04765625
2 0.5015625 0.16484375 0.2046875 0.16640625
0 0.509375 0.26171875 0.06875 0.0515625
0 0.79375 0.31328125 0.059375 0.046875
0 0.69765625 0.26796875 0.084375 0.0421875
0 0.35 0.22890625 0.07578125 0.05859375
2 0.3546875 0.13515625 0.10234375 0.11015625
0 0.275 0.31796875 0.084375 0.06953125
1 0.7625 0.37890625 0.0328125 0.08671875
0 0.68984375 0.553125 0.059375 0.053125
0 0.24921875 0.86484375 0.0484375 0.0421875
0 0.4015625 0.6234375 0.06796875 0.0515625
1 0.1890625 0.59296875 0.03125 0.08359375
1 0.10078125 0.13046875 0.0421875 0.09765625
0 0.27890625 0.2421875 0.07265625 0.05234375
1 0.69921875 0.08046875 0.096875 0.01796875
1 0.1890625 0.696875 0.0296875 0.0515625
0 0.40078125 0.86484375 0.0484375 0.040625
1 0.7625 0.45390625 0.034375 0.09453125
1 0.12734375 0.07734375 0.0515625 0.02265625
1 0.4921875 0.0796875 0.1 0.01875
0 0.14296875 0.3859375 0.0796875 0.0578125
1 0.7640625 0.7296875 0.02734375 0.04921875
1 0.46640625 0.84296875 0.0453125 0.015625
2 0.16015625 0.31328125 0.11953125 0.08359375
1 0.35546875 0.07734375 0.0484375 0.0171875
1 0.50078125 0.9046875 0.0453125 0.0140625
2 0.49453125 0.79609375 0.125 0.08046875
1 0.2484375 0.8421875 0.05859375 0.015625
1 0.096875 0.3203125 0.025 0.05390625
0 0.53203125 0.68046875 0.04453125 0.04140625
2 0.634375 0.6359375 0.146875 0.20078125
0 0.465625 0.7828125 0.0671875 0.053125
0 0.4875 0.79140625 0.115625 0.06953125
1 0.76484375 0.58671875 0.03203125 0.053125