2 0.70390625 0.75546875 0.209375 0.2578125
2 0.2484375 0.24453125 0.2828125 0.30078125
1 0.14453125 0.6484375 0.04765625 0.215625
0 0.34765625 0.2984375 0.08203125 0.12890625
0 0.38359375 0.5296875 0.0828125 0.12890625
1 0.52109375 0.1203125 0.1234375 0.05859375
0 0.86328125 0.9359375 0.09140625 0.115625
1 0.26484375 0.42734375 0.184375 0.07109375
0 0.83828125 0.73828125 0.0796875 0.12421875
1 0.81328125 0.13984375 0.15546875 0.05625
1 0.146875 0.7984375 0.03828125 0.07265625
1 0.684375 0.1296875 0.0515625 0.05
0 0.6328125 0.68671875 0.0703125 0.10703125
1 0.4 0.271875 0.0484375 0.22421875
2 0.2953125 0.6734375 0.2984375 0.43203125
1 0.39296875 0.215625 0.0453125 0.103125
2 0.403125 0.26875 0.04765625 0.22734375
2 0.8421875 0.7453125 0.0890625 0.17890625