2 0.8234375 0.71328125 0.15703125 0.3328125
2 0.825 0.3765625 0.1515625 0.33984375
2 0.10078125 0.35234375 0.1140625 0.2453125
2 0.24765625 0.3734375 0.18359375 0.284375
2 0.1046875 0.76875 0.10390625 0.19765625
2 0.25859375 0.70703125 0.2046875 0.33828125
0 0.76875 0.584375 0.05234375 0.078125
0 0.7703125 0.503125 0.05390625 0.075
0 0.10390625 0.18046875 0.05234375 0.09296875
0 0.18046875 0.42578125 0.053125 0.08125
0 0.765625 0.2453125 0.04296875 0.06953125
2 0.1828125 0.5265625 0.0515625 0.11328125
2 0.69453125 0.27109375 0.10625 0.13359375
0 0.71796875 0.91171875 0.053125 0.09453125
0 0.13203125 0.6359375 0.046875 0.06953125
0 0.66171875 0.4390625 0.04296875 0.06484375
2 0.096875 0.575 0.12421875 0.20234375
0 0.1359375 0.50390625 0.04765625 0.06875
0 0.71875 0.79140625 0.06015625 0.09921875
1 0.821875 0.87734375 0.1046875 0.04921875
1 0.7046875 0.19453125 0.04140625 0.03671875
0 0.3328125 0.61328125 0.05546875 0.08046875
1 0.82734375 0.19609375 0.09921875 0.046875
1 0.271875 0.87578125 0.0859375 0.04765625
1 0.84296875 0.54609375 0.1078125 0.03828125
1 0.55703125 0.87734375 0.05546875 0.0359375
1 0.24609375 0.22109375 0.1140625 0.04296875
1 0.42578125 0.87734375 0.10859375 0.0453125
0 0.14140625 0.54296875 0.04375 0.0640625
2 0.696875 0.3453125 0.109375 0.265625
1 0.60703125 0.1171875 0.040625 0.03984375
2 0.7203125 0.79296875 0.05703125 0.0921875
1 0.09609375 0.8734375 0.05546875 0.046875
2 0.971875 0.2453125 0.05546875 0.27109375
1 0.2359375 0.87734375 0.0671875 0.04296875