2 0.7546875 0.428125 0.31015625 0.53125
2 0.49609375 0.51484375 0.2125 0.35625
2 0.67734375 0.78515625 0.1765625 0.2
2 0.4375 0.7875 0.0953125 0.19921875
0 0.453125 0.65390625 0.0734375 0.08515625
2 0.5359375 0.77890625 0.1046875 0.19453125
0 0.815625 0.93125 0.06953125 0.10078125
0 0.61953125 0.7484375 0.07578125 0.096875
0 0.56953125 0.40625 0.0703125 0.096875
1 0.4625 0.3265625 0.096875 0.06015625
0 0.796875 0.79765625 0.0734375 0.08515625
0 0.55 0.24609375 0.078125 0.10703125
1 0.14921875 0.33046875 0.0890625 0.05078125
1 0.69375 0.1453125 0.125 0.059375