2 0.76171875 0.38203125 0.22265625 0.12265625
0 0.5140625 0.90703125 0.14296875 0.1078125
0 0.6015625 0.6828125 0.12734375 0.0859375
2 0.7625 0.70078125 0.22578125 0.2640625
1 0.109375 0.265625 0.08515625 0.1296875
2 0.67890625 0.20390625 0.390625 0.23984375
1 0.109375 0.50625 0.0828125 0.12734375
2 0.23359375 0.7375 0.27734375 0.26015625
0 0.7 0.6046875 0.1125 0.07890625
2 0.7546875 0.50234375 0.21328125 0.11640625
0 0.55859375 0.29140625 0.13125 0.08125
1 0.6203125 0.07109375 0.2046875 0.05234375
2 0.621875 0.7953125 0.09921875 0.14375
1 0.25 0.6015625 0.18203125 0.0515625
1 0.37890625 0.73359375 0.0765625 0.240625
1 0.090625 0.7359375 0.071875 0.25390625