2 0.50234375 0.23515625 0.99453125 0.2328125
2 0.328125 0.51171875 0.628125 0.15546875
2 0.30546875 0.39296875 0.58046875 0.0828125
0 0.6546875 0.38515625 0.19296875 0.0671875
0 0.790625 0.4796875 0.19140625 0.059375
0 0.56484375 0.6296875 0.1875 0.0703125
1 0.2953125 0.58984375 0.27578125 0.0296875
0 0.3734375 0.1234375 0.10859375 0.0421875
1 0.74140625 0.11015625 0.29296875 0.02265625
2 0.778125 0.43125 0.44375 0.14921875
0 0.8140625 0.6328125 0.26484375 0.09921875
1 0.2046875 0.11015625 0.1703125 0.025
2 0.81640625 0.63203125 0.259375 0.10078125
2 0.97265625 0.7203125 0.0546875 0.11640625