2 0.18515625 0.3421875 0.11953125 0.30703125
2 0.2734375 0.2421875 0.06875 0.10625
2 0.1265625 0.76484375 0.1390625 0.23046875
2 0.640625 0.42421875 0.146875 0.23515625
2 0.1109375 0.56953125 0.10703125 0.1515625
2 0.8953125 0.4765625 0.1546875 0.353125
2 0.6421875 0.6609375 0.1421875 0.24375
2 0.09375 0.41015625 0.0671875 0.1640625
0 0.221875 0.6109375 0.0359375 0.0796875
2 0.734375 0.37890625 0.04453125 0.15703125
0 0.1765625 0.5359375 0.034375 0.08203125
2 0.9203125 0.72734375 0.103125 0.12578125
0 0.80703125 0.66171875 0.034375 0.0765625
0 0.228125 0.23125 0.03359375 0.07578125
0 0.22578125 0.45859375 0.03515625 0.084375
0 0.1796875 0.6796875 0.03125 0.078125
2 0.09296875 0.2578125 0.0640625 0.13515625
0 0.32734375 0.15546875 0.03125 0.078125
1 0.1796875 0.184375 0.06484375 0.040625
0 0.8359375 0.5765625 0.03828125 0.08203125
0 0.2921875 0.61015625 0.0375 0.08828125
0 0.9359375 0.628125 0.034375 0.0859375
0 0.728125 0.4921875 0.0328125 0.078125
2 0.8453125 0.70234375 0.05078125 0.16640625
2 0.48984375 0.5296875 0.065625 0.24921875
0 0.69765625 0.57890625 0.034375 0.0796875
2 0.290625 0.7171875 0.08515625 0.14296875
0 0.2921875 0.815625 0.0328125 0.08671875
0 0.0765625 0.5296875 0.03359375 0.08203125
0 0.69609375 0.496875 0.03359375 0.08359375
0 0.7765625 0.81640625 0.03125 0.0796875
1 0.3875 0.18984375 0.06484375 0.0421875
2 0.39765625 0.7671875 0.12578125 0.2203125
1 0.97109375 0.4703125 0.01484375 0.11328125
1 0.1203125 0.8796875 0.0421875 0.03984375
1 0.57109375 0.46953125 0.01484375 0.10234375
2 0.2234375 0.71328125 0.0546875 0.1484375
0 0.0421875 0.5375 0.02734375 0.06640625
1 0.4 0.87734375 0.04375 0.03828125
0 0.2609375 0.17265625 0.02734375 0.0484375
1 0.56953125 0.61171875 0.01796875 0.1015625
0 0.803125 0.8015625 0.02265625 0.05
2 0.98515625 0.54140625 0.0296875 0.28125
0 0.75234375 0.82578125 0.02578125 0.090625
1 0.97109375 0.58984375 0.0140625 0.1390625
0 0.07734375 0.36328125 0.02890625 0.0671875
2 0.378125 0.4140625 0.16796875 0.4484375
2 0.76796875 0.6171875 0.1078125 0.3296875