2 0.2140625 0.4453125 0.290625 0.14765625
2 0.13359375 0.13203125 0.1390625 0.103125
2 0.21953125 0.5953125 0.2859375 0.1515625
2 0.27109375 0.1296875 0.15078125 0.109375
2 0.4359375 0.17734375 0.1671875 0.19375
2 0.4984375 0.44921875 0.10546875 0.08828125
0 0.4296875 0.69375 0.0875 0.05859375
0 0.546875 0.15234375 0.08125 0.04609375
0 0.83671875 0.2125 0.07578125 0.046875
0 0.328125 0.5421875 0.08046875 0.0484375
0 0.38359375 0.15390625 0.08359375 0.04609375
0 0.3265625 0.4921875 0.08203125 0.046875
0 0.13828125 0.1984375 0.06015625 0.04140625
1 0.80234375 0.1546875 0.03671875 0.0765625
0 0.3203125 0.33515625 0.08203125 0.0484375
2 0.66015625 0.15703125 0.2828125 0.171875
1 0.0765625 0.58984375 0.046875 0.08203125
0 0.4296875 0.62421875 0.08828125 0.05546875
1 0.06953125 0.28984375 0.046875 0.08515625
1 0.0703125 0.43671875 0.0453125 0.10390625
0 0.4203125 0.43046875 0.06640625 0.04375
1 0.90078125 0.34453125 0.040625 0.07890625
1 0.26328125 0.071875 0.08359375 0.02109375
0 0.4578125 0.76484375 0.07421875 0.046875
2 0.51328125 0.36171875 0.29921875 0.08359375
2 0.66953125 0.89375 0.44921875 0.19609375
0 0.76015625 0.2125 0.07890625 0.046875
0 0.39375 0.89609375 0.10859375 0.12109375
1 0.46171875 0.0703125 0.08671875 0.02265625
0 0.39140625 0.86015625 0.109375 0.0671875
2 0.20625 0.278125 0.28984375 0.1890625
1 0.94453125 0.48828125 0.0453125 0.0734375
1 0.66015625 0.06640625 0.07578125 0.01796875
1 0.946875 0.54765625 0.04375 0.07265625
1 0.359375 0.41953125 0.02890625 0.0921875
0 0.43828125 0.17734375 0.1703125 0.18828125
2 0.590625 0.0359375 0.040625 0.053125