2 0.6046875 0.20234375 0.10546875 0.10703125
2 0.7078125 0.2015625 0.11171875 0.10859375
2 0.715625 0.41796875 0.1 0.0859375
2 0.69375 0.33515625 0.1328125 0.084375
2 0.3328125 0.4109375 0.14453125 0.09296875
2 0.3671875 0.31171875 0.0703125 0.09765625
2 0.3 0.2984375 0.065625 0.06171875
2 0.725 0.2734375 0.07109375 0.040625
0 0.59921875 0.47265625 0.040625 0.04140625
2 0.584375 0.41484375 0.0703125 0.08125
2 0.6453125 0.58203125 0.203125 0.19296875
0 0.69453125 0.47109375 0.03828125 0.03828125
2 0.6453125 0.43125 0.04921875 0.05546875
0 0.671875 0.23828125 0.03671875 0.03203125
0 0.640625 0.3625 0.0359375 0.03046875
0 0.6359375 0.240625 0.03359375 0.03359375
2 0.3 0.34375 0.06875 0.0328125
0 0.68046875 0.41953125 0.0390625 0.03046875
0 0.31328125 0.3703125 0.0359375 0.03359375
0 0.353125 0.25546875 0.0359375 0.028125
0 0.38984375 0.234375 0.034375 0.03125
0 0.38203125 0.1703125 0.03203125 0.03046875
0 0.67890625 0.27734375 0.03515625 0.0296875
0 0.603125 0.36171875 0.03984375 0.034375
2 0.475 0.22578125 0.14921875 0.15
2 0.33359375 0.22890625 0.140625 0.07890625
1 0.69453125 0.1484375 0.04921875 0.01640625
2 0.26640625 0.60390625 0.13984375 0.15546875
1 0.340625 0.46171875 0.07421875 0.02578125
2 0.70234375 0.36953125 0.1171875 0.1078125
0 0.38515625 0.3765625 0.03984375 0.02890625
2 0.47734375 0.37890625 0.15 0.1484375