2 0.55703125 0.37265625 0.14140625 0.1953125
2 0.37265625 0.38828125 0.11875 0.19609375
2 0.3734375 0.6296875 0.1171875 0.284375
2 0.80703125 0.72890625 0.1046875 0.11171875
2 0.21640625 0.37578125 0.05859375 0.1703125
2 0.584375 0.51015625 0.08203125 0.08984375
2 0.21796875 0.503125 0.05859375 0.096875
2 0.0921875 0.34140625 0.06484375 0.1265625
0 0.5171875 0.446875 0.0296875 0.05546875
0 0.60859375 0.43671875 0.0359375 0.06328125
2 0.1625 0.33359375 0.0546875 0.08984375
2 0.5171875 0.51171875 0.05546875 0.0875
0 0.334375 0.51953125 0.03515625 0.06953125
0 0.25546875 0.5171875 0.03203125 0.0515625
1 0.434375 0.5734375 0.025 0.11015625
0 0.6328125 0.4921875 0.0296875 0.05390625
2 0.1890625 0.6625 0.11875 0.23203125
0 0.0953125 0.42890625 0.0296875 0.06328125
0 0.3015625 0.4609375 0.03515625 0.06015625
0 0.2671875 0.80234375 0.034375 0.06796875
0 0.6421875 0.24296875 0.03515625 0.07421875
2 0.559375 0.66796875 0.1359375 0.22734375
1 0.06171875 0.6140625 0.01953125 0.09296875
0 0.63984375 0.3546875 0.03359375 0.06171875
1 0.16640625 0.77890625 0.06484375 0.040625
0 0.2328125 0.653125 0.040625 0.0671875
0 0.7625 0.7078125 0.03046875 0.053125
0 0.18046875 0.51875 0.0296875 0.05234375
0 0.2578125 0.43046875 0.028125 0.05
0 0.14609375 0.40703125 0.02734375 0.05078125
2 0.16171875 0.4578125 0.05546875 0.1671875
0 0.66953125 0.69296875 0.028125 0.0625
2 0.64765625 0.559375 0.0515625 0.0796875
1 0.71640625 0.87734375 0.05625 0.03984375
0 0.153125 0.5265625 0.02734375 0.05625
0 0.04765625 0.71015625 0.03984375 0.065625
1 0.58671875 0.78125 0.0640625 0.03828125
1 0.74921875 0.83671875 0.01875 0.09453125
0 0.66953125 0.625 0.02578125 0.04140625
1 0.86328125 0.5734375 0.01953125 0.11328125
1 0.81328125 0.66640625 0.0640625 0.0328125
1 0.8578125 0.7234375 0.01640625 0.1046875
0 0.54140625 0.27109375 0.01640625 0.0359375
2 0.265625 0.7171875 0.0375 0.06953125
1 0.66328125 0.878125 0.05859375 0.034375
0 0.265625 0.7171875 0.0375 0.07109375
1 0.784375 0.2703125 0.053125 0.0328125
1 0.5703125 0.27265625 0.0609375 0.02578125
0 0.35 0.82734375 0.04140625 0.07109375
1 0.5140625 0.27265625 0.04765625 0.025
0 0.221875 0.50234375 0.0640625 0.09375
2 0.09453125 0.59140625 0.0625 0.353125
2 0.69140625 0.759375 0.1296875 0.25
2 0.74453125 0.4640625 0.24140625 0.38671875