2 0.803125 0.3359375 0.1671875 0.234375
2 0.83828125 0.75234375 0.0953125 0.16796875
2 0.7125 0.52109375 0.05703125 0.1359375
2 0.74765625 0.7578125 0.09453125 0.16015625
2 0.31328125 0.5015625 0.1265625 0.1234375
0 0.11015625 0.1796875 0.04140625 0.07578125
0 0.40625 0.63671875 0.0515625 0.09609375
0 0.35390625 0.59453125 0.046875 0.08203125
2 0.08046875 0.778125 0.059375 0.13125
0 0.7671875 0.484375 0.04296875 0.07109375
0 0.39921875 0.296875 0.05078125 0.08203125
2 0.2234375 0.490625 0.0609375 0.1359375
0 0.4046875 0.8734375 0.0484375 0.096875
2 0.81875 0.5671875 0.128125 0.203125
1 0.88203125 0.29140625 0.021875 0.1140625
2 0.28046875 0.7 0.17890625 0.29453125
2 0.92265625 0.55859375 0.06875 0.2390625
1 0.025 0.52734375 0.01953125 0.084375
0 0.728125 0.15625 0.04140625 0.078125
2 0.41796875 0.75546875 0.090625 0.16796875
0 0.3953125 0.50546875 0.04765625 0.0765625
0 0.35390625 0.38671875 0.046875 0.078125
2 0.41328125 0.21171875 0.1453125 0.209375
0 0.9046875 0.58515625 0.0359375 0.06875
1 0.02578125 0.7421875 0.01875 0.07734375
2 0.51015625 0.68828125 0.09375 0.2765625
1 0.27734375 0.09609375 0.075 0.03203125
2 0.10390625 0.28671875 0.16796875 0.140625
1 0.765625 0.8421875 0.03046875 0.03359375
1 0.80078125 0.21640625 0.0796875 0.03515625
1 0.2859375 0.84296875 0.0765625 0.0375
2 0.49453125 0.1890625 0.04296875 0.165625
0 0.76640625 0.63984375 0.0421875 0.07734375
1 0.42734375 0.09609375 0.0765625 0.03125
0 0.7234375 0.415625 0.05 0.075
2 0.13984375 0.77421875 0.065625 0.14375
0 0.721875 0.6328125 0.0453125 0.0796875
1 0.54453125 0.05625 0.0390625 0.0625
1 0.5296875 0.846875 0.03125 0.03203125
2 0.4828125 0.640625 0.03828125 0.18671875
1 0.02578125 0.29453125 0.015625 0.046875
1 0.190625 0.1515625 0.0140625 0.06328125
1 0.02421875 0.3171875 0.015625 0.06484375
1 0.58671875 0.8859375 0.02734375 0.06328125
0 0.9203125 0.56015625 0.06796875 0.2203125