2 0.40625 0.52421875 0.1375 0.24375
2 0.40625 0.2734375 0.13828125 0.25390625
0 0.2609375 0.8796875 0.03984375 0.07734375
0 0.2296875 0.67890625 0.0421875 0.08125
0 0.30859375 0.76875 0.03828125 0.065625
2 0.85859375 0.4046875 0.14375 0.23671875
2 0.3046875 0.696875 0.09140625 0.0921875
2 0.75546875 0.38515625 0.06640625 0.15703125
0 0.35390625 0.228125 0.04140625 0.06328125
1 0.92734375 0.36796875 0.01796875 0.09140625
0 0.35390625 0.44296875 0.03984375 0.06484375
0 0.8046875 0.421875 0.04296875 0.0703125
1 0.203125 0.8546875 0.06015625 0.03203125
0 0.94296875 0.4375 0.040625 0.06953125
1 0.16953125 0.79296875 0.02109375 0.0953125
1 0.0453125 0.51953125 0.02265625 0.1078125
1 0.04453125 0.27109375 0.0234375 0.0984375
1 0.1125 0.6484375 0.06015625 0.03828125
1 0.11171875 0.14609375 0.05234375 0.03359375
1 0.4078125 0.14765625 0.04921875 0.02734375
1 0.409375 0.64765625 0.05546875 0.03203125
2 0.30234375 0.375 0.06015625 0.09609375
2 0.175 0.409375 0.26328125 0.4859375
1 0.2625 0.1453125 0.0515625 0.03046875
2 0.6421875 0.39453125 0.284375 0.49765625