2 0.7890625 0.44765625 0.08515625 0.11796875
2 0.4171875 0.80234375 0.0890625 0.1109375
0 0.86484375 0.34921875 0.06640625 0.0921875
2 0.51171875 0.203125 0.1609375 0.23125
2 0.6921875 0.446875 0.11484375 0.1140625
0 0.4 0.7140625 0.0546875 0.07578125
0 0.45703125 0.353125 0.05859375 0.07578125
0 0.85546875 0.465625 0.05390625 0.06875
2 0.91484375 0.359375 0.04453125 0.06796875
2 0.3359375 0.8046875 0.07265625 0.12734375
2 0.32578125 0.27578125 0.0453125 0.05
0 0.71953125 0.534375 0.0515625 0.071875
0 0.37109375 0.27578125 0.0484375 0.06875
0 0.33671875 0.91953125 0.07109375 0.1015625
2 0.36484375 0.1203125 0.12109375 0.0625
1 0.21875 0.66171875 0.10234375 0.04140625
0 0.8015625 0.54765625 0.06875 0.0890625
2 0.3703125 0.18828125 0.10625 0.11328125
1 0.74296875 0.87109375 0.05546875 0.03125
2 0.8859375 0.50546875 0.11015625 0.2125
2 0.7796875 0.2515625 0.24609375 0.2734375
1 0.5140625 0.08046875 0.084375 0.0265625
2 0.28984375 0.69765625 0.02890625 0.06328125
2 0.75390625 0.64140625 0.1609375 0.24921875
2 0.325 0.2078125 0.03984375 0.065625
2 0.35859375 0.4515625 0.11640625 0.0859375
2 0.37265625 0.2046875 0.06796875 0.07734375
1 0.1625 0.2421875 0.08515625 0.0328125
2 0.32421875 0.321875 0.04296875 0.05703125