2 0.15234375 0.31953125 0.1203125 0.20390625
2 0.76484375 0.62109375 0.11875 0.18046875
2 0.134375 0.5890625 0.0765625 0.13203125
2 0.440625 0.659375 0.06953125 0.109375
2 0.44140625 0.56328125 0.06796875 0.0890625
2 0.85234375 0.42421875 0.05 0.0890625
2 0.765625 0.3140625 0.11328125 0.20078125
2 0.89609375 0.3734375 0.03515625 0.08828125
0 0.2578125 0.3734375 0.03515625 0.05625
0 0.84140625 0.49375 0.03515625 0.04921875
0 0.19296875 0.39140625 0.0375 0.05625
0 0.80390625 0.55859375 0.0328125 0.05
0 0.13359375 0.67421875 0.03203125 0.05390625
0 0.56640625 0.23203125 0.0359375 0.0515625
2 0.86796875 0.29609375 0.090625 0.0703125
0 0.4890625 0.57890625 0.0359375 0.0515625
1 0.1546875 0.21171875 0.04453125 0.02734375
1 0.66875 0.3234375 0.01953125 0.1203125
2 0.24140625 0.3109375 0.0640625 0.09140625
2 0.2265625 0.39296875 0.03359375 0.0796875
1 0.3609375 0.51640625 0.01875 0.0578125
0 0.80625 0.396875 0.03515625 0.05
2 0.1546875 0.7296875 0.121875 0.13203125
1 0.6140625 0.63046875 0.0828125 0.03203125
0 0.503125 0.74375 0.03125 0.0515625
2 0.06484375 0.27421875 0.04921875 0.1171875
1 0.63125 0.25703125 0.06875 0.02421875
2 0.075 0.375 0.03125 0.09375
0 0.8984375 0.315625 0.03046875 0.040625
1 0.3625 0.35546875 0.01953125 0.0578125
0 0.81640625 0.4421875 0.03046875 0.04296875
1 0.28828125 0.6375 0.03203125 0.0265625
1 0.97109375 0.5109375 0.02265625 0.05703125
1 0.46484375 0.21015625 0.06171875 0.02421875
1 0.97109375 0.3578125 0.0171875 0.053125
2 0.85078125 0.3546875 0.05625 0.04609375
1 0.86796875 0.63203125 0.059375 0.0265625
0 0.24140625 0.66171875 0.0328125 0.0453125
0 0.234375 0.67421875 0.034375 0.0484375
1 0.66953125 0.55 0.01796875 0.040625
2 0.4609375 0.31171875 0.1171875 0.18671875
1 0.76875 0.7203125 0.03828125 0.0265625
2 0.29765625 0.39140625 0.1125 0.07734375
1 0.86875 0.25703125 0.03046875 0.01953125
2 0.89453125 0.44375 0.03671875 0.04609375
2 0.59296875 0.321875 0.15546875 0.12890625
1 0.2578125 0.26015625 0.0359375 0.02265625
1 0.4359375 0.71875 0.01953125 0.02265625
2 0.13359375 0.49921875 0.07734375 0.0546875
1 0.765625 0.2109375 0.05859375 0.02421875
0 0.69453125 0.79296875 0.0296875 0.04609375
2 0.93984375 0.3640625 0.05 0.20625
2 0.0765625 0.67578125 0.02578125 0.0875
2 0.90546875 0.54765625 0.14296875 0.16640625
2 0.91484375 0.84453125 0.16796875 0.278125
2 0.39375 0.67109375 0.015625 0.08203125
2 0.59296875 0.5109375 0.1515625 0.234375
2 0.2671875 0.53125 0.184375 0.221875