2 0.28515625 0.33828125 0.1734375 0.2125
2 0.79453125 0.625 0.16171875 0.22265625
2 0.46953125 0.62734375 0.20390625 0.19921875
2 0.7609375 0.33828125 0.23046875 0.2109375
0 0.4421875 0.2015625 0.05390625 0.06875
2 0.646875 0.578125 0.1453125 0.11640625
2 0.803125 0.48359375 0.13125 0.07578125
0 0.771875 0.54296875 0.0515625 0.06171875
0 0.73203125 0.60234375 0.05703125 0.06328125
2 0.28359375 0.5296875 0.17734375 0.115625
0 0.3921875 0.509375 0.05 0.05078125
0 0.17578125 0.51015625 0.0515625 0.05703125
0 0.6828125 0.76015625 0.05625 0.078125
2 0.31796875 0.64609375 0.1140625 0.15
1 0.79765625 0.7375 0.08671875 0.03515625
1 0.48515625 0.7375 0.08046875 0.03359375
1 0.27734375 0.22890625 0.07578125 0.0296875
2 0.2484375 0.4578125 0.08984375 0.0453125
1 0.5453125 0.2265625 0.07734375 0.028125
0 0.390625 0.334375 0.05234375 0.08125
1 0.875 0.571875 0.0265625 0.0453125
2 0.62890625 0.67421875 0.1171875 0.09765625
1 0.34296875 0.7375 0.034375 0.025
1 0.87421875 0.3953125 0.0234375 0.04375
2 0.45703125 0.32734375 0.16640625 0.18125
2 0.58671875 0.3359375 0.10625 0.20390625
1 0.76953125 0.23046875 0.07578125 0.02578125
1 0.246875 0.7390625 0.03203125 0.0234375
0 0.38984375 0.36171875 0.0515625 0.05859375
2 0.32890625 0.45546875 0.0828125 0.046875
1 0.61171875 0.73671875 0.0328125 0.02890625
2 0.67265625 0.153125 0.0328125 0.05703125
0 0.70703125 0.44921875 0.0515625 0.0484375