2 0.85625 0.2765625 0.1265625 0.3390625
2 0.184375 0.540625 0.05078125 0.15390625
0 0.6796875 0.2140625 0.04609375 0.16015625
0 0.078125 0.346875 0.0453125 0.08359375
2 0.17734375 0.3453125 0.15 0.25
0 0.225 0.55078125 0.04453125 0.071875
0 0.2265625 0.15078125 0.05078125 0.0890625
0 0.865625 0.5875 0.03984375 0.0796875
2 0.06953125 0.5734375 0.08515625 0.14296875
0 0.22890625 0.43203125 0.046875 0.0859375
0 0.05625 0.47265625 0.04375 0.084375
0 0.36796875 0.50078125 0.04765625 0.09140625
0 0.23046875 0.2640625 0.05078125 0.090625
0 0.8140625 0.59375 0.046875 0.08125
0 0.77734375 0.25703125 0.040625 0.07734375
1 0.02734375 0.4421875 0.01796875 0.0796875
2 0.86015625 0.49765625 0.1265625 0.11796875
0 0.18984375 0.646875 0.04765625 0.08125
0 0.28671875 0.16875 0.04375 0.08125
0 0.76015625 0.6265625 0.0453125 0.0828125
0 0.71484375 0.8203125 0.04765625 0.09921875
0 0.3640625 0.05234375 0.05546875 0.103125
1 0.5875 0.7828125 0.07890625 0.04765625
1 0.55546875 0.2140625 0.06953125 0.03828125
2 0.765625 0.71875 0.0609375 0.1234375
1 0.628125 0.2125 0.065625 0.0421875
1 0.8515625 0.78203125 0.06875 0.0453125
1 0.02578125 0.54765625 0.01796875 0.07421875
0 0.7140625 0.6953125 0.046875 0.090625
1 0.49296875 0.40546875 0.0203125 0.0875
1 0.16171875 0.209375 0.07578125 0.04140625
0 0.4125 0.05 0.05 0.0984375
2 0.6484375 0.51953125 0.05625 0.11015625
2 0.64296875 0.33359375 0.30703125 0.26015625
0 0.8578125 0.66796875 0.128125 0.22890625
1 0.85546875 0.10703125 0.07578125 0.0390625
1 0.73984375 0.2203125 0.0484375 0.03203125
2 0.85859375 0.66875 0.12578125 0.22890625
1 0.28515625 0.1015625 0.04765625 0.0328125
0 0.778125 0.1875 0.0359375 0.0609375
1 0.75859375 0.78203125 0.0296875 0.0296875
2 0.06796875 0.44609375 0.0828125 0.140625
0 0.6484375 0.52109375 0.0546875 0.10703125
0 0.6328125 0.553125 0.02734375 0.04140625
2 0.0703125 0.29609375 0.08671875 0.16796875
2 0.3953125 0.2828125 0.1234375 0.36171875
2 0.28984375 0.33671875 0.07890625 0.265625
2 0.33203125 0.62421875 0.24921875 0.31015625
2 0.75625 0.16640625 0.08046875 0.11171875
2 0.64609375 0.62421875 0.3015625 0.328125
2 0.29296875 0.15078125 0.0765625 0.1