2 0.6921875 0.184375 0.16875 0.1171875
2 0.50859375 0.38984375 0.1328125 0.15546875
2 0.5203125 0.18125 0.1640625 0.11015625
2 0.69140625 0.44921875 0.15546875 0.0609375
2 0.51171875 0.2734375 0.1328125 0.0734375
2 0.715625 0.26328125 0.109375 0.0453125
2 0.325 0.60390625 0.184375 0.196875
0 0.63203125 0.3015625 0.03984375 0.0328125
2 0.578125 0.51796875 0.07421875 0.03515625
0 0.55859375 0.2671875 0.040625 0.0328125
0 0.4484375 0.64375 0.04921875 0.04375
0 0.55625 0.44765625 0.04453125 0.0390625
0 0.6328125 0.4609375 0.0453125 0.03515625
1 0.4359375 0.17890625 0.02578125 0.05703125
2 0.45 0.68359375 0.0859375 0.04921875
2 0.3390625 0.45625 0.21953125 0.09765625
2 0.64765625 0.26640625 0.0328125 0.03828125
0 0.76015625 0.5640625 0.04609375 0.0328125
0 0.59453125 0.4015625 0.0359375 0.0328125
1 0.31640625 0.703125 0.090625 0.021875
1 0.5671875 0.70234375 0.05859375 0.02421875
1 0.665625 0.11875 0.0578125 0.01484375
2 0.553125 0.65703125 0.12890625 0.09140625
1 0.778125 0.3265625 0.01953125 0.0515625
0 0.58125 0.22109375 0.03359375 0.028125
2 0.3015625 0.35 0.253125 0.1171875
1 0.50703125 0.7109375 0.0265625 0.0203125
2 0.56875 0.49921875 0.0890625 0.05390625
2 0.51015625 0.521875 0.06015625 0.02734375
0 0.45859375 0.45 0.0375 0.0328125
1 0.68984375 0.74765625 0.08671875 0.0171875
1 0.43984375 0.37109375 0.01953125 0.05859375
2 0.540625 0.4890625 0.13203125 0.05234375
2 0.54921875 0.58125 0.1421875 0.06953125
1 0.4359375 0.26796875 0.01953125 0.03828125
2 0.69453125 0.353125 0.16171875 0.13046875
2 0.70390625 0.6171875 0.15 0.26484375