2 0.625 0.49453125 0.15078125 0.3453125
2 0.30625 0.3046875 0.2015625 0.275
2 0.91640625 0.48984375 0.12109375 0.36640625
2 0.778125 0.4203125 0.15859375 0.2265625
0 0.34296875 0.12109375 0.040625 0.096875
0 0.1890625 0.35703125 0.04453125 0.08671875
0 0.37890625 0.503125 0.04296875 0.084375
0 0.3515625 0.85625 0.04296875 0.1015625
2 0.73515625 0.6046875 0.07578125 0.1140625
2 0.44375 0.76640625 0.09375 0.11640625
2 0.4453125 0.22421875 0.08515625 0.10546875
2 0.44609375 0.35703125 0.0859375 0.15859375
1 0.246875 0.1546875 0.0484375 0.04375
0 0.84609375 0.50234375 0.028125 0.0640625
0 0.4390625 0.49375 0.034375 0.07421875
1 0.97578125 0.52109375 0.02109375 0.11875
1 0.23984375 0.8125 0.05078125 0.046875
0 0.38046875 0.76171875 0.040625 0.07578125
2 0.1078125 0.27578125 0.10234375 0.24140625
2 0.44375 0.59453125 0.0921875 0.228125
0 0.72734375 0.53125 0.02265625 0.046875
1 0.54921875 0.52734375 0.021875 0.1171875
1 0.14375 0.81328125 0.0484375 0.04375
0 0.49921875 0.509375 0.0296875 0.07265625
0 0.43203125 0.30625 0.0359375 0.0734375
1 0.1921875 0.8125 0.04921875 0.046875
0 0.7390625 0.51953125 0.0203125 0.0578125
1 0.97734375 0.425 0.0171875 0.07890625
1 0.85625 0.5796875 0.015625 0.103125