2 0.596875 0.26640625 0.15625 0.39375
2 0.58671875 0.603125 0.18515625 0.25703125
2 0.9140625 0.734375 0.1109375 0.18515625
2 0.796875 0.73359375 0.1140625 0.1828125
2 0.41171875 0.4828125 0.06015625 0.1984375
0 0.46015625 0.49453125 0.04609375 0.08203125
2 0.5125 0.8140625 0.1203125 0.16796875
0 0.590625 0.778125 0.04921875 0.0875
2 0.62265625 0.8140625 0.10859375 0.171875
2 0.36640625 0.81875 0.17578125 0.17265625
0 0.54140625 0.42734375 0.05078125 0.084375
0 0.53515625 0.52109375 0.05 0.09140625
2 0.446875 0.23671875 0.14609375 0.31171875
2 0.23203125 0.81328125 0.090625 0.171875
1 0.1859375 0.39375 0.02890625 0.19296875
0 0.12265625 0.66953125 0.03828125 0.0765625
1 0.67421875 0.55703125 0.02265625 0.125
0 0.9078125 0.88984375 0.0265625 0.04453125
0 0.79765625 0.8671875 0.0359375 0.08125
0 0.7984375 0.8921875 0.03359375 0.0484375
2 0.5421875 0.428125 0.05 0.08203125