2 0.69296875 0.25703125 0.2765625 0.44921875
2 0.1609375 0.27578125 0.20546875 0.4515625
2 0.32265625 0.21640625 0.11015625 0.3234375
0 0.64921875 0.534375 0.05859375 0.1015625
2 0.734375 0.58125 0.11953125 0.19140625
0 0.58984375 0.425 0.065625 0.1203125
0 0.24296875 0.43359375 0.06171875 0.1109375
0 0.31640625 0.5515625 0.06796875 0.1109375
0 0.34765625 0.409375 0.05390625 0.09765625
0 0.4234375 0.40390625 0.04609375 0.09375
2 0.765625 0.83515625 0.15859375 0.18828125
0 0.80859375 0.38046875 0.06484375 0.11640625
2 0.81171875 0.57890625 0.04609375 0.18359375
2 0.8109375 0.70703125 0.0484375 0.0765625
0 0.8703125 0.38203125 0.06171875 0.10859375
2 0.4078125 0.92109375 0.103125 0.14921875
0 0.53359375 0.83671875 0.0625 0.11328125
2 0.4484375 0.50546875 0.21328125 0.271875
1 0.83984375 0.20625 0.03203125 0.2484375
1 0.8421875 0.81796875 0.02421875 0.146875
1 0.83984375 0.5953125 0.025 0.14609375
1 0.0609375 0.2671875 0.03046875 0.27890625
1 0.06328125 0.715625 0.0328125 0.28671875
0 0.75234375 0.96015625 0.0484375 0.0796875
2 0.40546875 0.7296875 0.11640625 0.16328125
2 0.2046875 0.72890625 0.2671875 0.46015625
0 0.6 0.83671875 0.0640625 0.12265625
2 0.6 0.834375 0.06484375 0.12265625
1 0.1546875 0.4953125 0.1734375 0.04453125
2 0.76796875 0.71015625 0.04375 0.07421875
2 0.89609375 0.25390625 0.11015625 0.44375
1 0.41015625 0.0328125 0.0609375 0.0390625