2 0.8859375 0.4453125 0.2109375 0.096875
2 0.88671875 0.5375 0.20703125 0.090625
2 0.60390625 0.48515625 0.34921875 0.18828125
0 0.72578125 0.60703125 0.09375 0.06796875
0 0.56328125 0.70546875 0.096875 0.071875
0 0.37734375 0.15859375 0.10390625 0.06953125
0 0.753125 0.521875 0.08359375 0.05546875
2 0.2265625 0.75625 0.1375 0.09609375
0 0.75390625 0.4609375 0.078125 0.0546875
0 0.4734375 0.6125 0.09375 0.065625
0 0.403125 0.4984375 0.0953125 0.06484375
0 0.6984375 0.05234375 0.09296875 0.07890625
2 0.6125 0.14296875 0.3765625 0.22421875
0 0.12109375 0.49921875 0.0703125 0.06015625
1 0.16328125 0.13984375 0.04609375 0.1140625
2 0.2296875 0.521875 0.121875 0.11796875
2 0.81796875 0.32421875 0.34921875 0.146875
0 0.23515625 0.4796875 0.05703125 0.0359375
2 0.8234375 0.91875 0.28984375 0.16171875
2 0.209375 0.40234375 0.090625 0.05
2 0.21640625 0.4484375 0.09609375 0.05234375
0 0.2953125 0.440625 0.0625 0.0515625
2 0.37265625 0.40859375 0.08828125 0.090625
0 0.1984375 0.4796875 0.05 0.0359375
2 0.36171875 0.521875 0.15703125 0.121875
0 0.2171875 0.4546875 0.09609375 0.06328125