2 0.8515625 0.33515625 0.1859375 0.20546875
2 0.2609375 0.33515625 0.13984375 0.20390625
2 0.13984375 0.64609375 0.1859375 0.11171875
2 0.3 0.61953125 0.14375 0.16171875
2 0.39765625 0.33671875 0.13984375 0.20390625
2 0.89296875 0.61640625 0.0875 0.16640625
2 0.4171875 0.571875 0.09765625 0.0640625
2 0.896875 0.89296875 0.08984375 0.14375
0 0.18203125 0.5671875 0.053125 0.0515625
0 0.29921875 0.515625 0.0546875 0.053125
0 0.8265625 0.59453125 0.05859375 0.0515625
0 0.15 0.25234375 0.05078125 0.05078125
0 0.34921875 0.5640625 0.046875 0.0453125
0 0.35234375 0.62421875 0.04140625 0.0390625
0 0.128125 0.415625 0.053125 0.046875
0 0.234375 0.41640625 0.0515625 0.05
2 0.11953125 0.31875 0.1453125 0.17109375
2 0.4171875 0.65234375 0.0921875 0.09296875
0 0.71328125 0.2484375 0.05234375 0.05625
0 0.7890625 0.41328125 0.05859375 0.053125
0 0.71328125 0.19921875 0.053125 0.04765625
0 0.1515625 0.2046875 0.05390625 0.05390625
1 0.046875 0.496875 0.02890625 0.08203125
0 0.35546875 0.4140625 0.05078125 0.046875
2 0.675 0.778125 0.16328125 0.115625
0 0.8125 0.721875 0.0546875 0.0546875
2 0.81875 0.66171875 0.06015625 0.05546875
0 0.82734375 0.8671875 0.05234375 0.04765625
1 0.103125 0.22890625 0.04453125 0.0203125
1 0.5140625 0.4953125 0.02109375 0.0703125
2 0.82578125 0.8671875 0.05234375 0.04765625
2 0.89140625 0.76484375 0.09921875 0.1125
1 0.3953125 0.22890625 0.08125 0.025