2 0.4828125 0.878125 0.1140625 0.11875
0 0.31875 0.4078125 0.05859375 0.07109375
2 0.66953125 0.125 0.0859375 0.16953125
2 0.73828125 0.9125 0.1359375 0.10703125
0 0.2140625 0.26953125 0.071875 0.0796875
2 0.2484375 0.865625 0.125 0.26875
0 0.6828125 0.234375 0.05 0.05625
0 0.73984375 0.23203125 0.046875 0.0609375
0 0.73671875 0.8296875 0.05625 0.06640625
0 0.14609375 0.27109375 0.0625 0.07421875
0 0.2828125 0.97421875 0.06171875 0.05078125
2 0.884375 0.90234375 0.121875 0.1953125
0 0.70390625 0.52265625 0.05859375 0.06953125
2 0.14765625 0.76484375 0.0796875 0.0890625
2 0.7765625 0.1203125 0.11640625 0.16875
0 0.8109375 0.17578125 0.053125 0.0515625
2 0.88203125 0.11953125 0.09609375 0.16640625
2 0.78125 0.403125 0.23125 0.30078125
2 0.44921875 0.97578125 0.1796875 0.0484375
0 0.60859375 0.4046875 0.053125 0.07890625
1 0.18046875 0.140625 0.03125 0.121875
2 0.06640625 0.0234375 0.06484375 0.046875
2 0.39765625 0.88203125 0.06171875 0.1359375
2 0.146875 0.60703125 0.0828125 0.12578125
0 0.7375 0.8828125 0.1265625 0.1625
0 0.61328125 0.35 0.059375 0.0859375