2 0.39453125 0.48671875 0.16875 0.30078125
2 0.125 0.50078125 0.153125 0.31875
2 0.12578125 0.1484375 0.14765625 0.225
2 0.39375 0.109375 0.1640625 0.14453125
2 0.59296875 0.5625 0.15390625 0.18203125
2 0.4296875 0.2609375 0.08359375 0.16015625
2 0.35078125 0.25546875 0.07578125 0.15
2 0.5921875 0.14375 0.13359375 0.20703125
2 0.2453125 0.70703125 0.08984375 0.1078125
0 0.453125 0.31953125 0.0375 0.05078125
2 0.25546875 0.08203125 0.1078125 0.08359375
2 0.59609375 0.4 0.153125 0.15234375
0 0.225 0.3203125 0.0390625 0.06015625
2 0.5625 0.29140625 0.07265625 0.08046875
0 0.4 0.2125 0.0328125 0.0484375
0 0.621875 0.3390625 0.0421875 0.065625
2 0.09609375 0.2984375 0.0875 0.0953125
0 0.60859375 0.28515625 0.02734375 0.04375
0 0.4578125 0.1328125 0.0359375 0.0625
0 0.2171875 0.54140625 0.046875 0.06796875
2 0.2546875 0.496875 0.1109375 0.31171875
2 0.8015625 0.2015625 0.053125 0.0875
0 0.18359375 0.3078125 0.04140625 0.06796875
2 0.33359375 0.36875 0.0421875 0.08828125
0 0.65390625 0.54140625 0.0421875 0.05859375
0 0.4546875 0.20390625 0.03359375 0.05
0 0.23125 0.628125 0.04375 0.07109375
1 0.05078125 0.4171875 0.02734375 0.1140625
0 0.2703125 0.27265625 0.03515625 0.0515625
0 0.14921875 0.29375 0.0359375 0.05078125
2 0.8375 0.4953125 0.20859375 0.32421875
1 0.47578125 0.4296875 0.02734375 0.1609375
0 0.78984375 0.26015625 0.02890625 0.04375
0 0.45625 0.5421875 0.0515625 0.06953125
0 0.625 0.22890625 0.0375 0.06015625
0 0.70703125 0.66796875 0.040625 0.06015625
1 0.121875 0.034375 0.06953125 0.025
1 0.471875 0.2609375 0.025 0.08359375
2 0.71640625 0.08046875 0.1 0.07890625
2 0.925 0.29140625 0.0296875 0.05390625
0 0.70625 0.60234375 0.04453125 0.06171875
2 0.84375 0.09921875 0.14765625 0.11015625
0 0.49140625 0.13515625 0.03515625 0.05703125
1 0.58671875 0.03671875 0.06640625 0.0265625
1 0.8828125 0.321875 0.046875 0.02734375
1 0.85625 0.6484375 0.059375 0.03046875
1 0.2015625 0.43828125 0.02109375 0.15078125
2 0.92421875 0.25859375 0.0296875 0.07421875
0 0.32109375 0.39765625 0.02578125 0.03203125
2 0.2828125 0.2109375 0.0484375 0.075
2 0.88515625 0.23671875 0.11328125 0.16484375