2 0.7828125 0.3703125 0.28671875 0.46796875
2 0.4953125 0.3828125 0.2890625 0.4921875
0 0.66953125 0.5296875 0.0609375 0.11015625
0 0.384375 0.56640625 0.06015625 0.1046875
2 0.215625 0.36171875 0.28828125 0.46953125
0 0.121875 0.4765625 0.0515625 0.090625
2 0.13125 0.55859375 0.1015625 0.08515625
0 0.3859375 0.73671875 0.05390625 0.0953125
2 0.79140625 0.728125 0.2765625 0.2109375
0 0.609375 0.7890625 0.059375 0.11484375
2 0.9625 0.31171875 0.075 0.3453125
2 0.96640625 0.6625 0.0609375 0.1125
0 0.9796875 0.575 0.03828125 0.07109375
0 0.98203125 0.74921875 0.03515625 0.08203125
2 0.453125 0.865625 0.17890625 0.1296875
0 0.6078125 0.86015625 0.06171875 0.175
2 0.45390625 0.653125 0.04453125 0.07265625
0 0.46875 0.75546875 0.0546875 0.078125