2 0.24296875 0.22578125 0.30859375 0.296875
2 0.1875 0.61015625 0.203125 0.1953125
2 0.16640625 0.4421875 0.15078125 0.14453125
2 0.4828125 0.8296875 0.1671875 0.2453125
2 0.57109375 0.58359375 0.25 0.23046875
0 0.321875 0.32109375 0.07265625 0.10625
0 0.35078125 0.74453125 0.06640625 0.11171875
0 0.26171875 0.5671875 0.06484375 0.10078125
0 0.4328125 0.41796875 0.07421875 0.11171875
0 0.71171875 0.41796875 0.06640625 0.10859375
2 0.53671875 0.26640625 0.28046875 0.39375
1 0.0890625 0.2390625 0.0359375 0.16328125
0 0.35234375 0.57734375 0.06640625 0.11484375
1 0.69140625 0.571875 0.03984375 0.1109375
0 0.64765625 0.4203125 0.05625 0.0921875
1 0.0890625 0.4671875 0.02890625 0.08671875
2 0.37109375 0.88828125 0.0703125 0.10859375
0 0.37265625 0.8890625 0.06953125 0.10859375
1 0.6796875 0.2671875 0.0484375 0.20546875
1 0.0875 0.55546875 0.02265625 0.075
1 0.75625 0.70078125 0.11171875 0.04140625
1 0.46875 0.94765625 0.11796875 0.02734375