2 0.2046875 0.2546875 0.29375 0.20078125
2 0.84609375 0.659375 0.1703125 0.125
2 0.7546875 0.77734375 0.125 0.1125
2 0.875 0.778125 0.11640625 0.1125
2 0.8140625 0.49453125 0.22890625 0.21640625
0 0.715625 0.56328125 0.0640625 0.07421875
0 0.7359375 0.68828125 0.0640625 0.07421875
0 0.84140625 0.6984375 0.04921875 0.0578125
1 0.92890625 0.52421875 0.0390625 0.11015625
0 0.61484375 0.8765625 0.06875 0.08984375
2 0.52890625 0.2625 0.33203125 0.18671875
0 0.715625 0.34375 0.059375 0.075
1 0.05859375 0.2875 0.025 0.08515625
2 0.81328125 0.2875 0.2171875 0.19296875
1 0.296875 0.36953125 0.1078125 0.04140625
1 0.62421875 0.15390625 0.0890625 0.046875
1 0.125 0.3546875 0.11328125 0.02578125
1 0.26796875 0.15234375 0.13828125 0.0296875
0 0.62421875 0.11171875 0.090625 0.1125