2 0.1921875 0.7171875 0.24609375 0.43984375
2 0.80546875 0.73203125 0.28046875 0.3265625
2 0.6953125 0.340625 0.3984375 0.42890625
2 0.5796875 0.7625 0.171875 0.25546875
2 0.1875 0.35390625 0.23671875 0.30234375
2 0.46015625 0.253125 0.078125 0.23203125
2 0.36875 0.26484375 0.10859375 0.20078125
0 0.36796875 0.3953125 0.05703125 0.08828125
2 0.44921875 0.8234375 0.0828125 0.140625
1 0.06640625 0.33828125 0.0421875 0.253125
0 0.765625 0.925 0.0625 0.0953125
1 0.0671875 0.6859375 0.0390625 0.25390625
0 0.4453125 0.38828125 0.04609375 0.08046875
1 0.89140625 0.2625 0.0421875 0.275
2 0.39921875 0.5578125 0.18203125 0.3828125
0 0.909375 0.43125 0.059375 0.11640625
0 0.63984375 0.91953125 0.053125 0.08828125
0 0.4328125 0.72734375 0.0421875 0.07421875
0 0.653125 0.81171875 0.0421875 0.07734375
1 0.9484375 0.75390625 0.02890625 0.22734375
0 0.29609375 0.43046875 0.046875 0.1125
2 0.440625 0.946875 0.09375 0.10625
2 0.3578125 0.93203125 0.05546875 0.1
2 0.571875 0.9453125 0.05234375 0.10859375
0 0.675 0.61171875 0.02578125 0.071875
0 0.9203125 0.6421875 0.04140625 0.07421875