2 0.8546875 0.22421875 0.11640625 0.2984375
2 0.3234375 0.8015625 0.13984375 0.1984375
2 0.43828125 0.55234375 0.0921875 0.3015625
2 0.87890625 0.484375 0.06328125 0.209375
2 0.85390625 0.80625 0.11640625 0.19921875
2 0.3234375 0.17890625 0.1421875 0.20625
2 0.27890625 0.52109375 0.04921875 0.1109375
0 0.83515625 0.51484375 0.0359375 0.06484375
2 0.1234375 0.696875 0.12265625 0.19375
0 0.371875 0.2546875 0.0359375 0.0671875
0 0.28515625 0.6109375 0.034375 0.06640625
2 0.50234375 0.45078125 0.0453125 0.140625
0 0.2890625 0.73125 0.03125 0.071875
2 0.1609375 0.390625 0.1859375 0.40078125
0 0.83359375 0.37578125 0.0328125 0.0671875
2 0.2875 0.39765625 0.0671875 0.140625
0 0.33828125 0.559375 0.03515625 0.065625
0 0.29296875 0.26015625 0.02890625 0.06015625
0 0.77421875 0.81953125 0.03515625 0.0734375
0 0.49765625 0.54375 0.03515625 0.0640625
0 0.22421875 0.1578125 0.03125 0.065625
0 0.815625 0.734375 0.03515625 0.0671875
0 0.33359375 0.43671875 0.03515625 0.06328125
0 0.215625 0.68515625 0.02578125 0.05546875
1 0.065625 0.69609375 0.0171875 0.0890625
2 0.35546875 0.34375 0.0734375 0.12265625
0 0.2296875 0.81015625 0.04140625 0.1015625
1 0.73046875 0.18515625 0.05546875 0.03984375
1 0.821875 0.90546875 0.03828125 0.0328125
1 0.109375 0.18828125 0.04140625 0.0296875
2 0.28828125 0.3171875 0.06484375 0.059375
1 0.06640625 0.28515625 0.01796875 0.0796875
0 0.1375 0.7734375 0.02578125 0.05078125
1 0.27890625 0.9078125 0.03359375 0.028125
0 0.35625 0.4984375 0.03125 0.06328125
1 0.74296875 0.79609375 0.02578125 0.0359375
2 0.22890625 0.80859375 0.04140625 0.103125
1 0.4578125 0.70625 0.01953125 0.02578125
2 0.7546875 0.85078125 0.06953125 0.125
2 0.21796875 0.75078125 0.0703125 0.0859375
2 0.70390625 0.49140625 0.1890625 0.6203125
1 0.03671875 0.45390625 0.01015625 0.0734375
1 0.03515625 0.53125 0.01015625 0.06640625
1 0.28046875 0.075 0.028125 0.021875