2 0.6796875 0.75390625 0.11953125 0.2890625
0 0.7671875 0.4421875 0.06875 0.109375
0 0.59453125 0.73984375 0.06015625 0.090625
0 0.18046875 0.85390625 0.06875 0.11796875
2 0.13359375 0.2484375 0.13671875 0.4203125
0 0.16484375 0.403125 0.07265625 0.10625
0 0.64921875 0.42734375 0.06796875 0.10625
0 0.6515625 0.553125 0.06640625 0.109375
0 0.571875 0.5390625 0.0640625 0.11171875
0 0.22890625 0.4015625 0.07421875 0.10703125
0 0.3890625 0.93984375 0.06796875 0.10625
2 0.784375 0.26484375 0.3375 0.44375
2 0.84921875 0.69609375 0.21953125 0.3953125
2 0.2296875 0.9515625 0.26328125 0.096875
0 0.5828125 0.8421875 0.06953125 0.12578125
2 0.31015625 0.9484375 0.09609375 0.09921875
2 0.51796875 0.53203125 0.046875 0.075
2 0.31171875 0.68984375 0.46171875 0.41875
2 0.40546875 0.26875 0.41875 0.453125
1 0.08671875 0.7140625 0.01640625 0.2640625
1 0.95703125 0.68359375 0.01953125 0.26875