2 0.38359375 0.88828125 0.11953125 0.190625
2 0.62734375 0.19375 0.12890625 0.25859375
2 0.87265625 0.896875 0.134375 0.13828125
2 0.846875 0.259375 0.246875 0.36328125
0 0.59921875 0.3546875 0.0625 0.07890625
0 0.13046875 0.37578125 0.06640625 0.08515625
0 0.72109375 0.703125 0.07578125 0.08828125
0 0.8390625 0.79375 0.07109375 0.084375
2 0.1015625 0.60703125 0.1296875 0.3484375
0 0.4671875 0.84296875 0.06484375 0.0859375
2 0.7515625 0.8953125 0.12109375 0.14140625
0 0.128125 0.73515625 0.065625 0.084375
2 0.1 0.246875 0.1296875 0.36171875
0 0.2 0.3765625 0.06953125 0.08828125
0 0.72578125 0.3828125 0.07421875 0.08828125
0 0.6453125 0.78515625 0.0734375 0.1109375
2 0.828125 0.62578125 0.28828125 0.38359375
2 0.21015625 0.89609375 0.1078125 0.2078125
0 0.22734375 0.75078125 0.06953125 0.08515625
1 0.16171875 0.89921875 0.02890625 0.090625
0 0.65859375 0.87734375 0.065625 0.09609375
1 0.17265625 0.57578125 0.05 0.25625
1 0.1734375 0.2109375 0.05078125 0.2609375
0 0.58671875 0.90703125 0.06796875 0.0875
2 0.5875 0.603125 0.0609375 0.1140625
2 0.365625 0.6140625 0.37734375 0.3546875
1 0.96015625 0.59296875 0.03984375 0.15625
1 0.565625 0.48046875 0.0296875 0.10859375
2 0.02109375 0.19140625 0.04140625 0.2609375
2 0.5765625 0.025 0.121875 0.05
2 0.740625 0.7921875 0.1015625 0.071875
2 0.37109375 0.259375 0.36953125 0.384375