2 0.8328125 0.83984375 0.23671875 0.29375
2 0.078125 0.24765625 0.08515625 0.38203125
0 0.74453125 0.4140625 0.0703125 0.11875
0 0.74453125 0.75078125 0.071875 0.11640625
2 0.846875 0.490625 0.22421875 0.41015625
0 0.684375 0.24140625 0.05703125 0.0984375
0 0.63359375 0.5078125 0.059375 0.09140625
2 0.79609375 0.15546875 0.3078125 0.24765625
2 0.5515625 0.103125 0.0625 0.0984375
1 0.95390625 0.83046875 0.0390625 0.16796875
0 0.5453125 0.3328125 0.05390625 0.0921875
0 0.0984375 0.3796875 0.046875 0.08671875
2 0.3125 0.24296875 0.3671875 0.4609375
0 0.66953125 0.8703125 0.06796875 0.11796875
1 0.95625 0.1609375 0.0390625 0.16484375
2 0.5625 0.5328125 0.096875 0.1453125
2 0.5671875 0.21796875 0.10078125 0.13046875
2 0.6015625 0.096875 0.03984375 0.08203125
0 0.6578125 0.065625 0.02890625 0.04453125
1 0.9546875 0.50234375 0.03828125 0.22734375
0 0.571875 0.15390625 0.02109375 0.04375