2 0.4484375 0.17265625 0.271875 0.17265625
2 0.89609375 0.290625 0.13671875 0.06953125
2 0.76171875 0.290625 0.1359375 0.0671875
2 0.828125 0.3875 0.27265625 0.12421875
0 0.65546875 0.3015625 0.10625 0.040625
2 0.840625 0.67421875 0.2359375 0.07265625
0 0.63984375 0.23828125 0.121875 0.05234375
0 0.88203125 0.24140625 0.1015625 0.04296875
2 0.83359375 0.4875 0.2765625 0.07109375
0 0.54921875 0.5515625 0.11640625 0.05859375
0 0.5234375 0.2375 0.11328125 0.05
2 0.76953125 0.17421875 0.38828125 0.16875
0 0.80390625 0.615625 0.115625 0.05546875
1 0.4953125 0.0828125 0.14375 0.01875
0 0.1625 0.059375 0.12421875 0.059375
0 0.64921875 0.3765625 0.11953125 0.04609375
1 0.8265625 0.52734375 0.14140625 0.01953125
0 0.82734375 0.4359375 0.10703125 0.04296875
1 0.671875 0.08203125 0.1609375 0.01953125
2 0.17109375 0.1734375 0.3015625 0.175
1 0.97578125 0.4359375 0.03515625 0.05078125
2 0.36953125 0.39140625 0.6765625 0.2609375
1 0.284375 0.525 0.246875 0.02109375