2 0.89921875 0.50234375 0.1390625 0.23125
2 0.47421875 0.68203125 0.1015625 0.26328125
2 0.06796875 0.48828125 0.0890625 0.2140625
2 0.38359375 0.3265625 0.08046875 0.2921875
2 0.7953125 0.49765625 0.07578125 0.22734375
2 0.16328125 0.67421875 0.1015625 0.275
2 0.36875 0.71953125 0.046875 0.1765625
2 0.30625 0.25703125 0.07265625 0.15234375
2 0.7578125 0.7125 0.075 0.2125
2 0.2484375 0.6984375 0.0703125 0.20859375
2 0.31015625 0.396875 0.06640625 0.146875
2 0.3140625 0.71796875 0.0671875 0.18359375
2 0.47421875 0.35625 0.10625 0.334375
0 0.2546875 0.8453125 0.0359375 0.0859375
0 0.25625 0.56484375 0.0390625 0.0890625
0 0.375 0.6 0.034375 0.0828125
2 0.409375 0.72265625 0.03359375 0.16640625
0 0.3546875 0.22734375 0.0328125 0.08125
0 0.43671875 0.71640625 0.02890625 0.06953125
0 0.384375 0.1515625 0.03125 0.08125
0 0.38359375 0.440625 0.0375 0.0875
0 0.8453125 0.54296875 0.03671875 0.08359375
0 0.4375 0.5875 0.03515625 0.07890625
0 0.43828125 0.51015625 0.0359375 0.07578125
0 0.74609375 0.53125 0.03046875 0.07265625
2 0.1921875 0.32265625 0.165625 0.26875
1 0.46796875 0.815625 0.05234375 0.046875
2 0.621875 0.49921875 0.13515625 0.23125
0 0.27109375 0.675 0.02578125 0.06171875
0 0.68125 0.55703125 0.03359375 0.078125
1 0.3765625 0.81484375 0.028125 0.0359375
1 0.1625 0.815625 0.05859375 0.0453125
1 0.02578125 0.5453125 0.015625 0.08046875
1 0.41171875 0.8171875 0.02734375 0.0421875
1 0.02421875 0.446875 0.01484375 0.1140625
2 0.80078125 0.10546875 0.140625 0.13046875
2 0.909375 0.08671875 0.04140625 0.06640625
0 0.7421875 0.61328125 0.02109375 0.03515625
2 0.7078125 0.4703125 0.02578125 0.0703125
1 0.2359375 0.1828125 0.0578125 0.04375
1 0.85859375 0.60703125 0.03359375 0.03125