2 0.48984375 0.23125 0.23515625 0.3390625
2 0.2046875 0.52890625 0.32890625 0.53828125
2 0.5109375 0.52265625 0.1984375 0.246875
0 0.315625 0.25546875 0.08359375 0.2421875
0 0.54296875 0.903125 0.09453125 0.16015625
2 0.49140625 0.74296875 0.2375 0.225
0 0.5203125 0.6875 0.06875 0.11953125
0 0.33515625 0.69921875 0.08828125 0.11953125
1 0.1703125 0.25625 0.221875 0.06796875
2 0.77421875 0.4546875 0.32890625 0.68515625
1 0.51171875 0.06484375 0.15078125 0.05078125
1 0.7390625 0.07109375 0.23046875 0.0578125
0 0.57109375 0.709375 0.090625 0.14609375
0 0.50859375 0.73671875 0.1953125 0.21640625
1 0.6046875 0.7203125 0.03671875 0.1359375