2 0.2109375 0.45390625 0.25078125 0.41953125
2 0.33046875 0.75703125 0.20234375 0.19609375
2 0.46640625 0.38203125 0.27109375 0.25546875
0 0.68046875 0.3671875 0.08515625 0.1921875
0 0.25625 0.703125 0.08203125 0.09140625
2 0.1625 0.7578125 0.14453125 0.19609375
0 0.49375 0.85546875 0.10390625 0.20625
0 0.46484375 0.76484375 0.0890625 0.0859375
1 0.2390625 0.24609375 0.171875 0.05078125
1 0.778125 0.36796875 0.12265625 0.0578125
0 0.29296875 0.615625 0.08046875 0.0984375
1 0.478125 0.24375 0.18125 0.04765625
2 0.70625 0.61171875 0.30859375 0.459375
0 0.47578125 0.79765625 0.10546875 0.1421875