2 0.159375 0.55234375 0.21953125 0.1671875
0 0.53359375 0.1171875 0.1078125 0.13515625
2 0.365625 0.62578125 0.17734375 0.09453125
2 0.36015625 0.4 0.1796875 0.1328125
0 0.40625 0.5546875 0.08125 0.0578125
0 0.4015625 0.70078125 0.11171875 0.065625
0 0.5390625 0.90625 0.11015625 0.0828125
0 0.3109375 0.525 0.1 0.05859375
0 0.53828125 0.7890625 0.11171875 0.0703125
2 0.76875 0.76796875 0.3515625 0.22109375
0 0.36328125 0.31171875 0.09453125 0.059375
2 0.16171875 0.40234375 0.21953125 0.134375
0 0.228125 0.48828125 0.09296875 0.059375
2 0.23984375 0.225 0.40703125 0.21640625
0 0.5609375 0.72578125 0.103125 0.065625
1 0.24453125 0.87890625 0.1921875 0.03984375
2 0.24921875 0.75703125 0.40703125 0.24375
1 0.7234375 0.875 0.16171875 0.03203125
1 0.68359375 0.115625 0.20234375 0.02578125
1 0.28828125 0.115625 0.15859375 0.02734375
1 0.2203125 0.11640625 0.0703125 0.025
1 0.12734375 0.1171875 0.12890625 0.0265625
2 0.365625 0.51796875 0.18125 0.1046875
2 0.69609375 0.38515625 0.49765625 0.55078125