2 0.4765625 0.21328125 0.26875 0.27890625
0 0.56796875 0.4421875 0.0828125 0.05859375
0 0.40234375 0.35078125 0.09296875 0.071875
0 0.4796875 0.48125 0.0625 0.04609375
0 0.5671875 0.52578125 0.0765625 0.05546875
2 0.1625 0.4546875 0.15078125 0.10078125
0 0.29296875 0.35078125 0.0921875 0.07109375
0 0.265625 0.43671875 0.07578125 0.0515625
0 0.4140625 0.48125 0.0625 0.04609375
0 0.6875 0.11875 0.07890625 0.05703125
2 0.1375 0.76796875 0.06328125 0.05
2 0.215625 0.21875 0.2640625 0.30234375
1 0.82109375 0.15546875 0.20234375 0.0421875
2 0.11484375 0.68125 0.21171875 0.10625
0 0.57421875 0.79765625 0.05390625 0.040625
1 0.47578125 0.875 0.1328125 0.0359375
2 0.44921875 0.53828125 0.16484375 0.0734375
0 0.14296875 0.9046875 0.06015625 0.04375
0 0.58203125 0.634375 0.05859375 0.03984375
1 0.4453125 0.0578125 0.17421875 0.0390625
2 0.06171875 0.7640625 0.05078125 0.04609375
2 0.35 0.9578125 0.2890625 0.08359375
1 0.775 0.94765625 0.1671875 0.034375
0 0.2984375 0.740625 0.071875 0.10703125
2 0.07890625 0.86328125 0.0671875 0.0484375
0 0.078125 0.9046875 0.05546875 0.04296875
0 0.68515625 0.17578125 0.0796875 0.06484375
2 0.803125 0.7875 0.2859375 0.2578125
2 0.646875 0.640625 0.08046875 0.0640625
1 0.16171875 0.05703125 0.1703125 0.03515625
2 0.1390625 0.8625 0.06640625 0.04609375
2 0.02578125 0.4484375 0.05078125 0.1234375
0 0.70546875 0.903125 0.059375 0.04453125
0 0.30078125 0.71015625 0.06640625 0.05703125