2 0.3671875 0.3203125 0.53984375 0.20859375
2 0.76640625 0.30625 0.3 0.18984375
2 0.77265625 0.54765625 0.290625 0.1546875
2 0.265625 0.6765625 0.3046875 0.0953125
2 0.35703125 0.46328125 0.1796875 0.071875
2 0.2703125 0.5640625 0.31640625 0.1203125
0 0.36640625 0.1921875 0.09765625 0.0546875
0 0.51796875 0.53046875 0.0953125 0.05078125
0 0.40703125 0.5203125 0.0890625 0.040625
1 0.7546875 0.2109375 0.190625 0.0296875
0 0.1609375 0.53046875 0.0875 0.0453125
1 0.22421875 0.21171875 0.18828125 0.02890625
2 0.8171875 0.4375 0.2015625 0.0703125
1 0.7734375 0.625 0.190625 0.02890625
0 0.47109375 0.453125 0.0953125 0.04140625
0 0.665625 0.4875 0.075 0.0421875
2 0.1953125 0.47265625 0.16171875 0.08984375
0 0.45546875 0.6859375 0.1046875 0.04921875
0 0.6546875 0.3875 0.07421875 0.03984375
0 0.52109375 0.64375 0.084375 0.05234375
1 0.58828125 0.6265625 0.0625 0.02265625
1 0.546875 0.2109375 0.12109375 0.028125
0 0.69375 0.4234375 0.0859375 0.03828125