2 0.12890625 0.27109375 0.19375 0.19921875
2 0.590625 0.55 0.12265625 0.15703125
2 0.40234375 0.68828125 0.15546875 0.1765625
2 0.09296875 0.58984375 0.12421875 0.13671875
2 0.87890625 0.35 0.196875 0.2453125
2 0.88203125 0.58984375 0.18984375 0.2375
2 0.190625 0.53515625 0.06875 0.13046875
2 0.5875 0.67421875 0.125 0.084375
2 0.0953125 0.7125 0.115625 0.1125
2 0.74765625 0.68984375 0.0796875 0.18515625
0 0.25234375 0.12578125 0.05703125 0.06484375
0 0.59375 0.60859375 0.04453125 0.053125
0 0.13671875 0.5484375 0.04375 0.04765625
0 0.24921875 0.53359375 0.06015625 0.06796875
0 0.2484375 0.434375 0.05625 0.0703125
0 0.81171875 0.5015625 0.05859375 0.06484375
0 0.11015625 0.49453125 0.05625 0.06953125
2 0.58359375 0.7484375 0.11875 0.06484375
1 0.48203125 0.4734375 0.0265625 0.090625
0 0.25859375 0.8125 0.0625 0.07421875
1 0.4828125 0.28984375 0.02421875 0.08828125
0 0.09921875 0.63671875 0.04375 0.05390625
0 0.8109375 0.4359375 0.05703125 0.06015625
1 0.9765625 0.41171875 0.02734375 0.08515625
1 0.978125 0.528125 0.02578125 0.0921875
0 0.66875 0.4921875 0.04296875 0.05078125
1 0.12734375 0.1640625 0.0765625 0.028125
0 0.20390625 0.2609375 0.04609375 0.096875
2 0.6796875 0.69921875 0.0625 0.14453125
2 0.3578125 0.2734375 0.25390625 0.19921875
2 0.8890625 0.7484375 0.1828125 0.0625
2 0.6171875 0.34921875 0.1765625 0.2390625
1 0.38046875 0.778125 0.0765625 0.02421875
1 0.3984375 0.165625 0.07578125 0.028125
1 0.75 0.78125 0.0546875 0.025
1 0.74375 0.6 0.08125 0.0203125
2 0.74765625 0.284375 0.084375 0.23125
1 0.74765625 0.16328125 0.06015625 0.025
0 0.71796875 0.44453125 0.06328125 0.0703125
2 0.34765625 0.48359375 0.25078125 0.2296875
1 0.09921875 0.77578125 0.03125 0.02421875
2 0.11015625 0.4953125 0.05703125 0.07265625
1 0.259375 0.6 0.065625 0.01796875
2 0.71796875 0.50390625 0.1375 0.20546875
2 0.128125 0.44609375 0.19609375 0.15859375