2 0.7015625 0.75234375 0.29609375 0.27421875
2 0.321875 0.77578125 0.2578125 0.2296875
2 0.28359375 0.53046875 0.1609375 0.0765625
0 0.4984375 0.1875 0.10703125 0.07734375
0 0.50234375 0.80703125 0.103125 0.06484375
0 0.39140625 0.54296875 0.078125 0.0484375
0 0.5203125 0.55703125 0.0875 0.05390625
0 0.39453125 0.59296875 0.07265625 0.04609375
0 0.4140625 0.70859375 0.0890625 0.05859375
2 0.2828125 0.609375 0.171875 0.08515625
2 0.52265625 0.35703125 0.659375 0.27890625
0 0.6734375 0.54140625 0.0765625 0.046875
2 0.503125 0.91015625 0.08671875 0.0640625
1 0.33984375 0.215625 0.2234375 0.02890625
2 0.63046875 0.56171875 0.14921875 0.12265625
1 0.678125 0.21484375 0.27890625 0.0296875
2 0.76796875 0.5859375 0.13359375 0.07109375
0 0.59375 0.646875 0.09453125 0.0625
1 0.34375 0.8890625 0.21484375 0.025
1 0.71875 0.88671875 0.15390625 0.0265625
2 0.6609375 0.55546875 0.11015625 0.08828125