2 0.209375 0.296875 0.0921875 0.13984375
2 0.61171875 0.19375 0.0609375 0.17578125
2 0.51875 0.19453125 0.06171875 0.17734375
2 0.459375 0.25 0.06328125 0.1890625
2 0.7421875 0.41796875 0.09921875 0.14140625
2 0.56484375 0.16953125 0.03125 0.13046875
2 0.184375 0.175 0.04375 0.1125
2 0.06953125 0.2328125 0.065625 0.24609375
2 0.575 0.48203125 0.11640625 0.26640625
2 0.7375 0.271875 0.10625 0.146875
2 0.23046875 0.17421875 0.04453125 0.1109375
2 0.70859375 0.87109375 0.0578125 0.07265625
0 0.46953125 0.1703125 0.01640625 0.03984375
0 0.12421875 0.09609375 0.021875 0.04921875
0 0.0671875 0.378125 0.0234375 0.06171875
0 0.15390625 0.30703125 0.02265625 0.05234375
2 0.65859375 0.23203125 0.034375 0.08125
0 0.57265625 0.25 0.01796875 0.040625
0 0.4828125 0.31484375 0.021875 0.05
0 0.728125 0.75703125 0.01796875 0.0421875
0 0.12265625 0.296875 0.02109375 0.0515625
0 0.70703125 0.3703125 0.021875 0.04765625
2 0.7234375 0.80625 0.028125 0.06328125
0 0.671875 0.5015625 0.0203125 0.0546875
0 0.59296875 0.6375 0.021875 0.05078125
0 0.64921875 0.28828125 0.01796875 0.03984375
0 0.7 0.81796875 0.01953125 0.04609375
0 0.15625 0.1640625 0.01796875 0.0375
1 0.51640625 0.54453125 0.015625 0.14375
1 0.7921875 0.4515625 0.0125 0.07578125
0 0.20078125 0.13984375 0.01796875 0.03984375
1 0.428125 0.309375 0.01015625 0.06953125
1 0.0359375 0.3171875 0.01328125 0.053125
0 0.128125 0.25390625 0.01796875 0.03671875
1 0.7921875 0.228125 0.01171875 0.0734375
2 0.77421875 0.8390625 0.07265625 0.13046875
0 0.67421875 0.4234375 0.0234375 0.05390625
2 0.13046875 0.2 0.0578125 0.1765625
1 0.53046875 0.1 0.028125 0.021875
2 0.6640625 0.43984375 0.046875 0.0765625
1 0.7734375 0.4859375 0.02734375 0.02109375
2 0.46015625 0.1328125 0.053125 0.053125
2 0.66875 0.340625 0.05625 0.12421875
1 0.64296875 0.13984375 0.009375 0.05703125
0 0.70546875 0.32265625 0.021875 0.04296875
1 0.62734375 0.103125 0.0265625 0.0203125
2 0.4953125 0.2328125 0.090625 0.1890625
0 0.59140625 0.2453125 0.01875 0.059375
0 0.5375 0.23984375 0.01875 0.04453125
0 0.13359375 0.38203125 0.01796875 0.04453125
2 0.58515625 0.18046875 0.0765625 0.1515625
0 0.6671875 0.434375 0.0390625 0.06796875
1 0.559375 0.61484375 0.046875 0.02265625
1 0.7109375 0.196875 0.01484375 0.01953125
1 0.14453125 0.1171875 0.0234375 0.01875
2 0.15 0.209375 0.02890625 0.10859375
1 0.44453125 0.34609375 0.0265625 0.0171875