2 0.31796875 0.41171875 0.36328125 0.296875
2 0.22421875 0.753125 0.14609375 0.1875
2 0.75625 0.83515625 0.28359375 0.1203125
0 0.56796875 0.68125 0.11171875 0.09375
0 0.25859375 0.534375 0.1015625 0.071875
0 0.41953125 0.203125 0.11328125 0.08359375
2 0.33671875 0.146875 0.24921875 0.2125
0 0.73203125 0.74296875 0.08828125 0.0640625
0 0.44296875 0.79765625 0.1203125 0.10546875
1 0.5765625 0.10078125 0.2078125 0.04140625
0 0.69609375 0.3453125 0.42421875 0.50546875
2 0.3484375 0.80859375 0.08515625 0.078125
1 0.328125 0.25625 0.18671875 0.04375
0 0.434375 0.60078125 0.1078125 0.078125
2 0.77734375 0.6984375 0.265625 0.153125
2 0.25625 0.603125 0.2171875 0.103125
2 0.68359375 0.6328125 0.1234375 0.0515625