2 0.1171875 0.65234375 0.16953125 0.25234375
2 0.3421875 0.85625 0.10234375 0.11328125
2 0.82109375 0.3578125 0.2625 0.22265625
2 0.11640625 0.38359375 0.16796875 0.2875
2 0.5625 0.8546875 0.1265625 0.11640625
2 0.825 0.57265625 0.27109375 0.20703125
2 0.56328125 0.73046875 0.1171875 0.1390625
2 0.3984375 0.72890625 0.209375 0.13828125
2 0.3171875 0.13359375 0.2421875 0.19375
2 0.09921875 0.1328125 0.1984375 0.21328125
2 0.55859375 0.45 0.28046875 0.39765625
2 0.80234375 0.7953125 0.334375 0.23828125
0 0.13984375 0.49609375 0.06875 0.08359375
0 0.140625 0.88203125 0.08046875 0.0875
0 0.7234375 0.5046875 0.078125 0.084375
0 0.6421875 0.83203125 0.071875 0.0671875
0 0.65234375 0.6984375 0.0703125 0.08046875
0 0.26484375 0.7484375 0.06171875 0.07421875
0 0.721875 0.42109375 0.0890625 0.0796875
0 0.265625 0.8421875 0.0578125 0.0609375
0 0.47734375 0.759375 0.05390625 0.06171875
1 0.37421875 0.23984375 0.1140625 0.0421875
2 0.2953125 0.40703125 0.1890625 0.31328125
0 0.278125 0.26875 0.0703125 0.0875
1 0.9515625 0.534375 0.04609375 0.12734375
0 0.27578125 0.22734375 0.08828125 0.14765625
1 0.953125 0.746875 0.04375 0.1390625
1 0.871875 0.93046875 0.16875 0.034375
1 0.11015625 0.2421875 0.14609375 0.02734375