2 0.190625 0.48671875 0.14453125 0.1640625
2 0.2890625 0.834375 0.1890625 0.2109375
2 0.6609375 0.81484375 0.178125 0.23828125
2 0.5328125 0.86953125 0.08203125 0.14921875
0 0.596875 0.72734375 0.05625 0.06328125
0 0.52109375 0.7671875 0.05625 0.0671875
2 0.153125 0.7171875 0.08984375 0.0734375
0 0.25703125 0.13125 0.04375 0.04609375
0 0.17890625 0.4234375 0.04140625 0.05078125
2 0.2859375 0.64921875 0.2 0.15703125
0 0.77890625 0.7203125 0.0546875 0.065625
0 0.32421875 0.2609375 0.0578125 0.0671875
0 0.4609375 0.82578125 0.0609375 0.06875
2 0.83828125 0.81640625 0.17890625 0.24140625
2 0.2046875 0.175 0.071875 0.2203125
0 0.3640625 0.75859375 0.0546875 0.06328125
2 0.19140625 0.346875 0.1359375 0.11171875
0 0.60390625 0.36875 0.05234375 0.06953125
0 0.365625 0.65078125 0.05625 0.0625
2 0.3515625 0.1734375 0.23125 0.215625
0 0.16328125 0.66171875 0.04140625 0.04609375
1 0.93125 0.53828125 0.03359375 0.09453125
0 0.21875 0.5953125 0.05625 0.065625
1 0.2828125 0.05703125 0.04296875 0.02890625
2 0.47578125 0.68671875 0.17734375 0.21171875
0 0.0953125 0.6421875 0.04765625 0.05546875
1 0.5328125 0.28515625 0.06484375 0.0265625
2 0.42109375 0.4328125 0.28359375 0.26796875
1 0.93125 0.45078125 0.0328125 0.0984375
1 0.796875 0.39765625 0.1125 0.03046875
1 0.88828125 0.3984375 0.084375 0.02578125
2 0.1546875 0.62421875 0.07890625 0.11328125
0 0.53203125 0.85703125 0.08203125 0.17421875
2 0.440625 0.87421875 0.10625 0.14453125
2 0.79453125 0.54453125 0.2953125 0.2890625
1 0.11640625 0.46171875 0.0296875 0.0796875