2 0.31640625 0.27421875 0.19453125 0.2078125
2 0.29375 0.6296875 0.1515625 0.26875
2 0.1265625 0.275 0.1859375 0.21640625
2 0.8140625 0.6234375 0.18515625 0.2984375
2 0.3296875 0.44453125 0.07734375 0.11875
2 0.453125 0.32890625 0.0796875 0.10546875
2 0.2578125 0.440625 0.071875 0.12109375
2 0.86328125 0.24296875 0.08203125 0.14375
2 0.453125 0.23515625 0.07890625 0.08515625
0 0.3859375 0.465625 0.0484375 0.059375
0 0.7984375 0.365625 0.03984375 0.06484375
0 0.3890625 0.3484375 0.0453125 0.06796875
0 0.74296875 0.3703125 0.04453125 0.059375
0 0.4359375 0.40234375 0.03828125 0.06015625
0 0.26796875 0.521875 0.03984375 0.0578125
0 0.74765625 0.446875 0.04453125 0.06484375
0 0.34765625 0.5328125 0.04609375 0.0671875
0 0.41171875 0.79296875 0.05078125 0.07578125
0 0.39765625 0.24375 0.04375 0.04765625
0 0.74609375 0.56015625 0.05625 0.06875
0 0.8015625 0.27734375 0.0484375 0.059375
1 0.903125 0.621875 0.025 0.084375
2 0.771875 0.25 0.10078125 0.15234375
1 0.30625 0.765625 0.06640625 0.0296875
1 0.80546875 0.76953125 0.09296875 0.0359375
2 0.59609375 0.2640625 0.2171875 0.18828125
1 0.03515625 0.571875 0.0265625 0.12734375
0 0.4109375 0.71015625 0.05625 0.07578125
1 0.0328125 0.28125 0.02421875 0.0734375
0 0.921875 0.38203125 0.0484375 0.06953125
1 0.67890625 0.7875 0.05 0.053125
1 0.54140625 0.16484375 0.0578125 0.03046875
2 0.85859375 0.35703125 0.0859375 0.084375
1 0.12578125 0.16171875 0.0625 0.025
1 0.603125 0.16484375 0.06953125 0.03046875
1 0.31015625 0.16484375 0.05546875 0.025
1 0.7953125 0.16796875 0.0421875 0.02421875
2 0.1203125 0.8015625 0.134375 0.08984375
1 0.5265625 0.8125 0.06328125 0.03125
0 0.10234375 0.80234375 0.0984375 0.0890625
0 0.14765625 0.80078125 0.0703125 0.08125