2 0.8171875 0.6765625 0.215625 0.27734375
2 0.63046875 0.3109375 0.19140625 0.25078125
2 0.82421875 0.30625 0.203125 0.25234375
2 0.23203125 0.4625 0.1234375 0.06953125
0 0.14140625 0.39296875 0.06015625 0.06953125
0 0.2421875 0.15390625 0.059375 0.078125
2 0.16796875 0.303125 0.2578125 0.215625
0 0.69453125 0.3984375 0.06171875 0.07890625
0 0.7578125 0.39609375 0.06171875 0.07734375
0 0.61015625 0.7140625 0.0640625 0.078125
0 0.6109375 0.85078125 0.0609375 0.0859375
0 0.73203125 0.74375 0.053125 0.06015625
2 0.6765625 0.7546875 0.06875 0.13359375
2 0.50234375 0.56953125 0.06875 0.0546875
0 0.02265625 0.72265625 0.04453125 0.06953125
1 0.63671875 0.18125 0.08828125 0.03046875
1 0.16796875 0.18515625 0.096875 0.0375
1 0.7984375 0.81953125 0.0890625 0.03671875
1 0.8140625 0.1796875 0.08828125 0.03125
2 0.865625 0.4890625 0.10390625 0.09453125
1 0.41171875 0.184375 0.09453125 0.034375
2 0.16875 0.70625 0.24921875 0.16875
1 0.40078125 0.82421875 0.071875 0.03046875
2 0.2296875 0.57890625 0.12734375 0.10078125
2 0.1078125 0.5375 0.1171875 0.20703125
2 0.16640625 0.7953125 0.08671875 0.0625
2 0.25390625 0.79453125 0.07265625 0.0484375
1 0.33203125 0.61171875 0.0234375 0.0171875
1 0.51328125 0.60390625 0.046875 0.01796875