2 0.21484375 0.68671875 0.25234375 0.33125
2 0.18125 0.91796875 0.07109375 0.11328125
0 0.3171875 0.3984375 0.05390625 0.1171875
2 0.83203125 0.66953125 0.1140625 0.390625
0 0.3171875 0.59375 0.05078125 0.10859375
2 0.19921875 0.29375 0.215625 0.38671875
2 0.11796875 0.915625 0.06640625 0.10859375
0 0.378125 0.70390625 0.0609375 0.12890625
0 0.74375 0.41640625 0.05390625 0.10859375
2 0.44375 0.2203125 0.12421875 0.23671875
0 0.44921875 0.69609375 0.05 0.1078125
0 0.796875 0.42109375 0.0484375 0.10390625
1 0.7734375 0.25703125 0.0328125 0.2484375
1 0.77421875 0.67265625 0.03046875 0.2375
0 0.378125 0.89375 0.0578125 0.13125
2 0.58515625 0.92890625 0.09375 0.11484375
2 0.3234375 0.22890625 0.0640625 0.23203125
1 0.0921875 0.29375 0.03125 0.2734375
1 0.09140625 0.65546875 0.02734375 0.2375
0 0.4078125 0.37734375 0.04609375 0.1109375
2 0.48125 0.27421875 0.05703125 0.1421875
2 0.44609375 0.04453125 0.1234375 0.0890625
2 0.28125 0.91875 0.13125 0.10546875
2 0.4421875 0.803125 0.0671875 0.10546875
2 0.3203125 0.04375 0.06015625 0.0875
0 0.3953125 0.29609375 0.04765625 0.08203125
2 0.8359375 0.29609375 0.121875 0.3890625
2 0.20546875 0.04921875 0.20703125 0.0984375
2 0.621875 0.50390625 0.30703125 0.75859375
2 0.61015625 0.69296875 0.29375 0.29453125