2 0.1140625 0.32890625 0.2140625 0.1890625
2 0.66640625 0.32109375 0.29296875 0.1734375
2 0.9203125 0.63359375 0.11640625 0.1265625
2 0.171875 0.46796875 0.103125 0.07890625
2 0.93046875 0.771875 0.1015625 0.1453125
0 0.15390625 0.52890625 0.06171875 0.0546875
0 0.70546875 0.55390625 0.07578125 0.0609375
0 0.84765625 0.77578125 0.08046875 0.0625
0 0.75546875 0.1984375 0.06953125 0.05703125
0 0.08984375 0.40859375 0.05625 0.05
0 0.821875 0.71796875 0.06953125 0.065625
0 0.33828125 0.378125 0.0765625 0.0609375
2 0.11484375 0.60234375 0.20703125 0.15390625
0 0.24375 0.53828125 0.0671875 0.05859375
2 0.625 0.60625 0.2140625 0.16015625
2 0.2890625 0.62421875 0.1390625 0.10859375
0 0.2515625 0.20390625 0.06953125 0.06171875
2 0.26328125 0.35625 0.0890625 0.0984375
1 0.86484375 0.22421875 0.09375 0.02890625
0 0.2890625 0.54375 0.06171875 0.06171875
0 0.18671875 0.39375 0.0671875 0.0484375
2 0.8234375 0.153125 0.26171875 0.12578125
2 0.9296875 0.875 0.1 0.07578125
2 0.390625 0.315625 0.17265625 0.17109375
2 0.2640625 0.459375 0.096875 0.10234375
2 0.8875 0.40625 0.18984375 0.0953125
2 0.38828125 0.62109375 0.16015625 0.103125
2 0.075 0.47734375 0.090625 0.09765625
2 0.86953125 0.29921875 0.15859375 0.12734375
1 0.13984375 0.22734375 0.0984375 0.03125
1 0.67578125 0.690625 0.09296875 0.0296875
2 0.7234375 0.91796875 0.33125 0.1640625
1 0.69296875 0.15546875 0.03046875 0.1234375