2 0.428125 0.68515625 0.1109375 0.17109375
2 0.815625 0.2609375 0.10078125 0.16953125
2 0.54140625 0.5328125 0.1109375 0.1734375
2 0.153125 0.4125 0.10234375 0.16953125
2 0.4265625 0.43046875 0.109375 0.2015625
2 0.153125 0.70625 0.10703125 0.13671875
2 0.81796875 0.55625 0.10234375 0.1328125
2 0.5625 0.41328125 0.0671875 0.07109375
2 0.5421875 0.2765625 0.11015625 0.2015625
2 0.2625 0.6625 0.11796875 0.2125
0 0.18984375 0.46640625 0.03203125 0.05078125
0 0.77734375 0.309375 0.03046875 0.05078125
0 0.3859375 0.5046875 0.03203125 0.0515625
2 0.50859375 0.4140625 0.04765625 0.07265625
0 0.5828125 0.475 0.02890625 0.05078125
2 0.40703125 0.56640625 0.06796875 0.0703125
0 0.45234375 0.51484375 0.02421875 0.04296875
0 0.58046875 0.35078125 0.0328125 0.05546875
0 0.78125 0.6359375 0.02734375 0.053125
2 0.1359375 0.525 0.06640625 0.06328125
0 0.27578125 0.31015625 0.03046875 0.05859375
0 0.61171875 0.63984375 0.0296875 0.0625
0 0.35625 0.78984375 0.0296875 0.0609375
2 0.83359375 0.38828125 0.0671875 0.08203125
1 0.440625 0.77109375 0.04296875 0.02578125
0 0.60703125 0.4234375 0.028125 0.05234375
0 0.51640625 0.36328125 0.02421875 0.04140625
0 0.77734375 0.55 0.02734375 0.046875
0 0.309375 0.065625 0.0296875 0.059375
1 0.2421875 0.32890625 0.04140625 0.0265625
0 0.69375 0.15546875 0.03125 0.05703125
1 0.72890625 0.17421875 0.03984375 0.025
0 0.190625 0.703125 0.03046875 0.05234375
0 0.18671875 0.78671875 0.028125 0.0578125
0 0.18828125 0.66015625 0.02890625 0.04921875
0 0.36015625 0.575 0.02890625 0.04921875
0 0.3859375 0.62578125 0.0296875 0.05078125
1 0.3078125 0.33125 0.04140625 0.02578125
1 0.66171875 0.175 0.03671875 0.02578125
1 0.24296875 0.76953125 0.04140625 0.025
1 0.5609375 0.1734375 0.0515625 0.02421875
2 0.4609375 0.56796875 0.046875 0.07109375
2 0.70625 0.5078125 0.121875 0.209375
2 0.2875 0.44453125 0.1734375 0.2171875
1 0.409375 0.328125 0.0515625 0.02578125
1 0.72734375 0.61875 0.040625 0.02421875
0 0.7796875 0.51015625 0.028125 0.04921875
1 0.2984375 0.7703125 0.03203125 0.02265625
1 0.803125 0.17265625 0.0375 0.02265625
1 0.16484375 0.3265625 0.03671875 0.02265625
0 0.35625 0.71953125 0.028125 0.05
1 0.865625 0.55078125 0.0125 0.05546875
2 0.83671875 0.4578125 0.05859375 0.06484375
1 0.5296875 0.61953125 0.040625 0.02578125
2 0.140625 0.60234375 0.07578125 0.078125
0 0.80625 0.44921875 0.02265625 0.0359375
2 0.62109375 0.50390625 0.0546875 0.09609375
1 0.10234375 0.70234375 0.01484375 0.0609375
1 0.30703125 0.86953125 0.05390625 0.03203125
1 0.66875 0.6203125 0.03125 0.02578125
0 0.6109375 0.56953125 0.02890625 0.05
1 0.22734375 0.04609375 0.04140625 0.02109375
2 0.690625 0.38671875 0.1625 0.41953125
2 0.23671875 0.025 0.10703125 0.04921875
1 0.86640625 0.45625 0.01171875 0.0390625
1 0.86484375 0.371875 0.01171875 0.04453125
0 0.91953125 0.79140625 0.02734375 0.0390625
2 0.22890625 0.1375 0.071875 0.128125
0 0.37109375 0.58671875 0.03828125 0.04921875
1 0.03359375 0.35703125 0.05859375 0.0234375