2 0.71015625 0.67578125 0.24140625 0.34375
2 0.215625 0.67890625 0.25625 0.34375
2 0.4 0.2375 0.1109375 0.2328125
2 0.2125 0.31796875 0.24921875 0.38515625
0 0.36953125 0.5875 0.05703125 0.09921875
2 0.50859375 0.76171875 0.090625 0.15546875
0 0.43984375 0.6328125 0.05390625 0.09765625
2 0.88359375 0.3015625 0.10078125 0.38671875
0 0.80078125 0.40625 0.05625 0.1015625
0 0.85625 0.40625 0.04921875 0.096875
0 0.50546875 0.6484375 0.04609375 0.078125
0 0.36796875 0.40859375 0.053125 0.10625
0 0.41015625 0.39140625 0.04296875 0.08671875
1 0.0890625 0.61796875 0.0328125 0.21328125
0 0.5734375 0.628125 0.04921875 0.10703125
1 0.08984375 0.37109375 0.02890625 0.20859375
1 0.83046875 0.72890625 0.0265625 0.1953125
1 0.39296875 0.10078125 0.08046875 0.04375
2 0.50859375 0.6 0.08984375 0.17265625
0 0.5984375 0.64453125 0.02890625 0.07265625
2 0.13046875 0.1578125 0.07890625 0.0734375
2 0.6421875 0.29921875 0.3671875 0.36328125
1 0.83515625 0.26796875 0.02421875 0.18359375
0 0.5875 0.6328125 0.03828125 0.09140625
0 0.3296875 0.48125 0.03125 0.0453125