2 0.20625 0.75 0.1953125 0.27734375
2 0.82578125 0.309375 0.27578125 0.3671875
2 0.64765625 0.71640625 0.11796875 0.21640625
2 0.390625 0.75078125 0.1765625 0.26328125
0 0.0828125 0.5484375 0.0703125 0.11328125
2 0.51640625 0.2546875 0.06796875 0.2421875
0 0.63828125 0.56796875 0.0546875 0.096875
0 0.50234375 0.41796875 0.05 0.08984375
2 0.60859375 0.25390625 0.11328125 0.246875
0 0.5046875 0.734375 0.0640625 0.1015625
0 0.62109375 0.421875 0.05859375 0.10703125
0 0.73125 0.54453125 0.0640625 0.1109375
0 0.7328125 0.4328125 0.06640625 0.115625
1 0.1109375 0.71640625 0.028125 0.215625
0 0.51484375 0.93359375 0.06484375 0.10390625
0 0.29453125 0.37109375 0.36171875 0.48046875
2 0.83515625 0.68203125 0.26328125 0.41171875
1 0.11015625 0.328125 0.034375 0.3546875
2 0.51484375 0.93359375 0.06484375 0.10234375
0 0.5125 0.825 0.0640625 0.10234375
2 0.75859375 0.946875 0.10390625 0.10625
1 0.9609375 0.66015625 0.03125 0.25625
2 0.303125 0.3765625 0.334375 0.4640625