2 0.83046875 0.1953125 0.253125 0.221875
2 0.83203125 0.421875 0.26328125 0.23203125
2 0.125 0.79140625 0.13671875 0.3125
2 0.34453125 0.1953125 0.31015625 0.225
0 0.72578125 0.34296875 0.06484375 0.07734375
0 0.72421875 0.62421875 0.06171875 0.0703125
0 0.83359375 0.63359375 0.053125 0.0609375
0 0.7265625 0.26484375 0.06328125 0.06796875
0 0.55546875 0.49375 0.05859375 0.065625
0 0.16171875 0.70546875 0.06484375 0.06640625
0 0.64609375 0.62734375 0.06875 0.0875
0 0.22421875 0.7078125 0.06875 0.0703125
0 0.65703125 0.24375 0.04921875 0.059375
0 0.55703125 0.2453125 0.0515625 0.0625
0 0.5 0.26015625 0.0625 0.07265625
2 0.5390625 0.15 0.1015625 0.1359375
1 0.19140625 0.40390625 0.03203125 0.10703125
2 0.65625 0.15234375 0.1109375 0.1375
1 0.9515625 0.378125 0.03359375 0.1171875
1 0.19453125 0.81328125 0.03046875 0.1453125
1 0.9515625 0.2265625 0.03125 0.1234375
2 0.87421875 0.72734375 0.14453125 0.128125
2 0.365625 0.47890625 0.33671875 0.2890625
1 0.49453125 0.94296875 0.07265625 0.021875
1 0.575 0.8765625 0.0203125 0.07890625
2 0.40234375 0.75 0.3921875 0.3546875