2 0.2640625 0.371875 0.39765625 0.3171875
0 0.5796875 0.1671875 0.10859375 0.1078125
0 0.353125 0.62109375 0.1015625 0.0890625
0 0.36796875 0.48671875 0.1078125 0.10078125
0 0.58046875 0.25546875 0.10859375 0.09296875
1 0.86640625 0.665625 0.059375 0.19375
1 0.73203125 0.20390625 0.1953125 0.046875
2 0.1921875 0.609375 0.25234375 0.1671875
1 0.06953125 0.11640625 0.03203125 0.07109375
2 0.115625 0.67890625 0.09375 0.0875
1 0.34921875 0.2015625 0.1375 0.046875
2 0.39765625 0.82109375 0.09609375 0.0890625
0 0.19765625 0.696875 0.075 0.0703125
1 0.39296875 0.8671875 0.10078125 0.02578125
2 0.65703125 0.4296875 0.36796875 0.490625
2 0.153125 0.78203125 0.16796875 0.13046875
1 0.85546875 0.1328125 0.03203125 0.0953125