2 0.86015625 0.6125 0.1390625 0.22734375
2 0.64296875 0.6140625 0.1015625 0.209375
2 0.846875 0.33125 0.16328125 0.1703125
2 0.20703125 0.1875 0.1375 0.10078125
2 0.37890625 0.56484375 0.06953125 0.12734375
2 0.965625 0.4046875 0.06875 0.178125
0 0.7984375 0.38828125 0.04765625 0.06171875
0 0.5375 0.21015625 0.0484375 0.078125
0 0.8140625 0.52578125 0.04609375 0.06015625
0 0.61484375 0.5296875 0.046875 0.05625
0 0.8328125 0.43984375 0.04375 0.05234375
0 0.80234375 0.2109375 0.05078125 0.078125
2 0.8859375 0.4546875 0.07578125 0.08125
0 0.76953125 0.52421875 0.04453125 0.0609375
1 0.86953125 0.23984375 0.08359375 0.03203125
2 0.45234375 0.5625 0.08515625 0.1296875
0 0.515625 0.65234375 0.04375 0.0546875
0 0.42578125 0.6 0.034375 0.04140625
2 0.965625 0.28046875 0.06875 0.08359375
1 0.63984375 0.72265625 0.0765625 0.025
2 0.39140625 0.6734375 0.09453125 0.10390625
0 0.98984375 0.340625 0.01953125 0.0484375
2 0.6671875 0.3703125 0.14140625 0.24140625
1 0.45078125 0.240625 0.1 0.028125
1 0.3390625 0.5515625 0.015625 0.0515625
2 0.29453125 0.1796875 0.04765625 0.08046875
1 0.3390625 0.6453125 0.0171875 0.0421875
1 0.65390625 0.24375 0.09296875 0.02890625
2 0.9640625 0.61953125 0.071875 0.21796875
2 0.965625 0.5390625 0.06875 0.08203125
1 0.2734375 0.175 0.0109375 0.059375
1 0.978125 0.7234375 0.0421875 0.0265625