2 0.83125 0.34296875 0.16796875 0.215625
2 0.37734375 0.6390625 0.08046875 0.146875
2 0.85703125 0.5046875 0.11171875 0.1015625
2 0.8296875 0.70390625 0.16875 0.27734375
0 0.771875 0.59453125 0.0484375 0.07109375
0 0.7734375 0.41953125 0.05078125 0.07265625
2 0.42578125 0.77265625 0.1796875 0.134375
0 0.646875 0.60078125 0.0515625 0.06953125
0 0.53515625 0.18203125 0.05390625 0.075
0 0.77734375 0.48984375 0.046875 0.06796875
0 0.43515625 0.67578125 0.04140625 0.05625
2 0.44921875 0.91328125 0.05703125 0.109375
2 0.465625 0.63515625 0.10234375 0.146875
2 0.27421875 0.14296875 0.0328125 0.07578125
1 0.68515625 0.846875 0.08984375 0.0296875
0 0.5390625 0.759375 0.05078125 0.0734375
1 0.4453125 0.228125 0.11796875 0.03203125
2 0.68515625 0.69453125 0.1234375 0.2859375
1 0.83515625 0.84765625 0.08828125 0.028125
1 0.61015625 0.22890625 0.0875 0.03046875
1 0.8078125 0.2328125 0.08984375 0.0359375
2 0.20546875 0.16171875 0.10078125 0.128125
2 0.4890625 0.40234375 0.29140625 0.3078125
1 0.334375 0.75703125 0.0171875 0.05078125
0 0.2765625 0.25 0.0359375 0.04453125
2 0.53984375 0.7625 0.0515625 0.0765625
0 0.2984375 0.14140625 0.03125 0.06875
2 0.29609375 0.14375 0.03828125 0.0734375