2 0.1453125 0.68359375 0.24296875 0.46328125
2 0.64296875 0.73203125 0.21015625 0.39375
2 0.12890625 0.2671875 0.2140625 0.3671875
2 0.34609375 0.74296875 0.17109375 0.35625
2 0.5953125 0.48828125 0.1078125 0.1765625
2 0.69140625 0.21015625 0.10859375 0.2453125
2 0.69375 0.41953125 0.1 0.19609375
2 0.32734375 0.27421875 0.19296875 0.37421875
2 0.459375 0.340625 0.08125 0.13828125
0 0.8921875 0.7203125 0.046875 0.11328125
0 0.48515625 0.77421875 0.05390625 0.11484375
0 0.39765625 0.61484375 0.04921875 0.1015625
0 0.4859375 0.9109375 0.05078125 0.11484375
2 0.52578125 0.203125 0.23125 0.215625
0 0.56640625 0.615625 0.04921875 0.10078125
0 0.96015625 0.284375 0.0640625 0.121875
0 0.528125 0.4921875 0.0484375 0.1046875
0 0.47578125 0.4328125 0.03984375 0.0875
0 0.52109375 0.3609375 0.046875 0.10390625
0 0.62265625 0.18984375 0.046875 0.09453125
0 0.6859375 0.2921875 0.04140625 0.084375
0 0.19765625 0.371875 0.059375 0.13671875
1 0.10546875 0.07890625 0.0703125 0.05078125
1 0.63828125 0.91484375 0.078125 0.04921875
1 0.309375 0.07890625 0.075 0.04765625
2 0.83828125 0.240625 0.19296875 0.30703125
1 0.7875 0.07890625 0.05625 0.04921875
1 0.3359375 0.915625 0.075 0.04765625
1 0.56953125 0.0796875 0.08203125 0.05078125
1 0.70234375 0.07890625 0.05703125 0.0515625
1 0.1203125 0.91171875 0.07734375 0.04921875
1 0.19296875 0.91015625 0.0734375 0.04765625
1 0.834375 0.6703125 0.053125 0.0390625
1 0.45390625 0.07890625 0.0640625 0.0421875
1 0.934375 0.1578125 0.02265625 0.12578125
2 0.840625 0.4234375 0.19296875 0.53828125
0 0.48515625 0.84375 0.0515625 0.2515625