2 0.14375 0.453125 0.11328125 0.16328125
2 0.4328125 0.46484375 0.16640625 0.1765625
2 0.27578125 0.4625 0.1453125 0.184375
2 0.815625 0.6921875 0.16796875 0.13203125
2 0.23359375 0.60546875 0.090625 0.10546875
2 0.13515625 0.59140625 0.10234375 0.121875
0 0.39765625 0.5328125 0.03828125 0.04921875
0 0.32890625 0.53203125 0.03828125 0.04609375
0 0.22421875 0.36953125 0.04375 0.09921875
0 0.33515625 0.7546875 0.04609375 0.06171875
0 0.75078125 0.64921875 0.040625 0.04453125
2 0.8171875 0.46328125 0.1546875 0.18203125
0 0.47109375 0.6765625 0.0375 0.046875
0 0.40859375 0.6390625 0.040625 0.04921875
0 0.8484375 0.5484375 0.04375 0.0515625
0 0.06875 0.5109375 0.0421875 0.04765625
2 0.41875 0.690625 0.0671875 0.0703125
1 0.28203125 0.371875 0.07109375 0.021875
1 0.4171875 0.3703125 0.07578125 0.0234375
2 0.85234375 0.5984375 0.0875 0.0640625
1 0.9 0.66484375 0.021875 0.0890625
1 0.81796875 0.3703125 0.1 0.0234375
2 0.18046875 0.7109375 0.190625 0.11484375
0 0.8546875 0.5984375 0.08515625 0.06328125
1 0.6578125 0.36953125 0.05859375 0.0234375
1 0.66953125 0.7625 0.0875 0.01953125
0 0.85 0.58125 0.05859375 0.06640625
0 0.33125 0.68046875 0.03828125 0.04609375
1 0.56640625 0.3703125 0.0578125 0.02109375
1 0.08515625 0.61796875 0.0140625 0.06953125