2 0.8296875 0.40078125 0.1734375 0.25859375
2 0.23046875 0.4015625 0.12890625 0.26015625
2 0.08984375 0.73515625 0.0984375 0.13046875
2 0.35703125 0.40078125 0.1296875 0.25390625
2 0.103125 0.43203125 0.1296875 0.29453125
2 0.8671875 0.71953125 0.0859375 0.171875
2 0.24140625 0.7296875 0.209375 0.14296875
0 0.7046875 0.2734375 0.05 0.11640625
2 0.1796875 0.6265625 0.08671875 0.0890625
2 0.08984375 0.628125 0.103125 0.08828125
0 0.79375 0.75859375 0.0609375 0.06953125
0 0.7890625 0.82734375 0.0546875 0.06875
0 0.09375 0.275 0.0546875 0.1203125
0 0.23359375 0.503125 0.05546875 0.071875
0 0.8046875 0.671875 0.0578125 0.0640625
2 0.384375 0.72421875 0.0875 0.159375
2 0.63203125 0.45234375 0.2234375 0.384375
0 0.15703125 0.696875 0.05390625 0.05625
0 0.3015625 0.67421875 0.0578125 0.06640625
0 0.24296875 0.615625 0.05625 0.06953125
0 0.09296875 0.56171875 0.0515625 0.06328125
2 0.21640625 0.88671875 0.1 0.15078125
0 0.77265625 0.49765625 0.05078125 0.06015625
1 0.35 0.27265625 0.08671875 0.03203125
0 0.3203125 0.503125 0.04765625 0.0625
1 0.625 0.26953125 0.1015625 0.0265625
1 0.209375 0.271875 0.0625 0.0328125
1 0.525 0.56640625 0.03125 0.1234375
1 0.134375 0.27109375 0.03671875 0.025
1 0.840625 0.26953125 0.08203125 0.028125
0 0.15078125 0.55625 0.0453125 0.06015625
0 0.1828125 0.628125 0.0921875 0.09375
2 0.94296875 0.7234375 0.075 0.16171875
2 0.70390625 0.8828125 0.09609375 0.16484375
1 0.52265625 0.33515625 0.0296875 0.096875
0 0.75078125 0.3671875 0.02734375 0.04609375
2 0.38203125 0.578125 0.08125 0.10390625