2 0.303125 0.690625 0.21640625 0.2
2 0.67265625 0.6671875 0.1875 0.23828125
2 0.24609375 0.534375 0.09375 0.11875
2 0.68828125 0.40625 0.1390625 0.27890625
2 0.54609375 0.72890625 0.07734375 0.11640625
2 0.84765625 0.3453125 0.1875 0.125
2 0.39921875 0.3828125 0.4421875 0.23671875
0 0.5375 0.64609375 0.0625 0.06796875
0 0.47734375 0.80546875 0.06015625 0.08046875
0 0.478125 0.7 0.0609375 0.065625
0 0.60625 0.6109375 0.065625 0.06875
0 0.38359375 0.6234375 0.06171875 0.071875
0 0.428125 0.5578125 0.059375 0.05859375
0 0.38203125 0.2484375 0.0546875 0.05859375
0 0.90546875 0.42578125 0.0578125 0.0609375
2 0.84609375 0.1984375 0.165625 0.171875
0 0.64609375 0.428125 0.06796875 0.06796875
0 0.315625 0.56484375 0.05 0.05390625
1 0.678125 0.26875 0.0921875 0.03671875
1 0.6546875 0.7796875 0.0796875 0.03515625
1 0.29140625 0.26171875 0.125 0.04140625
1 0.45234375 0.253125 0.0484375 0.05
2 0.35 0.53203125 0.11875 0.12109375
2 0.4921875 0.60234375 0.171875 0.13359375
0 0.4515625 0.24609375 0.0453125 0.06328125
0 0.6140625 0.23125 0.053125 0.0734375
1 0.60390625 0.24609375 0.046875 0.0546875
1 0.3125 0.78203125 0.0796875 0.02734375
1 0.5296875 0.2421875 0.13046875 0.03671875