2 0.5125 0.609375 0.2296875 0.321875
2 0.33828125 0.34296875 0.178125 0.22265625
2 0.57890625 0.2890625 0.309375 0.2859375
2 0.26015625 0.67890625 0.27734375 0.1796875
2 0.1890625 0.3921875 0.125 0.1296875
2 0.8703125 0.73203125 0.18125 0.27734375
2 0.35390625 0.51953125 0.08359375 0.14140625
0 0.23125 0.56796875 0.05078125 0.06640625
0 0.81796875 0.525 0.05546875 0.07109375
0 0.6859375 0.6234375 0.06640625 0.07421875
0 0.684375 0.790625 0.05859375 0.07578125
0 0.44140625 0.3234375 0.040625 0.09609375
0 0.74375 0.5140625 0.04609375 0.05703125
0 0.2875 0.540625 0.04375 0.0578125
1 0.30859375 0.2265625 0.11640625 0.03359375
0 0.37578125 0.68125 0.059375 0.0734375
2 0.878125 0.5 0.16875 0.228125
2 0.16484375 0.60078125 0.0875 0.09296875
0 0.109375 0.40078125 0.0484375 0.06875
0 0.10703125 0.684375 0.05 0.065625
1 0.12578125 0.5078125 0.028125 0.09296875
2 0.7578125 0.70546875 0.06953125 0.1109375
0 0.396875 0.1859375 0.05703125 0.06328125
2 0.89609375 0.16953125 0.2046875 0.33828125
2 0.76171875 0.44375 0.07421875 0.1046875
0 0.19921875 0.6359375 0.03359375 0.05390625
2 0.70546875 0.57421875 0.1640625 0.16484375
1 0.30859375 0.76484375 0.12109375 0.03671875
2 0.7203125 0.86875 0.2234375 0.2046875
1 0.7296875 0.2890625 0.03515625 0.121875
1 0.52890625 0.146875 0.21953125 0.03671875
1 0.959375 0.75625 0.034375 0.171875
1 0.17734375 0.7671875 0.04453125 0.034375
2 0.21953125 0.51328125 0.1578125 0.12421875
0 0.8 0.6390625 0.05 0.0625
1 0.9578125 0.68203125 0.0328125 0.071875
0 0.1078125 0.24765625 0.03359375 0.040625
1 0.20546875 0.32109375 0.0390625 0.028125
1 0.903125 0.8703125 0.1109375 0.0375
0 0.7078125 0.56796875 0.16484375 0.16484375