2 0.609375 0.24453125 0.1515625 0.23125
2 0.840625 0.31640625 0.23828125 0.2984375
0 0.60234375 0.3984375 0.05625 0.090625
0 0.56640625 0.70234375 0.06796875 0.10078125
0 0.1578125 0.4484375 0.06796875 0.1015625
2 0.8140625 0.61484375 0.27578125 0.29921875
1 0.95 0.6046875 0.03359375 0.15234375
2 0.315625 0.74453125 0.26015625 0.34765625
0 0.7734375 0.40859375 0.06328125 0.09453125
1 0.1859375 0.70859375 0.0359375 0.23828125
1 0.95 0.30546875 0.0328125 0.140625
1 0.18828125 0.309375 0.0421875 0.18984375
2 0.1296875 0.3671875 0.1140625 0.34609375
0 0.71015625 0.5078125 0.059375 0.09765625
0 0.471875 0.64375 0.0484375 0.078125