2 0.23671875 0.46328125 0.2328125 0.1859375
2 0.48671875 0.2765625 0.7640625 0.1578125
2 0.45078125 0.46328125 0.19609375 0.1859375
2 0.7734375 0.41640625 0.16015625 0.14765625
0 0.65 0.50546875 0.10234375 0.04609375
0 0.51484375 0.1765625 0.08984375 0.05234375
0 0.5171875 0.39140625 0.08046875 0.0390625
2 0.77578125 0.51796875 0.15390625 0.0734375
2 0.92421875 0.690625 0.1515625 0.06328125
0 0.6453125 0.57109375 0.0921875 0.05
0 0.31484375 0.38984375 0.0734375 0.040625
0 0.66328125 0.4453125 0.07890625 0.03671875
1 0.68671875 0.19375 0.1453125 0.025
2 0.73828125 0.83125 0.2328125 0.228125
0 0.65703125 0.36015625 0.0796875 0.03515625
0 0.59453125 0.68984375 0.0890625 0.0421875
1 0.26484375 0.5546875 0.14140625 0.02578125
1 0.4671875 0.55390625 0.14921875 0.02734375
0 0.73359375 0.4703125 0.075 0.03984375
1 0.31875 0.19453125 0.1671875 0.02265625
2 0.92421875 0.51328125 0.1515625 0.0765625
0 0.41484375 0.35703125 0.0796875 0.0453125
2 0.9265625 0.34140625 0.14609375 0.30703125
2 0.7375 0.69140625 0.23515625 0.0625
2 0.69921875 0.60703125 0.27890625 0.1078125
1 0.9453125 0.190625 0.109375 0.02109375
2 0.77265625 0.375 0.1578125 0.0609375