2 0.2671875 0.565625 0.25625 0.18828125
2 0.2171875 0.86015625 0.16484375 0.1578125
2 0.7234375 0.5546875 0.29765625 0.19453125
2 0.85234375 0.85625 0.16328125 0.15703125
2 0.24765625 0.19453125 0.2265625 0.23671875
2 0.6375 0.43125 0.13203125 0.06015625
2 0.4609375 0.20703125 0.19453125 0.2671875
2 0.9390625 0.434375 0.121875 0.059375
2 0.78515625 0.4296875 0.1671875 0.059375
0 0.32734375 0.17578125 0.084375 0.05234375
2 0.940625 0.35546875 0.11796875 0.10234375
0 0.53125 0.57890625 0.084375 0.0546875
0 0.3359375 0.8125 0.0875 0.0546875
2 0.9375 0.21953125 0.125 0.1640625
0 0.546875 0.421875 0.0640625 0.0390625
2 0.21953125 0.35625 0.16015625 0.0984375
0 0.6140625 0.165625 0.0796875 0.05703125
0 0.7859375 0.475 0.05859375 0.040625
0 0.60703125 0.5234375 0.07890625 0.046875
0 0.4 0.575 0.0828125 0.0546875
0 0.4578125 0.41328125 0.06796875 0.04609375
0 0.9625 0.80703125 0.075 0.05
2 0.2234375 0.43828125 0.16484375 0.06953125
2 0.35390625 0.4109375 0.1578125 0.1234375
0 0.528125 0.67421875 0.07734375 0.05
2 0.9390625 0.55546875 0.121875 0.1859375
2 0.37421875 0.90390625 0.15234375 0.1375
0 0.52421875 0.36171875 0.07109375 0.04765625
2 0.51328125 0.625 0.125 0.04453125
2 0.88125 0.7234375 0.2375 0.1203125
1 0.35859375 0.11875 0.0265625 0.0796875
1 0.13828125 0.37734375 0.02734375 0.05078125
1 0.1375 0.42734375 0.028125 0.05
1 0.85234375 0.78046875 0.16484375 0.01640625
2 0.9359375 0.06328125 0.12734375 0.1265625