2 0.78515625 0.16875 0.27265625 0.14609375
2 0.61875 0.43671875 0.1984375 0.17890625
2 0.58125 0.26484375 0.1203125 0.16640625
2 0.815625 0.4359375 0.19921875 0.1734375
2 0.34765625 0.16640625 0.21875 0.14609375
2 0.153125 0.1703125 0.18046875 0.15234375
2 0.39140625 0.38203125 0.128125 0.0703125
0 0.15703125 0.0703125 0.0703125 0.059375
0 0.72109375 0.2171875 0.075 0.059375
0 0.275 0.2125 0.07734375 0.06328125
0 0.36953125 0.5484375 0.071875 0.06640625
1 0.79921875 0.09296875 0.12421875 0.03515625
1 0.19921875 0.525 0.209375 0.0421875
1 0.81015625 0.5359375 0.12890625 0.03515625
0 0.66875 0.290625 0.07890625 0.06015625
2 0.38515625 0.915625 0.134375 0.10859375
1 0.60703125 0.5359375 0.128125 0.03828125
0 0.6125 0.203125 0.06015625 0.0484375
1 0.33984375 0.09296875 0.12734375 0.03125
0 0.375 0.84140625 0.08671875 0.06015625
0 0.36796875 0.4375 0.0671875 0.05703125
0 0.753125 0.3734375 0.071875 0.059375
0 0.68203125 0.371875 0.06875 0.05859375
1 0.0578125 0.30234375 0.040625 0.06875
1 0.5890625 0.09453125 0.07109375 0.021875
1 0.51796875 0.4921875 0.0390625 0.046875
1 0.05390625 0.48671875 0.03515625 0.04453125
2 0.2078125 0.37734375 0.30390625 0.2859375
2 0.38984375 0.70703125 0.140625 0.334375
2 0.39765625 0.47109375 0.115625 0.11171875
2 0.58671875 0.0953125 0.071875 0.02265625
0 0.38359375 0.89921875 0.13359375 0.13984375