2 0.14375 0.29765625 0.19765625 0.153125
2 0.496875 0.14921875 0.18203125 0.25703125
2 0.1046875 0.796875 0.13046875 0.15625
2 0.64765625 0.78828125 0.1359375 0.1828125
2 0.51953125 0.3296875 0.13046875 0.0921875
2 0.653125 0.2890625 0.1359375 0.17890625
2 0.16171875 0.5765625 0.1390625 0.1046875
2 0.15703125 0.11953125 0.1734375 0.19375
2 0.31875 0.58984375 0.16640625 0.13125
2 0.1515625 0.4734375 0.171875 0.0921875
2 0.3734375 0.6859375 0.06171875 0.06796875
0 0.1875 0.7703125 0.04375 0.04375
0 0.203125 0.6125 0.0359375 0.03515625
0 0.4703125 0.30390625 0.03671875 0.03671875
0 0.2078125 0.5046875 0.0453125 0.046875
0 0.22421875 0.27734375 0.04609375 0.04453125
0 0.29453125 0.7390625 0.04296875 0.04765625
2 0.371875 0.18671875 0.071875 0.0671875
0 0.3671875 0.73515625 0.03359375 0.03671875
0 0.3734375 0.23515625 0.0359375 0.0390625
0 0.60625 0.22578125 0.0453125 0.046875
0 0.209375 0.89296875 0.04140625 0.0484375
0 0.60078125 0.725 0.04609375 0.04609375
0 0.42734375 0.24296875 0.04609375 0.0453125
0 0.37578125 0.803125 0.034375 0.03671875
0 0.7328125 0.72578125 0.04453125 0.04765625
0 0.30078125 0.2390625 0.04296875 0.0484375
2 0.325 0.09765625 0.16953125 0.14609375
2 0.490625 0.70546875 0.18046875 0.3625
2 0.32421875 0.271875 0.1671875 0.10390625
2 0.20546875 0.66015625 0.05859375 0.0671875
1 0.6484375 0.87734375 0.0484375 0.01640625
0 0.20859375 0.8375 0.04375 0.04375
2 0.2078125 0.8375 0.04765625 0.04453125
2 0.59921875 0.97421875 0.10703125 0.04765625
0 0.62421875 0.4984375 0.03671875 0.03671875
1 0.584375 0.1046875 0.025 0.15
2 0.440625 0.97578125 0.08984375 0.04765625