2 0.13046875 0.2953125 0.14609375 0.37109375
2 0.65 0.27890625 0.36015625 0.40703125
0 0.32421875 0.5953125 0.0671875 0.0984375
2 0.65546875 0.7 0.3390625 0.425
0 0.8 0.7796875 0.0671875 0.1046875
0 0.79765625 0.36796875 0.075 0.11640625
2 0.32265625 0.2140625 0.1109375 0.2625
0 0.7796875 0.86015625 0.06015625 0.09296875
0 0.5 0.4203125 0.06640625 0.1046875
0 0.8703125 0.7890625 0.0578125 0.0984375
0 0.40859375 0.38515625 0.0515625 0.08359375
0 0.8671875 0.3734375 0.0625 0.09453125
2 0.871875 0.8640625 0.06640625 0.0765625
0 0.5515625 0.85234375 0.065625 0.11796875
1 0.834375 0.64921875 0.03359375 0.18203125
0 0.23359375 0.41953125 0.0625 0.10390625
0 0.346875 0.38671875 0.05625 0.09609375
1 0.834375 0.22421875 0.03203125 0.1953125
1 0.05625 0.6890625 0.0265625 0.22265625
2 0.23984375 0.31875 0.04453125 0.07109375
1 0.05546875 0.27109375 0.025 0.23359375
2 0.02578125 0.684375 0.05078125 0.21875
2 0.31953125 0.1078125 0.11640625 0.0734375
2 0.87109375 0.7875 0.0609375 0.090625
2 0.421875 0.2140625 0.090625 0.2859375
2 0.05234375 0.26640625 0.0265625 0.23359375
0 0.43203125 0.940625 0.0578125 0.09453125