2 0.225 0.453125 0.23828125 0.18046875
2 0.625 0.8203125 0.2890625 0.1859375
2 0.25625 0.19375 0.296875 0.19140625
2 0.16796875 0.32734375 0.1046875 0.078125
2 0.484375 0.209375 0.15859375 0.21875
2 0.62578125 0.60546875 0.28359375 0.2421875
2 0.18046875 0.5890625 0.1296875 0.09765625
2 0.290625 0.60234375 0.11015625 0.12265625
2 0.2765625 0.32421875 0.1203125 0.075
2 0.29375 0.71796875 0.109375 0.0859375
0 0.4109375 0.76015625 0.07890625 0.1328125
0 0.1640625 0.26640625 0.0734375 0.06171875
0 0.37109375 0.609375 0.07265625 0.0609375
0 0.60078125 0.7421875 0.10390625 0.0515625
0 0.36796875 0.7078125 0.0546875 0.04921875
1 0.68671875 0.09140625 0.10546875 0.04140625
0 0.3796875 0.3390625 0.06796875 0.06484375
0 0.79609375 0.40625 0.0640625 0.0578125
1 0.49609375 0.09609375 0.08203125 0.0234375
1 0.3765625 0.0921875 0.04296875 0.03125
1 0.1078125 0.684375 0.03515625 0.03984375
0 0.32265625 0.453125 0.05390625 0.09453125
0 0.20390625 0.61328125 0.06171875 0.05859375
2 0.41171875 0.6078125 0.1515625 0.26640625
1 0.76484375 0.815625 0.0296875 0.125
1 0.10546875 0.190625 0.0328125 0.10546875
0 0.5234375 0.690625 0.0703125 0.05546875
1 0.10859375 0.609375 0.03203125 0.04296875
1 0.10703125 0.4546875 0.03125 0.10625
2 0.17578125 0.6984375 0.11640625 0.11484375
2 0.52265625 0.6921875 0.06640625 0.05703125
1 0.76640625 0.6484375 0.034375 0.12421875