2 0.175 0.25234375 0.275 0.19921875
2 0.57109375 0.271875 0.14375 0.2375
2 0.56796875 0.6203125 0.14140625 0.19140625
2 0.43046875 0.61953125 0.13515625 0.19609375
2 0.746875 0.27265625 0.14140625 0.2421875
2 0.89140625 0.61953125 0.1359375 0.2015625
2 0.7515625 0.62109375 0.1390625 0.19453125
2 0.2359375 0.88203125 0.1265625 0.10859375
2 0.10234375 0.4671875 0.13828125 0.10625
2 0.27421875 0.675 0.07265625 0.1
2 0.471875 0.32421875 0.05390625 0.11640625
2 0.84765625 0.32421875 0.06015625 0.11875
0 0.59296875 0.1265625 0.05078125 0.06875
0 0.20859375 0.653125 0.0484375 0.0609375
0 0.096875 0.5421875 0.04375 0.05625
0 0.72578125 0.1296875 0.046875 0.071875
0 0.475 0.54453125 0.04453125 0.06171875
0 0.47890625 0.3984375 0.03515625 0.04765625
0 0.1875 0.4765625 0.04609375 0.0578125
0 0.528125 0.35546875 0.04609375 0.06484375
0 0.7921875 0.35625 0.0484375 0.06484375
0 0.79296875 0.54375 0.04609375 0.059375
0 0.52734375 0.54375 0.04765625 0.06328125
2 0.10078125 0.6265625 0.13984375 0.190625
0 0.20625 0.7421875 0.04609375 0.0625
0 0.84453125 0.5453125 0.0484375 0.06171875
0 0.225 0.1234375 0.04375 0.06953125
0 0.42734375 0.28515625 0.0359375 0.04453125
0 0.8421875 0.39765625 0.03359375 0.04765625
0 0.89296875 0.2859375 0.0375 0.0453125
1 0.95859375 0.47578125 0.0265625 0.08203125
0 0.5171875 0.209375 0.03984375 0.04453125
0 0.215625 0.79765625 0.0484375 0.0625
0 0.803125 0.2109375 0.04453125 0.0453125
0 0.259375 0.6109375 0.0328125 0.046875
1 0.5828125 0.72265625 0.0640625 0.03671875
1 0.7390625 0.72265625 0.06640625 0.034375
0 0.89765625 0.35703125 0.03984375 0.05625
0 0.4234375 0.35625 0.03828125 0.05625
1 0.43125 0.7203125 0.06796875 0.03359375
1 0.88671875 0.7203125 0.07265625 0.03671875
1 0.27421875 0.146875 0.05546875 0.03203125
2 0.4734375 0.21328125 0.05703125 0.1140625
2 0.384375 0.23671875 0.04921875 0.05703125
1 0.03125 0.48359375 0.02265625 0.0625
2 0.8484375 0.21484375 0.05703125 0.11171875
2 0.403125 0.3234375 0.08125 0.11953125
1 0.1046875 0.1453125 0.0640625 0.02890625
1 0.36015625 0.47890625 0.028125 0.07890625
1 0.1 0.71953125 0.06015625 0.028125
2 0.9203125 0.32578125 0.08125 0.11015625
1 0.1609375 0.14765625 0.04296875 0.0234375
1 0.27109375 0.72578125 0.04453125 0.01875
1 0.53515625 0.15078125 0.0546875 0.01953125
2 0.91796875 0.18125 0.0859375 0.0640625
1 0.2234375 0.934375 0.05234375 0.01796875
2 0.403125 0.17890625 0.0875 0.06875
1 0.25859375 0.9359375 0.04453125 0.015625
0 0.82265625 0.54296875 0.1046875 0.0640625
2 0.4453125 0.2203125 0.1375 0.096875
2 0.4578125 0.44921875 0.184375 0.13828125