2 0.44375 0.34296875 0.25703125 0.37578125
2 0.19375 0.42890625 0.25703125 0.54609375
2 0.56875 0.77578125 0.13125 0.15
2 0.69609375 0.3390625 0.25703125 0.3625
0 0.35546875 0.75234375 0.071875 0.12734375
0 0.57578125 0.653125 0.07734375 0.11796875
0 0.53125 0.4796875 0.0734375 0.12265625
1 0.69765625 0.14765625 0.14140625 0.06015625
0 0.34921875 0.57421875 0.084375 0.109375
1 0.44375 0.1484375 0.1390625 0.05390625
2 0.89921875 0.65703125 0.13515625 0.39609375
0 0.81640625 0.6296875 0.115625 0.09765625
0 0.6921875 0.4765625 0.06953125 0.10390625
1 0.82578125 0.71171875 0.0296875 0.07578125
2 0.72890625 0.6796875 0.19296875 0.37421875