2 0.82890625 0.42109375 0.26171875 0.7109375
2 0.5703125 0.30703125 0.26015625 0.48046875
2 0.43671875 0.8671875 0.13671875 0.19296875
0 0.6546875 0.8375 0.0703125 0.1703125
0 0.4296875 0.7109375 0.0796875 0.14453125
1 0.315625 0.05859375 0.13984375 0.08046875
1 0.56328125 0.0578125 0.13828125 0.07734375
0 0.478125 0.50234375 0.08203125 0.1875
0 0.165625 0.6703125 0.1375 0.1375
1 0.82734375 0.06171875 0.140625 0.075
0 0.6671875 0.60703125 0.07578125 0.1375
2 0.26640625 0.75390625 0.19296875 0.40703125
2 0.30859375 0.3078125 0.271875 0.49296875
1 0.165625 0.778125 0.0328125 0.09921875
0 0.5921875 0.79140625 0.03984375 0.10546875