2 0.8875 0.371875 0.15234375 0.14375
2 0.8875 0.22109375 0.153125 0.15
2 0.72578125 0.8875 0.0890625 0.14140625
2 0.67578125 0.371875 0.12734375 0.13984375
2 0.65390625 0.921875 0.06171875 0.07578125
2 0.51875 0.85078125 0.06328125 0.06953125
0 0.8296875 0.25859375 0.0359375 0.03515625
2 0.55859375 0.715625 0.0984375 0.10234375
2 0.3140625 0.40390625 0.08046875 0.0875
2 0.0625 0.37578125 0.1171875 0.1375
0 0.82890625 0.3234375 0.0359375 0.03671875
2 0.3140625 0.334375 0.0734375 0.05546875
0 0.7 0.83515625 0.0375 0.0359375
2 0.675 0.21875 0.13046875 0.14140625
0 0.56640625 0.81953125 0.03671875 0.0703125
0 0.79140625 0.2515625 0.03359375 0.0359375
0 0.134375 0.13515625 0.0359375 0.0359375
0 0.1109375 0.33515625 0.0359375 0.0359375
0 0.6453125 0.871875 0.03828125 0.03515625
0 0.25546875 0.46171875 0.03984375 0.0390625
2 0.77421875 0.415625 0.06875 0.0421875
2 0.7765625 0.16796875 0.071875 0.03984375
0 0.26171875 0.32578125 0.03671875 0.03359375
0 0.4796875 0.64765625 0.03515625 0.0359375
2 0.58828125 0.9359375 0.06953125 0.05078125
2 0.77578125 0.2125 0.075 0.0515625
0 0.4890625 0.86796875 0.03515625 0.03046875
1 0.775 0.446875 0.02734375 0.015625
1 0.0078125 0.2296875 0.015625 0.0484375
2 0.471875 0.73984375 0.0828125 0.1546875
2 0.45703125 0.85234375 0.053125 0.0703125
0 0.4 0.46484375 0.03046875 0.0296875
2 0.4 0.3765625 0.0859375 0.1421875
1 0.6125 0.253125 0.01484375 0.04609375
0 0.55234375 0.64921875 0.0359375 0.03984375
2 0.30234375 0.23203125 0.09296875 0.15078125
2 0.65 0.715625 0.084375 0.10078125
1 0.61328125 0.334375 0.01484375 0.0453125
1 0.4296875 0.84140625 0.01484375 0.0375
1 0.1671875 0.44765625 0.02890625 0.01484375
2 0.509375 0.38828125 0.07890625 0.13515625
1 0.29765625 0.146875 0.0515625 0.01953125
2 0.721875 0.74765625 0.09296875 0.13125
1 0.9625 0.3328125 0.0140625 0.0453125
2 0.4859375 0.91953125 0.1125 0.07109375
0 0.25390625 0.00546875 0.025 0.0109375
2 0.74375 0.52578125 0.0765625 0.028125