2 0.15625 0.15546875 0.175 0.165625
2 0.2828125 0.9015625 0.12109375 0.11953125
2 0.82734375 0.18125 0.209375 0.13046875
2 0.12421875 0.2703125 0.1125 0.07578125
2 0.82734375 0.37421875 0.20234375 0.13046875
2 0.35390625 0.65390625 0.2765625 0.11796875
0 0.8625 0.3234375 0.04765625 0.03671875
0 0.51953125 0.11015625 0.0640625 0.07734375
0 0.14296875 0.57265625 0.06640625 0.05546875
0 0.2140625 0.228125 0.0578125 0.04453125
0 0.75 0.3328125 0.0640625 0.0453125
2 0.2859375 0.8046875 0.11796875 0.078125
0 0.68515625 0.46015625 0.06640625 0.0515625
0 0.709375 0.290625 0.04375 0.03125
0 0.2515625 0.85703125 0.046875 0.03515625
2 0.39375 0.78125 0.0953125 0.05546875
0 0.684375 0.37265625 0.06953125 0.046875
0 0.53125 0.6171875 0.0609375 0.04609375
0 0.46171875 0.7734375 0.04765625 0.03203125
0 0.53046875 0.70078125 0.05546875 0.0390625
0 0.36328125 0.8640625 0.0484375 0.0359375
0 0.46328125 0.8296875 0.05546875 0.0390625
2 0.54140625 0.91484375 0.1296875 0.1140625
0 0.3109375 0.32578125 0.06015625 0.04140625
2 0.39375 0.871875 0.10546875 0.13359375
1 0.83125 0.1140625 0.08046875 0.02265625
2 0.53125 0.78515625 0.1640625 0.15859375
1 0.3125 0.0703125 0.09375 0.02109375
2 0.77265625 0.2859375 0.0953125 0.05546875
2 0.77890625 0.8015625 0.32734375 0.33984375
1 0.63046875 0.1109375 0.1546875 0.025
1 0.54140625 0.44296875 0.08515625 0.02421875
1 0.8375 0.44375 0.090625 0.02109375
2 0.1640625 0.37578125 0.184375 0.13515625
0 0.20703125 0.30859375 0.06015625 0.07734375
2 0.15234375 0.7734375 0.146875 0.3625
1 0.15390625 0.06953125 0.07578125 0.021875
2 0.54375 0.6625 0.1140625 0.04921875
0 0.20078125 0.28671875 0.05390625 0.03671875
2 0.365625 0.36953125 0.2375 0.12578125
1 0.41328125 0.0703125 0.09140625 0.0203125
2 0.34140625 0.16015625 0.19765625 0.1765625
0 0.78984375 0.1171875 0.0296875 0.03359375
1 0.17734375 0.44140625 0.08359375 0.021875
0 0.153125 0.1078125 0.04296875 0.02578125
2 0.87421875 0.28359375 0.11640625 0.0578125
2 0.67109375 0.4171875 0.12421875 0.0578125
1 0.325 0.5921875 0.08828125 0.021875
2 0.375 0.42890625 0.08828125 0.0421875
2 0.58671875 0.18125 0.284375 0.14375
0 0.11328125 0.078125 0.0265625 0.0234375
1 0.421875 0.59296875 0.08984375 0.01953125
2 0.68828125 0.4578125 0.0703125 0.05234375
1 0.38125 0.4421875 0.071875 0.015625