2 0.82265625 0.4046875 0.22890625 0.09375
2 0.2734375 0.69296875 0.37421875 0.14765625
2 0.62890625 0.4828125 0.15546875 0.0921875
2 0.81796875 0.5296875 0.23046875 0.15390625
0 0.65234375 0.6359375 0.1203125 0.053125
0 0.41171875 0.6484375 0.115625 0.05625
0 0.453125 0.1484375 0.10546875 0.0515625
0 0.6125 0.54921875 0.10390625 0.05390625
0 0.77421875 0.47421875 0.10546875 0.05625
0 0.60234375 0.31796875 0.1328125 0.0546875
1 0.33046875 0.17109375 0.14453125 0.0265625
0 0.56015625 0.85390625 0.103125 0.05234375
1 0.20078125 0.171875 0.14140625 0.02734375
1 0.72734375 0.171875 0.1765625 0.025
2 0.74453125 0.25546875 0.37734375 0.15
2 0.628125 0.390625 0.15390625 0.0859375
0 0.52890625 0.7984375 0.11484375 0.0546875
2 0.775 0.95234375 0.34921875 0.0953125
1 0.20546875 0.7765625 0.14375 0.021875
2 0.31796875 0.24765625 0.4671875 0.13046875
2 0.22421875 0.8046875 0.1125 0.03046875
2 0.984375 0.403125 0.03125 0.10078125
2 0.31015625 0.3828125 0.434375 0.4171875