2 0.175 0.32109375 0.17890625 0.115625
2 0.409375 0.5734375 0.28203125 0.11484375
2 0.44296875 0.346875 0.35390625 0.32734375
2 0.815625 0.446875 0.175 0.11484375
2 0.67734375 0.41171875 0.11328125 0.06796875
2 0.81953125 0.353125 0.17421875 0.0671875
2 0.7625 0.24765625 0.28984375 0.1328125
0 0.6578125 0.2890625 0.09140625 0.04296875
0 0.78203125 0.40546875 0.0796875 0.0421875
2 0.67578125 0.34453125 0.11171875 0.0625
0 0.1984375 0.39765625 0.09453125 0.04609375
0 0.625 0.69375 0.078125 0.03984375
0 0.51171875 0.53671875 0.09140625 0.0453125
0 0.69453125 0.52890625 0.08984375 0.040625
1 0.73671875 0.17734375 0.13125 0.01875
1 0.4390625 0.17578125 0.1140625 0.0203125
0 0.53203125 0.16171875 0.08359375 0.0421875
0 0.665625 0.4625 0.08203125 0.03828125
1 0.36171875 0.634375 0.1015625 0.01796875
1 0.34453125 0.1765625 0.10703125 0.02109375
0 0.6015625 0.65 0.08828125 0.0390625
2 0.8265625 0.56484375 0.17734375 0.1203125
2 0.78125 0.78828125 0.240625 0.115625
2 0.78125 0.91171875 0.26640625 0.12578125
1 0.61015625 0.8796875 0.0265625 0.03046875
2 0.78984375 0.6765625 0.2484375 0.09453125