2 0.89921875 0.2921875 0.1546875 0.31328125
2 0.52578125 0.7453125 0.1875 0.2625
2 0.9015625 0.74140625 0.15390625 0.2640625
2 0.0796875 0.28828125 0.1 0.15859375
2 0.44609375 0.32890625 0.1828125 0.21171875
2 0.92890625 0.52734375 0.0890625 0.1625
2 0.67734375 0.7390625 0.1265625 0.26328125
2 0.29296875 0.67890625 0.12578125 0.140625
2 0.28984375 0.29765625 0.12890625 0.1390625
0 0.41640625 0.475 0.03828125 0.07421875
0 0.85078125 0.6390625 0.046875 0.07578125
0 0.6390625 0.63671875 0.046875 0.07265625
0 0.84921875 0.41015625 0.0546875 0.08203125
0 0.5875 0.63671875 0.04609375 0.0703125
0 0.33828125 0.40234375 0.0421875 0.06171875
0 0.290625 0.39453125 0.03828125 0.0671875
2 0.29140625 0.4875 0.13125 0.234375
0 0.39375 0.640625 0.04921875 0.07890625
0 0.86953125 0.51953125 0.04765625 0.06328125
0 0.721875 0.79765625 0.0421875 0.06484375
0 0.42734375 0.19453125 0.05390625 0.0859375
0 0.8078125 0.74375 0.0421875 0.06015625
0 0.05703125 0.3953125 0.04765625 0.0703125
1 0.67421875 0.871875 0.06640625 0.03203125
1 0.2265625 0.415625 0.025 0.10078125
2 0.78125 0.7421875 0.090625 0.2578125
1 0.878125 0.87421875 0.07421875 0.03203125
1 0.88046875 0.1328125 0.0890625 0.0328125
1 0.5171875 0.8734375 0.078125 0.03125
2 0.78046875 0.82109375 0.08984375 0.0984375
0 0.78828125 0.74140625 0.08515625 0.17578125