2 0.80625 0.690625 0.2859375 0.37734375
2 0.6859375 0.22421875 0.115625 0.26484375
2 0.36640625 0.31015625 0.33125 0.44765625
2 0.8484375 0.30078125 0.2125 0.4109375
2 0.57421875 0.228125 0.10703125 0.2671875
0 0.659375 0.4046875 0.059375 0.11875
0 0.5796875 0.39375 0.05078125 0.0984375
2 0.46875 0.68828125 0.103125 0.29375
0 0.1515625 0.45078125 0.06484375 0.12734375
0 0.14921875 0.91328125 0.06796875 0.12734375
0 0.6890625 0.5703125 0.0625 0.1234375
0 0.2546875 0.96171875 0.071875 0.0765625
1 0.9515625 0.546875 0.0296875 0.1046875
1 0.19375 0.71640625 0.0453125 0.27890625
2 0.315625 0.76796875 0.22734375 0.4640625
0 0.7171875 0.4265625 0.06328125 0.13515625
2 0.92578125 0.946875 0.10078125 0.10625
2 0.46875 0.91328125 0.0953125 0.17265625
1 0.19375 0.25546875 0.0453125 0.29140625
2 0.64296875 0.84609375 0.04296875 0.0703125
2 0.12265625 0.76015625 0.1203125 0.4515625
2 0.5734375 0.94609375 0.08125 0.10703125
2 0.9859375 0.94921875 0.02734375 0.10078125