2 0.86015625 0.23828125 0.08828125 0.22265625
2 0.68203125 0.2390625 0.25859375 0.22265625
2 0.6234375 0.42890625 0.12109375 0.153125
2 0.17890625 0.628125 0.2203125 0.3234375
2 0.64453125 0.64453125 0.175 0.28515625
0 0.70625 0.3890625 0.053125 0.0734375
2 0.11640625 0.1921875 0.08203125 0.115625
0 0.76484375 0.09296875 0.046875 0.07421875
0 0.75390625 0.31640625 0.05 0.07890625
0 0.7515625 0.61484375 0.04921875 0.07421875
0 0.41328125 0.52421875 0.0375 0.06015625
0 0.3171875 0.81484375 0.05078125 0.08515625
2 0.42890625 0.4640625 0.06953125 0.08984375
0 0.31875 0.66171875 0.0546875 0.078125
2 0.37890625 0.303125 0.1765625 0.32109375
1 0.465625 0.5625 0.025 0.090625
1 0.465625 0.3453125 0.025 0.103125
1 0.07109375 0.6171875 0.02734375 0.11796875
1 0.07109375 0.30234375 0.02421875 0.1
0 0.8015625 0.5734375 0.04609375 0.06796875
2 0.17578125 0.3578125 0.21171875 0.20625
0 0.5765625 0.74765625 0.0484375 0.06328125
2 0.22109375 0.18984375 0.12578125 0.121875
0 0.70859375 0.56484375 0.04296875 0.05703125
2 0.38359375 0.59765625 0.16328125 0.1921875
1 0.66640625 0.784375 0.06640625 0.03203125
0 0.23203125 0.28046875 0.04296875 0.06875
0 0.17421875 0.21484375 0.04140625 0.05546875
2 0.70859375 0.50546875 0.04453125 0.08203125
1 0.67421875 0.1234375 0.06640625 0.02890625
1 0.7625 0.78203125 0.0515625 0.025