2 0.27578125 0.2875 0.4015625 0.24453125
2 0.71328125 0.50703125 0.1546875 0.09609375
2 0.69296875 0.31015625 0.49296875 0.29453125
0 0.5625 0.16640625 0.10078125 0.13203125
0 0.51640625 0.71875 0.10703125 0.07265625
0 0.415625 0.61640625 0.11640625 0.07578125
0 0.83671875 0.58046875 0.0828125 0.05859375
0 0.49765625 0.49453125 0.10078125 0.071875
0 0.51328125 0.85234375 0.10234375 0.07421875
0 0.60859375 0.48515625 0.096875 0.0609375
0 0.67734375 0.5921875 0.103125 0.0734375
1 0.78671875 0.8296875 0.1765625 0.03984375
1 0.72890625 0.165625 0.2421875 0.04296875
0 0.28203125 0.90078125 0.11015625 0.0625
1 0.2953125 0.1625 0.209375 0.0375
0 0.29921875 0.5046875 0.10078125 0.06171875
1 0.3296875 0.8265625 0.16796875 0.03359375
2 0.18203125 0.47265625 0.19765625 0.12734375
2 0.8640625 0.50703125 0.16171875 0.10078125
2 0.55078125 0.78125 0.190625 0.07421875
2 0.7890625 0.6859375 0.3140625 0.29375
0 0.65703125 0.49375 0.15 0.0734375