2 0.3875 0.24609375 0.11484375 0.35703125
0 0.84140625 0.51015625 0.0640625 0.1140625
0 0.41328125 0.46484375 0.05390625 0.1140625
0 0.46171875 0.728125 0.0625 0.1125
0 0.36640625 0.8953125 0.0703125 0.1484375
0 0.3015625 0.509375 0.06328125 0.1265625
0 0.3046875 0.65390625 0.0671875 0.13203125
0 0.903125 0.5109375 0.0609375 0.1140625
1 0.03515625 0.72109375 0.0390625 0.2359375
1 0.034375 0.44140625 0.03984375 0.24296875
2 0.50859375 0.6328125 0.04921875 0.10234375
2 0.16796875 0.32421875 0.26953125 0.490625
2 0.184375 0.77109375 0.30625 0.3765625
1 0.87421875 0.2984375 0.03828125 0.3328125
1 0.8734375 0.74609375 0.03515625 0.30234375