2 0.7828125 0.61875 0.16796875 0.365625
2 0.64140625 0.61640625 0.1234375 0.353125
2 0.5375 0.5296875 0.08359375 0.18515625
2 0.09375 0.21796875 0.15625 0.19921875
2 0.3546875 0.61953125 0.14765625 0.3578125
2 0.23203125 0.70234375 0.1046875 0.15390625
0 0.4046875 0.5421875 0.046875 0.0890625
2 0.22890625 0.54765625 0.103125 0.15390625
0 0.25703125 0.33984375 0.0453125 0.07421875
0 0.7234375 0.48515625 0.0421875 0.08671875
0 0.478125 0.55625 0.03828125 0.08125
0 0.24921875 0.04296875 0.04375 0.07578125
0 0.6015625 0.72421875 0.04765625 0.09453125
1 0.86484375 0.2125 0.02734375 0.184375
2 0.47265625 0.8390625 0.0484375 0.1078125
2 0.2359375 0.1890625 0.10390625 0.1796875
0 0.25234375 0.4265625 0.03828125 0.075
1 0.240625 0.7890625 0.03515625 0.0375
2 0.1984375 0.37890625 0.0375 0.16796875
2 0.14453125 0.34921875 0.0453125 0.075