2 0.1890625 0.76015625 0.228125 0.25546875
2 0.34921875 0.41953125 0.14296875 0.2359375
2 0.75625 0.4515625 0.165625 0.30703125
2 0.7140625 0.7953125 0.0984375 0.1609375
2 0.15 0.41796875 0.14609375 0.22734375
2 0.12734375 0.58359375 0.10234375 0.10859375
2 0.8796875 0.54296875 0.09140625 0.125
0 0.3703125 0.91015625 0.046875 0.07734375
2 0.91953125 0.384375 0.15859375 0.1828125
2 0.5453125 0.7484375 0.2515625 0.25390625
2 0.81875 0.8078125 0.1140625 0.1328125
2 0.553125 0.4484375 0.27734375 0.3859375
0 0.24375 0.665625 0.04375 0.06484375
0 0.78984375 0.71953125 0.0578125 0.075
2 0.25 0.37890625 0.0609375 0.146875
0 0.303125 0.50234375 0.04453125 0.06796875
0 0.2984375 0.378125 0.05 0.06796875
0 0.70625 0.57109375 0.04921875 0.07109375
0 0.3734375 0.78359375 0.0484375 0.0765625
0 0.94921875 0.56328125 0.04375 0.06171875
0 0.90078125 0.71796875 0.04765625 0.065625
1 0.6015625 0.90234375 0.034375 0.0609375
2 0.90234375 0.81015625 0.06015625 0.13671875
1 0.346875 0.30234375 0.07734375 0.03125
0 0.196875 0.5015625 0.0359375 0.05546875
1 0.82578125 0.87890625 0.034375 0.0359375
0 0.78984375 0.83359375 0.0515625 0.06953125
0 0.95234375 0.69609375 0.046875 0.0640625
1 0.1671875 0.303125 0.07421875 0.03046875
1 0.7484375 0.29921875 0.07421875 0.03203125
1 0.465625 0.26328125 0.0453125 0.06953125
1 0.21015625 0.88828125 0.07734375 0.03203125
0 0.1984375 0.603125 0.0421875 0.06328125
1 0.63125 0.24453125 0.04296875 0.0828125
0 0.646875 0.63671875 0.053125 0.06875
0 0.2640625 0.37421875 0.05546875 0.115625
0 0.83984375 0.34453125 0.0234375 0.0453125
0 0.8171875 0.8015625 0.1171875 0.1453125
1 0.74375 0.88203125 0.03046875 0.0265625