2 0.28984375 0.24375 0.1640625 0.33046875
2 0.50703125 0.17265625 0.1125 0.18203125
2 0.68671875 0.3484375 0.1765625 0.53203125
2 0.5546875 0.84765625 0.134375 0.15625
2 0.40859375 0.16484375 0.07734375 0.18984375
2 0.48515625 0.440625 0.228125 0.35078125
0 0.540625 0.296875 0.03828125 0.09375
0 0.578125 0.290625 0.03203125 0.08125
0 0.6375 0.703125 0.04296875 0.0953125
0 0.465625 0.19921875 0.040625 0.08515625
0 0.35625 0.44296875 0.040625 0.08515625
2 0.29296875 0.50703125 0.1671875 0.2109375
2 0.58515625 0.16640625 0.04765625 0.17890625
0 0.54921875 0.659375 0.0515625 0.10546875
1 0.21015625 0.3125 0.03046875 0.18671875
0 0.55390625 0.70625 0.06484375 0.17265625
1 0.2109375 0.42109375 0.03046875 0.2796875
0 0.35546875 0.35625 0.03984375 0.07421875
1 0.775 0.4125 0.025 0.16640625
0 0.90078125 0.34609375 0.1125 0.428125