2 0.64453125 0.5265625 0.3640625 0.16640625
2 0.215625 0.47421875 0.17421875 0.08046875
2 0.63984375 0.31015625 0.3421875 0.26171875
2 0.38203125 0.88046875 0.1625 0.15234375
2 0.29765625 0.30390625 0.35078125 0.24296875
1 0.82890625 0.52890625 0.04296875 0.09453125
0 0.34140625 0.5765625 0.0859375 0.0578125
0 0.3828125 0.18125 0.09296875 0.07109375
0 0.425 0.68671875 0.0921875 0.05625
0 0.39765625 0.79296875 0.071875 0.03828125
1 0.8265625 0.6609375 0.04140625 0.0796875
0 0.240625 0.71171875 0.11171875 0.075
2 0.70859375 0.98046875 0.221875 0.03828125
0 0.03828125 0.17890625 0.0765625 0.07109375
0 0.44921875 0.54140625 0.05703125 0.059375
1 0.825 0.83828125 0.05078125 0.15859375
0 0.028125 0.73203125 0.05625 0.05703125
2 0.21171875 0.56484375 0.1703125 0.10234375
0 0.4875 0.7578125 0.0625 0.065625
1 0.646875 0.17890625 0.2375 0.0296875
2 0.6421875 0.83828125 0.38203125 0.2421875
0 0.25234375 0.53984375 0.0765625 0.059375
1 0.25078125 0.18125 0.18125 0.0296875
2 0.703125 0.66640625 0.24609375 0.11015625
0 0.48828125 0.4046875 0.059375 0.05625
2 0.38046875 0.97890625 0.1640625 0.0421875
2 0.8828125 0.97734375 0.1625 0.0453125
2 0.05 0.5671875 0.1 0.09765625
2 0.0390625 0.3296875 0.078125 0.33125
2 0.2484375 0.55 0.096875 0.078125