2 0.1140625 0.45546875 0.09140625 0.13515625
2 0.11328125 0.56640625 0.0828125 0.0921875
2 0.39296875 0.50234375 0.1546875 0.225
2 0.596875 0.71953125 0.15859375 0.20546875
2 0.23828125 0.47109375 0.16328125 0.1515625
0 0.1734375 0.45234375 0.0375 0.04921875
0 0.24765625 0.5875 0.03828125 0.053125
0 0.1421875 0.50078125 0.034375 0.04921875
0 0.634375 0.63984375 0.0390625 0.05390625
1 0.928125 0.53671875 0.02734375 0.0859375
0 0.70859375 0.75078125 0.04765625 0.065625
0 0.628125 0.5828125 0.0375 0.0484375
2 0.19296875 0.57578125 0.0671875 0.07265625
0 0.2125 0.5875 0.03125 0.0421875
2 0.56796875 0.5671875 0.096875 0.09609375
0 0.709375 0.83984375 0.040625 0.0546875
2 0.85390625 0.7140625 0.15 0.21875
2 0.2734375 0.7125 0.096875 0.19765625
0 0.31015625 0.56796875 0.03125 0.04375
0 0.290625 0.3546875 0.0359375 0.04921875
0 0.2515625 0.3625 0.03515625 0.05078125
2 0.596875 0.4546875 0.14765625 0.13046875
1 0.2046875 0.38125 0.06484375 0.0296875
1 0.40234375 0.3828125 0.07890625 0.03671875
1 0.47421875 0.46796875 0.03046875 0.109375
2 0.7984375 0.5046875 0.25390625 0.21875
1 0.31796875 0.75546875 0.01484375 0.0578125
1 0.85859375 0.39140625 0.07734375 0.04140625