2 0.22421875 0.3453125 0.16171875 0.2609375
2 0.225 0.7046875 0.15703125 0.24921875
2 0.2671875 0.52734375 0.075 0.10390625
2 0.7078125 0.659375 0.08046875 0.09140625
2 0.1875 0.52578125 0.090625 0.10078125
2 0.7078125 0.5734375 0.078125 0.084375
0 0.3234375 0.51484375 0.05625 0.07265625
2 0.66015625 0.30625 0.171875 0.18046875
2 0.796875 0.70234375 0.1109375 0.2625
0 0.28125 0.63046875 0.0515625 0.06953125
0 0.59453125 0.4375 0.05390625 0.071875
0 0.18984375 0.6 0.0375 0.0578125
0 0.28203125 0.43671875 0.0609375 0.071875
1 0.65625 0.209375 0.0703125 0.0328125
2 0.6609375 0.45546875 0.17421875 0.14609375
0 0.72890625 0.496875 0.040625 0.05546875
0 0.51328125 0.1859375 0.05078125 0.07578125
1 0.7578125 0.8328125 0.06484375 0.0265625
1 0.22734375 0.209375 0.07265625 0.03515625
0 0.3375 0.86015625 0.05 0.08515625
0 0.7796875 0.5984375 0.0546875 0.07578125
2 0.64609375 0.746875 0.04921875 0.065625
0 0.71640625 0.73203125 0.046875 0.07109375
1 0.546875 0.83125 0.071875 0.03203125
1 0.14453125 0.403125 0.01875 0.05625
1 0.2265625 0.83359375 0.06796875 0.03125
1 0.38359375 0.209375 0.0859375 0.03671875
0 0.7828125 0.39765625 0.0515625 0.06875
2 0.875 0.73828125 0.04765625 0.06875
2 0.5859375 0.66484375 0.13203125 0.21875
2 0.35078125 0.69765625 0.1015625 0.23984375
2 0.55 0.70625 0.09296875 0.16953125
0 0.8765625 0.73984375 0.0453125 0.07109375
2 0.71484375 0.73046875 0.05390625 0.075
1 0.14375 0.63671875 0.01875 0.046875
1 0.85 0.73984375 0.01953125 0.078125