2 0.43671875 0.2 0.20859375 0.14921875
2 0.271875 0.38203125 0.12578125 0.0859375
2 0.46875 0.33203125 0.13984375 0.0671875
2 0.471875 0.39765625 0.1375 0.0703125
2 0.6546875 0.309375 0.22421875 0.3546875
2 0.15703125 0.4765625 0.115625 0.1078125
0 0.3609375 0.253125 0.05625 0.0515625
0 0.2359375 0.48984375 0.05625 0.05
0 0.3125 0.31328125 0.05859375 0.05234375
0 0.79140625 0.2703125 0.03984375 0.04140625
2 0.2765625 0.475 0.1296875 0.0921875
2 0.5921875 0.55390625 0.34765625 0.1359375
0 0.3875 0.32265625 0.04296875 0.0375
0 0.896875 0.27109375 0.04296875 0.04296875
0 0.79375 0.60390625 0.0421875 0.046875
0 0.38828125 0.38515625 0.04296875 0.0375
0 0.8953125 0.6046875 0.04296875 0.0421875
0 0.18828125 0.5484375 0.053125 0.046875
0 0.353125 0.3640625 0.05078125 0.0484375
0 0.275 0.7890625 0.05390625 0.0515625
0 0.271875 0.6453125 0.05078125 0.0484375
0 0.353125 0.4875 0.05859375 0.046875
2 0.2171875 0.259375 0.23515625 0.15625
1 0.7671875 0.171875 0.0234375 0.06171875
2 0.15390625 0.38125 0.12109375 0.0875
1 0.7375 0.62734375 0.0484375 0.021875
2 0.96015625 0.5296875 0.0796875 0.10078125
1 0.5140625 0.62578125 0.06640625 0.02421875
2 0.27578125 0.56484375 0.12578125 0.1140625
1 0.2546875 0.178125 0.0796875 0.02109375
0 0.11328125 0.140625 0.0578125 0.07421875
1 0.40859375 0.1234375 0.08203125 0.01953125
1 0.175 0.62734375 0.07265625 0.01953125
1 0.765625 0.4578125 0.02265625 0.0578125
1 0.17578125 0.17890625 0.08359375 0.0234375
2 0.96015625 0.43828125 0.0796875 0.0875
1 0.76640625 0.415625 0.0234375 0.05546875
2 0.3078125 0.8859375 0.16953125 0.15078125
0 0.3796875 0.64921875 0.0515625 0.0546875