2 0.89140625 0.89375 0.2171875 0.128125
2 0.721875 0.72890625 0.3390625 0.19140625
2 0.7984375 0.58046875 0.16484375 0.11328125
2 0.7984375 0.4296875 0.1734375 0.1890625
2 0.13359375 0.89375 0.159375 0.13046875
2 0.47890625 0.78203125 0.15859375 0.08515625
0 0.75078125 0.8890625 0.08984375 0.05546875
0 0.6765625 0.3625 0.1 0.05859375
0 0.5078125 0.71171875 0.0921875 0.065625
0 0.7578125 0.496875 0.0890625 0.0609375
2 0.79609375 0.3109375 0.1671875 0.0484375
0 0.67890625 0.553125 0.09453125 0.065625
2 0.25859375 0.55859375 0.28671875 0.07265625
0 0.3703125 0.6265625 0.08984375 0.06171875
0 0.2859375 0.615625 0.09375 0.059375
0 0.59765625 0.66328125 0.0953125 0.05625
2 0.25859375 0.70703125 0.29921875 0.2296875
0 0.50859375 0.8546875 0.1 0.06484375
0 0.75546875 0.35 0.07578125 0.0484375
2 0.79453125 0.26640625 0.16484375 0.04921875
1 0.27578125 0.82265625 0.121875 0.0234375
0 0.55390625 0.546875 0.1421875 0.059375
2 0.41015625 0.37734375 0.61640625 0.2828125
2 0.63671875 0.6171875 0.17578125 0.04453125
1 0.4390625 0.73984375 0.0609375 0.0140625
0 0.321875 0.62109375 0.18203125 0.06171875