2 0.66640625 0.475 0.1296875 0.1953125
2 0.41875 0.3296875 0.1328125 0.23046875
2 0.69921875 0.28671875 0.1875 0.1609375
1 0.95546875 0.32734375 0.028125 0.125
2 0.3453125 0.71171875 0.08046875 0.09609375
0 0.44140625 0.78359375 0.046875 0.07578125
2 0.8921875 0.3203125 0.13125 0.23515625
2 0.28046875 0.27109375 0.0859375 0.1125
0 0.7125 0.43046875 0.04453125 0.06171875
0 0.86640625 0.590625 0.03203125 0.04921875
0 0.840625 0.40078125 0.04296875 0.0578125
2 0.22109375 0.7 0.16796875 0.23828125
0 0.7546875 0.34375 0.04375 0.06015625
0 0.44140625 0.69140625 0.046875 0.06953125
0 0.80546875 0.3921875 0.034375 0.046875
0 0.58828125 0.60625 0.0484375 0.0609375
0 0.1921875 0.40546875 0.04140625 0.06015625
1 0.60390625 0.31015625 0.02109375 0.09765625
1 0.60390625 0.465625 0.02265625 0.10546875
0 0.8 0.59453125 0.04609375 0.06015625
0 0.325 0.559375 0.03828125 0.05078125
1 0.48359375 0.60390625 0.02578125 0.0859375
0 0.39765625 0.728125 0.0359375 0.046875
2 0.18828125 0.30234375 0.103125 0.16171875
0 0.2171875 0.24140625 0.04375 0.07578125
0 0.9 0.775 0.04375 0.07265625
2 0.8 0.32890625 0.046875 0.08671875
0 0.3265625 0.78046875 0.0359375 0.05
1 0.4859375 0.36640625 0.02734375 0.06796875
1 0.48359375 0.31015625 0.025 0.07109375
2 0.86171875 0.65625 0.17109375 0.184375
2 0.33671875 0.62109375 0.059375 0.08984375
1 0.60546875 0.69453125 0.021875 0.12421875
2 0.23984375 0.47734375 0.215625 0.2015625
2 0.11015625 0.81953125 0.0359375 0.0328125
0 0.25859375 0.21328125 0.03671875 0.0328125
1 0.778125 0.6890625 0.02109375 0.1109375
2 0.69296875 0.6875 0.16484375 0.24375