2 0.25390625 0.17109375 0.23203125 0.20078125
2 0.25625 0.7828125 0.234375 0.2421875
2 0.6328125 0.16875 0.21015625 0.2015625
2 0.82890625 0.36328125 0.1921875 0.1921875
2 0.25703125 0.5296875 0.2328125 0.28828125
2 0.45 0.121875 0.1625 0.10234375
2 0.25546875 0.3328125 0.22890625 0.12109375
0 0.628125 0.28515625 0.0921875 0.05859375
0 0.33046875 0.70703125 0.084375 0.0765625
0 0.31328125 0.26171875 0.0921875 0.05
2 0.45 0.22109375 0.16953125 0.1078125
1 0.14140625 0.171875 0.04296875 0.0734375
2 0.8328125 0.5859375 0.196875 0.2515625
1 0.734375 0.153125 0.03828125 0.07109375
1 0.140625 0.3296875 0.040625 0.1
1 0.14296875 0.484375 0.0390625 0.071875
1 0.459375 0.27421875 0.10390625 0.0359375
1 0.6265625 0.071875 0.08828125 0.028125
1 0.14453125 0.62890625 0.040625 0.0734375
1 0.14140625 0.76953125 0.03671875 0.06875
0 0.4609375 0.18828125 0.08984375 0.0484375
1 0.91875 0.3671875 0.0359375 0.146875
1 0.73125 0.78671875 0.04375 0.10234375
0 0.8203125 0.47265625 0.09921875 0.04765625
1 0.73125 0.565625 0.053125 0.19140625
1 0.81875 0.471875 0.1 0.046875
1 0.575 0.89765625 0.16171875 0.03046875
2 0.553125 0.47578125 0.36015625 0.41953125
0 0.453125 0.21484375 0.1375 0.10234375