2 0.60078125 0.92109375 0.1171875 0.14765625
2 0.8140625 0.478125 0.22578125 0.371875
2 0.59453125 0.41484375 0.19765625 0.2578125
2 0.61015625 0.74375 0.0859375 0.17890625
0 0.42421875 0.20703125 0.0671875 0.103125
0 0.61171875 0.503125 0.06640625 0.109375
0 0.72734375 0.5921875 0.06875 0.09453125
1 0.87265625 0.25234375 0.06171875 0.0734375
1 0.615625 0.25625 0.10078125 0.06875
1 0.94375 0.46953125 0.04375 0.18203125
1 0.1671875 0.2625 0.10078125 0.05
0 0.60078125 0.61484375 0.065625 0.09765625
0 0.7046875 0.94609375 0.06484375 0.0984375
2 0.51328125 0.73671875 0.1046875 0.1625
1 0.3203125 0.26171875 0.1328125 0.0515625
2 0.375 0.925 0.1140625 0.146875
2 0.32890625 0.74375 0.27421875 0.17109375
2 0.81015625 0.83359375 0.2421875 0.3328125
2 0.25234375 0.925 0.10859375 0.1359375
1 0.93828125 0.878125 0.03046875 0.16328125
0 0.33671875 0.46640625 0.30859375 0.37578125
2 0.50390625 0.92265625 0.06328125 0.1328125
0 0.12734375 0.89609375 0.05 0.0953125
2 0.96953125 0.88828125 0.0609375 0.2078125
0 0.109375 0.903125 0.10078125 0.10859375
1 0.00625 0.265625 0.0125 0.05625
1 0.4234375 0.26796875 0.06640625 0.03515625
2 0.45234375 0.92734375 0.05625 0.1359375