2 0.3546875 0.82421875 0.2703125 0.16640625
2 0.61015625 0.51015625 0.19921875 0.2515625
2 0.821875 0.56015625 0.23046875 0.3734375
0 0.44609375 0.32109375 0.07578125 0.12265625
0 0.6265625 0.59375 0.07109375 0.1078125
2 0.31640625 0.553125 0.40703125 0.34921875
2 0.62265625 0.82421875 0.0875 0.17421875
1 0.93671875 0.56171875 0.04296875 0.1828125
1 0.20234375 0.36640625 0.103125 0.06171875
1 0.62890625 0.36015625 0.10625 0.07890625
0 0.615625 0.69765625 0.07109375 0.09609375
0 0.7359375 0.67890625 0.0765625 0.1
0 0.45546875 0.79375 0.06875 0.0984375
0 0.87578125 0.36640625 0.0609375 0.103125
2 0.5328125 0.79921875 0.09453125 0.1140625
0 0.20859375 0.784375 0.04453125 0.09453125
0 0.62265625 0.796875 0.08359375 0.22578125
1 0.353125 0.37109375 0.1328125 0.04609375
1 0.209375 0.7875 0.040625 0.103125