2 0.20859375 0.68984375 0.12265625 0.1515625
2 0.3390625 0.84921875 0.1375 0.1703125
0 0.5921875 0.18515625 0.02734375 0.04453125
0 0.1609375 0.45859375 0.03125 0.09296875
0 0.38671875 0.45546875 0.03125 0.090625
0 0.55625 0.34609375 0.03515625 0.0484375
2 0.59609375 0.11328125 0.05546875 0.10625
2 0.115625 0.87265625 0.07578125 0.11484375
2 0.52265625 0.2953125 0.09921875 0.15625
2 0.115625 0.7234375 0.06484375 0.08828125
0 0.8046875 0.55234375 0.03515625 0.09765625
2 0.3359375 0.6125 0.13125 0.3015625
0 0.36953125 0.74296875 0.0359375 0.05234375
0 0.16015625 0.58515625 0.03046875 0.0421875
1 0.62421875 0.47734375 0.02421875 0.1015625
0 0.55625 0.19375 0.03359375 0.0484375
1 0.6234375 0.21484375 0.0234375 0.09296875
2 0.1140625 0.62109375 0.06875 0.11328125
0 0.16953125 0.7453125 0.034375 0.05234375
2 0.521875 0.1421875 0.09765625 0.15703125
2 0.44140625 0.51796875 0.07578125 0.1125
1 0.228125 0.46015625 0.06171875 0.028125
0 0.134375 0.66171875 0.02578125 0.03984375
2 0.521875 0.4484375 0.096875 0.1515625
0 0.140625 0.7890625 0.0234375 0.0375
2 0.7546875 0.53125 0.065625 0.13125
1 0.36015625 0.9328125 0.0515625 0.0265625
1 0.475 0.11875 0.01953125 0.0765625
0 0.16875 0.93203125 0.034375 0.10078125
1 0.32578125 0.4609375 0.0859375 0.03046875
1 0.47578125 0.26328125 0.0203125 0.0796875
0 0.58671875 0.63984375 0.03515625 0.109375
0 0.49375 0.546875 0.03515625 0.04609375
1 0.47578125 0.4125 0.0171875 0.07734375
1 0.43984375 0.45859375 0.0359375 0.02265625
1 0.76015625 0.46484375 0.0359375 0.025
2 0.81875 0.69375 0.18984375 0.27109375
1 0.86015625 0.55234375 0.078125 0.02421875
2 0.55625 0.5015625 0.0359375 0.05
1 0.0796875 0.7421875 0.0171875 0.0515625
1 0.19921875 0.93203125 0.03203125 0.0203125
0 0.10625 0.9546875 0.034375 0.0578125
0 0.55625 0.5015625 0.03515625 0.05234375
1 0.11640625 0.4609375 0.0328125 0.02265625
2 0.0625 0.56796875 0.02109375 0.06796875
1 0.85234375 0.934375 0.02734375 0.0265625
2 0.0625 0.82578125 0.021875 0.06015625
1 0.078125 0.6453125 0.01328125 0.0453125
1 0.625 0.56015625 0.0203125 0.07734375
2 0.58515625 0.640625 0.0375 0.1046875
2 0.77578125 0.85703125 0.10078125 0.13828125
1 0.3171875 0.76640625 0.071875 0.02421875
2 0.11328125 0.79140625 0.0703125 0.04921875
2 0.1765625 0.5140625 0.19453125 0.10390625