2 0.390625 0.42578125 0.1265625 0.13203125
2 0.8125 0.171875 0.1234375 0.203125
2 0.41796875 0.6578125 0.078125 0.0765625
2 0.18125 0.56484375 0.109375 0.06796875
2 0.18046875 0.6578125 0.11640625 0.12578125
2 0.78359375 0.76171875 0.13828125 0.12109375
2 0.38046875 0.5546875 0.15234375 0.13125
2 0.83046875 0.32265625 0.0796875 0.08828125
2 0.36640625 0.18671875 0.16953125 0.115625
0 0.7890625 0.67578125 0.04375 0.0609375
0 0.6828125 0.68046875 0.04140625 0.05390625
2 0.58671875 0.1734375 0.09453125 0.2328125
0 0.31328125 0.59609375 0.04375 0.04921875
0 0.17265625 0.42578125 0.04921875 0.05546875
0 0.36484375 0.665625 0.03671875 0.0421875
2 0.19765625 0.15078125 0.1609375 0.2046875
2 0.4203125 0.74765625 0.07734375 0.11328125
2 0.69765625 0.1703125 0.11171875 0.21015625
0 0.246875 0.5609375 0.03828125 0.04296875
0 0.2546875 0.60234375 0.0421875 0.0484375
1 0.39140625 0.121875 0.06640625 0.02734375
2 0.7671875 0.3203125 0.0546875 0.08671875
2 0.8046875 0.4109375 0.125 0.090625
1 0.81640625 0.06484375 0.053125 0.025
1 0.12578125 0.65625 0.021875 0.07109375
1 0.53203125 0.728125 0.021875 0.08671875
0 0.40078125 0.33984375 0.07265625 0.0421875
1 0.58515625 0.81953125 0.05 0.0234375
2 0.7515625 0.6703125 0.0375 0.07265625
1 0.53359375 0.60390625 0.0203125 0.08125
1 0.453125 0.1953125 0.02421875 0.0828125
0 0.26015625 0.67109375 0.040625 0.04609375
2 0.36796875 0.25234375 0.16640625 0.2265625
1 0.45625 0.55390625 0.0171875 0.06640625
0 0.259375 0.821875 0.03359375 0.04453125
2 0.5015625 0.4390625 0.06953125 0.175
1 0.871875 0.1734375 0.01953125 0.0390625
1 0.54140625 0.16484375 0.01953125 0.04921875
0 0.65 0.23984375 0.03671875 0.059375
2 0.784375 0.47734375 0.08203125 0.05703125
2 0.67890625 0.7375 0.0671875 0.0703125
2 0.84453125 0.46015625 0.05 0.090625
1 0.709375 0.06015625 0.059375 0.02421875
1 0.165625 0.71875 0.05078125 0.02265625
0 0.00703125 0.24375 0.0140625 0.0375
2 0.803125 0.60859375 0.1265625 0.18515625
2 0.703125 0.32109375 0.0765625 0.0921875
2 0.678125 0.78671875 0.06640625 0.05546875
0 0.3234375 0.05546875 0.0265625 0.03125
1 0.45390625 0.415625 0.01953125 0.0671875
1 0.22890625 0.0375 0.03046875 0.02421875
1 0.8671875 0.4515625 0.01796875 0.08359375
2 0.584375 0.2515625 0.09296875 0.0828125
2 0.32578125 0.6609375 0.10859375 0.0828125
2 0.78984375 0.66953125 0.04921875 0.0734375
1 0.8625 0.6234375 0.021875 0.08359375
1 0.846875 0.4578125 0.0515625 0.0921875