2 0.678125 0.5921875 0.2609375 0.128125
2 0.3640625 0.54375 0.1046875 0.0859375
2 0.6796875 0.72109375 0.26328125 0.1296875
2 0.18203125 0.51328125 0.12734375 0.1234375
2 0.11953125 0.36484375 0.2390625 0.1609375
2 0.3640625 0.62109375 0.10859375 0.065625
2 0.20390625 0.8453125 0.17578125 0.09921875
2 0.053125 0.5140625 0.10625 0.128125
0 0.20234375 0.259375 0.0671875 0.0484375
0 0.4578125 0.809375 0.06796875 0.05
0 0.2109375 0.43203125 0.0640625 0.04296875
2 0.24765625 0.58046875 0.128125 0.07109375
2 0.0734375 0.60078125 0.06953125 0.04453125
0 0.57890625 0.6796875 0.06640625 0.04453125
0 0.2765625 0.47734375 0.06953125 0.04375
0 0.32109375 0.8625 0.065625 0.04453125
2 0.278125 0.52421875 0.0671875 0.04453125
2 0.05546875 0.84375 0.1109375 0.096875
0 0.4453125 0.54375 0.07421875 0.04453125
0 0.3875 0.67578125 0.06640625 0.04296875
0 0.02109375 0.4328125 0.0421875 0.03984375
0 0.02734375 0.25625 0.05390625 0.03828125
1 0.35859375 0.27890625 0.1265625 0.01953125
2 0.26328125 0.703125 0.29765625 0.16328125
0 0.57734375 0.63046875 0.06484375 0.0421875
1 0.665625 0.790625 0.11328125 0.0203125
0 0.56484375 0.2453125 0.06328125 0.0421875
2 0.15234375 0.6 0.06484375 0.04609375
2 0.540625 0.19765625 0.09453125 0.1515625
2 0.528125 0.39609375 0.55546875 0.24140625
2 0.05546875 0.19375 0.1109375 0.1375
1 0.35859375 0.79140625 0.10234375 0.0203125
0 0.1875 0.553125 0.06875 0.03984375
2 0.18671875 0.365625 0.11875 0.16875
2 0.484375 0.74296875 0.13125 0.08359375
1 0.8125 0.60625 0.02734375 0.084375
1 0.59375 0.17890625 0.02890625 0.0859375
2 0.30390625 0.19765625 0.39609375 0.1484375
0 0.040625 0.55703125 0.0703125 0.0421875
2 0.05078125 0.690625 0.10078125 0.13984375