2 0.73125 0.1703125 0.18046875 0.16875
2 0.3453125 0.6265625 0.12265625 0.0875
2 0.73984375 0.5171875 0.16796875 0.1390625
2 0.24453125 0.62734375 0.084375 0.0859375
2 0.54375 0.55234375 0.0703125 0.07109375
2 0.49765625 0.1828125 0.296875 0.19296875
2 0.69609375 0.41484375 0.0671875 0.06015625
2 0.14453125 0.69765625 0.109375 0.2296875
2 0.6171875 0.55078125 0.07890625 0.0671875
2 0.62421875 0.415625 0.0640625 0.0671875
2 0.45546875 0.63984375 0.1 0.06328125
2 0.70703125 0.3203125 0.22421875 0.13671875
2 0.3578125 0.7390625 0.30859375 0.1390625
1 0.82109375 0.18515625 0.03046875 0.08671875
1 0.35390625 0.15234375 0.028125 0.084375
1 0.35390625 0.2265625 0.02734375 0.0828125
1 0.59375 0.3359375 0.01875 0.05390625
1 0.81953125 0.31640625 0.0296875 0.0875
1 0.51015625 0.640625 0.01640625 0.04375
1 0.81875 0.4953125 0.028125 0.08125
2 0.43046875 0.3546875 0.1546875 0.1375
1 0.509375 0.34765625 0.0203125 0.04765625
1 0.15625 0.8109375 0.0609375 0.01953125
1 0.3 0.8109375 0.0578125 0.01796875
0 0.74921875 0.40703125 0.0421875 0.03984375
1 0.234375 0.81015625 0.065625 0.02109375
1 0.35390625 0.34921875 0.0234375 0.0828125
2 0.42890625 0.478125 0.14921875 0.15390625
1 0.821875 0.25 0.02421875 0.06640625