2 0.09921875 0.6625 0.13515625 0.21796875
2 0.24453125 0.69140625 0.05078125 0.16015625
2 0.9328125 0.58671875 0.10390625 0.19765625
2 0.0984375 0.246875 0.1359375 0.309375
2 0.93203125 0.309375 0.10078125 0.3015625
0 0.15 0.23125 0.046875 0.08046875
2 0.075 0.465625 0.08046875 0.1375
2 0.4078125 0.66484375 0.1046875 0.20234375
0 0.1296875 0.51875 0.03671875 0.0625
0 0.1921875 0.8078125 0.04375 0.08203125
2 0.140625 0.45703125 0.05234375 0.11484375
1 0.87734375 0.33046875 0.01796875 0.109375
2 0.62578125 0.328125 0.12578125 0.3265625
1 0.40859375 0.79921875 0.07421875 0.07734375
0 0.1375 0.5890625 0.04140625 0.08359375
1 0.40546875 0.51015625 0.07265625 0.053125
2 0.2609375 0.2984375 0.18828125 0.3796875
1 0.24296875 0.09140625 0.05546875 0.03515625
2 0.19140625 0.725 0.05546875 0.09140625
0 0.19140625 0.646875 0.04453125 0.075
1 0.03359375 0.2 0.0171875 0.10546875
2 0.790625 0.340625 0.16953125 0.28359375
0 0.89609375 0.42734375 0.028125 0.06171875
2 0.0828125 0.90625 0.0953125 0.175
1 0.08828125 0.0921875 0.05234375 0.0265625
0 0.1828125 0.60234375 0.03984375 0.07890625