2 0.16953125 0.70078125 0.1828125 0.26015625
2 0.34375 0.2734375 0.15703125 0.228125
2 0.81953125 0.30703125 0.22890625 0.28203125
0 0.884375 0.4765625 0.0484375 0.07734375
0 0.23984375 0.615625 0.05625 0.078125
0 0.72578125 0.74609375 0.05703125 0.075
0 0.8828125 0.61328125 0.05625 0.08359375
2 0.7578125 0.55234375 0.109375 0.190625
0 0.39921875 0.8640625 0.05625 0.09140625
0 0.4 0.66484375 0.06015625 0.08828125
0 0.834375 0.484375 0.05 0.075
0 0.31875 0.67265625 0.05 0.0703125
0 0.7546875 0.16640625 0.0578125 0.14765625
2 0.40078125 0.765625 0.125 0.12734375
2 0.87421875 0.54609375 0.12578125 0.19375
2 0.17109375 0.29765625 0.1828125 0.26953125
0 0.290625 0.3515625 0.0515625 0.07265625
0 0.23984375 0.41875 0.0578125 0.07421875
2 0.58125 0.74375 0.2125 0.39765625
0 0.284375 0.51484375 0.05390625 0.0703125
2 0.30078125 0.765625 0.07890625 0.128125
2 0.12578125 0.51640625 0.0953125 0.11953125
2 0.5734375 0.30703125 0.26484375 0.4078125
0 0.95859375 0.68515625 0.04921875 0.06875
1 0.5203125 0.09921875 0.08203125 0.0359375
1 0.17421875 0.8265625 0.0703125 0.03046875
2 0.3515625 0.54296875 0.17421875 0.3203125
2 0.21640625 0.515625 0.0984375 0.11875
1 0.54140625 0.9375 0.0828125 0.0328125
1 0.81796875 0.82890625 0.0734375 0.03125
1 0.35390625 0.159375 0.06796875 0.034375
1 0.60546875 0.09765625 0.0828125 0.03203125
0 0.56875 0.31015625 0.2484375 0.4125
1 0.628125 0.9375 0.07421875 0.03046875
1 0.1765625 0.16015625 0.075 0.0328125
2 0.81796875 0.73515625 0.22890625 0.17734375
0 0.05625 0.51640625 0.04609375 0.0609375
0 0.30234375 0.765625 0.0765625 0.12734375
1 0.36171875 0.3828125 0.109375 0.028125
1 0.56328125 0.09921875 0.12421875 0.0375