2 0.3921875 0.73515625 0.2765625 0.18046875
2 0.40234375 0.53828125 0.28515625 0.18828125
0 0.4765625 0.89921875 0.0671875 0.0734375
0 0.13203125 0.3859375 0.05546875 0.07578125
0 0.778125 0.46328125 0.071875 0.0765625
2 0.08046875 0.7546875 0.1609375 0.196875
2 0.85078125 0.57109375 0.2171875 0.1390625
0 0.31015625 0.8609375 0.0609375 0.0703125
0 0.721875 0.565625 0.05859375 0.06328125
0 0.778125 0.678125 0.06953125 0.07890625
0 0.66640625 0.45625 0.059375 0.0671875
0 0.51484375 0.7359375 0.05 0.0484375
0 0.56875 0.5328125 0.06484375 0.06796875
0 0.30859375 0.41328125 0.06328125 0.071875
0 0.56953125 0.85390625 0.053125 0.05703125
1 0.16640625 0.73359375 0.03046875 0.1328125
0 0.665625 0.8875 0.06484375 0.0703125
2 0.68515625 0.2703125 0.1109375 0.22109375
2 0.440625 0.31875 0.35703125 0.2359375
2 0.5828125 0.7046875 0.08984375 0.10234375
0 0.13359375 0.89296875 0.0671875 0.0734375
2 0.665625 0.88828125 0.065625 0.07265625
2 0.13359375 0.8921875 0.06640625 0.07578125
0 0.93671875 0.92890625 0.03828125 0.034375
1 0.98359375 0.72109375 0.02265625 0.13671875