2 0.5984375 0.65078125 0.11796875 0.17578125
2 0.134375 0.3 0.1734375 0.20234375
2 0.59921875 0.4703125 0.1171875 0.17109375
2 0.596875 0.28828125 0.115625 0.18359375
2 0.40546875 0.5546875 0.1140625 0.1375
2 0.4203125 0.22890625 0.08671875 0.07734375
2 0.75703125 0.26484375 0.0734375 0.1234375
2 0.07890625 0.57265625 0.11953125 0.35546875
2 0.2 0.49296875 0.1328125 0.18671875
0 0.64375 0.58671875 0.03125 0.05546875
0 0.64375 0.3546875 0.03125 0.05234375
0 0.2984375 0.76171875 0.03671875 0.07109375
0 0.64375 0.41328125 0.03203125 0.0515625
2 0.1984375 0.68671875 0.1265625 0.2171875
2 0.4109375 0.44453125 0.10390625 0.10390625
2 0.93203125 0.43046875 0.10625 0.0671875
1 0.89921875 0.1921875 0.05078125 0.028125
0 0.76796875 0.171875 0.02890625 0.053125
0 0.478125 0.4359375 0.0296875 0.0484375
1 0.59765625 0.19296875 0.04765625 0.0265625
0 0.36328125 0.7625 0.03515625 0.06484375
0 0.69375 0.33984375 0.02890625 0.06328125
2 0.4203125 0.3359375 0.0859375 0.15390625
2 0.6875 0.26484375 0.06484375 0.10390625
0 0.8828125 0.3625 0.0296875 0.0515625
2 0.92265625 0.3 0.11640625 0.15703125
1 0.82421875 0.1921875 0.03671875 0.02421875
1 0.7421875 0.80625 0.04609375 0.03125
1 0.6953125 0.80859375 0.0453125 0.02578125
0 0.3484375 0.44921875 0.03203125 0.05546875
1 0.5984375 0.7390625 0.04765625 0.02421875
1 0.5421875 0.45078125 0.01328125 0.07890625
2 0.3640625 0.7 0.04609375 0.07265625
1 0.17578125 0.80859375 0.05 0.03046875
2 0.8203125 0.2671875 0.05390625 0.13671875
1 0.46484375 0.55625 0.009375 0.05625
1 0.21796875 0.8078125 0.04765625 0.0265625
1 0.6828125 0.18984375 0.02578125 0.01875
1 0.0203125 0.47109375 0.01640625 0.0625
1 0.921875 0.746875 0.0421875 0.03828125
1 0.540625 0.59453125 0.0125 0.040625
2 0.759375 0.56015625 0.06953125 0.06171875
1 0.9875 0.3734375 0.0125 0.0265625