2 0.24765625 0.3546875 0.271875 0.31015625
2 0.3375 0.71484375 0.096875 0.22421875
2 0.5734375 0.3578125 0.378125 0.3046875
2 0.81875 0.34453125 0.109375 0.296875
2 0.203125 0.67109375 0.1765625 0.3140625
0 0.2625 0.559375 0.059375 0.08984375
0 0.35390625 0.475 0.059375 0.08984375
0 0.35703125 0.58515625 0.05703125 0.0734375
0 0.4125 0.47109375 0.05546875 0.08046875
0 0.41796875 0.871875 0.05625 0.0953125
1 0.11484375 0.66640625 0.034375 0.1828125
0 0.78671875 0.446875 0.0734375 0.08203125
0 0.73984375 0.44921875 0.0765625 0.08671875
2 0.43359375 0.6765625 0.09765625 0.3140625
1 0.68125 0.19140625 0.0703125 0.02890625
1 0.78828125 0.19296875 0.05546875 0.03203125