2 0.15234375 0.6859375 0.215625 0.278125
2 0.7484375 0.33671875 0.18046875 0.30234375
2 0.40625 0.1921875 0.17734375 0.31640625
2 0.56328125 0.2109375 0.1375 0.34609375
2 0.9046875 0.3421875 0.1375 0.29296875
2 0.38671875 0.52265625 0.13203125 0.353125
2 0.74765625 0.5921875 0.18515625 0.22265625
2 0.22265625 0.325 0.075 0.13125
2 0.08359375 0.48125 0.0671875 0.1328125
2 0.08359375 0.3359375 0.07265625 0.1671875
2 0.4734375 0.43203125 0.0453125 0.1671875
2 0.47109375 0.60390625 0.04296875 0.17421875
2 0.1546875 0.3265625 0.06796875 0.1421875
1 0.66171875 0.31953125 0.02421875 0.16015625
2 0.2234375 0.44453125 0.075 0.1203125
0 0.29296875 0.7140625 0.0390625 0.06328125
1 0.4046875 0.69921875 0.08203125 0.05625
0 0.84140625 0.534375 0.03359375 0.0890625
1 0.55859375 0.03671875 0.06328125 0.0453125
1 0.3953125 0.03359375 0.0625 0.04140625
0 0.77109375 0.2078125 0.03828125 0.07421875
1 0.971875 0.3625 0.0265625 0.16484375
0 0.5015625 0.47265625 0.03359375 0.07109375
0 0.5359375 0.7109375 0.04453125 0.0640625
0 0.42265625 0.36796875 0.04453125 0.0703125
0 0.4453125 0.55859375 0.03125 0.07265625
0 0.5609375 0.3890625 0.03515625 0.065625
0 0.871875 0.21953125 0.04296875 0.08046875
2 0.821875 0.11875 0.31796875 0.165625
0 0.8765625 0.49921875 0.04140625 0.065625
2 0.15 0.46875 0.06796875 0.14140625
0 0.83046875 0.43515625 0.03046875 0.08359375
1 0.6296875 0.46171875 0.01875 0.0671875
1 0.1546875 0.8265625 0.0578125 0.04375
2 0.2890625 0.434375 0.0625 0.3359375
0 0.31015625 0.3078125 0.03046875 0.0765625
2 0.184375 0.4578125 0.125 0.13828125
0 0.27421875 0.296875 0.03359375 0.0625
0 0.4796875 0.12109375 0.04375 0.09375