2 0.32421875 0.71796875 0.228125 0.19609375
2 0.765625 0.39609375 0.14765625 0.18984375
2 0.7625 0.5296875 0.13515625 0.0859375
2 0.378125 0.58203125 0.11875 0.084375
0 0.52734375 0.71875 0.0828125 0.06484375
0 0.4625 0.5921875 0.06875 0.05078125
0 0.40234375 0.65078125 0.07109375 0.05859375
0 0.28984375 0.64296875 0.05546875 0.04765625
0 0.61171875 0.6421875 0.07109375 0.0546875
0 0.72265625 0.46640625 0.05703125 0.0421875
0 0.659375 0.40703125 0.0796875 0.06015625
0 0.52109375 0.84921875 0.06328125 0.05546875
2 0.26796875 0.59453125 0.1078125 0.05703125
2 0.7328125 0.5953125 0.1921875 0.03828125
2 0.71015625 0.70859375 0.26484375 0.21953125
2 0.78671875 0.5953125 0.08984375 0.040625
2 0.2671875 0.5625 0.109375 0.03671875
2 0.50859375 0.7828125 0.1453125 0.065625