2 0.80625 0.4296875 0.19140625 0.48984375
2 0.52265625 0.7765625 0.12578125 0.3203125
0 0.6125 0.7734375 0.06640625 0.125
1 0.92265625 0.52265625 0.03984375 0.16171875
1 0.203125 0.36875 0.03359375 0.2109375
2 0.33125 0.775 0.25 0.3078125
0 0.7484375 0.6171875 0.06484375 0.12421875
1 0.20546875 0.73046875 0.034375 0.1875
0 0.16640625 0.528125 0.0640625 0.125
0 0.871875 0.84921875 0.06328125 0.134375
2 0.7453125 0.796875 0.31875 0.23359375
1 0.9203125 0.8265625 0.03984375 0.16171875
2 0.46328125 0.39921875 0.51328125 0.44453125