2 0.6171875 0.24296875 0.2265625 0.22421875
2 0.81328125 0.24296875 0.16171875 0.22109375
2 0.5859375 0.5328125 0.17578125 0.3578125
0 0.65234375 0.44921875 0.05859375 0.07734375
2 0.40625 0.6046875 0.071875 0.18984375
0 0.28515625 0.13125 0.05 0.11015625
0 0.76015625 0.32265625 0.05625 0.0828125
2 0.8515625 0.61484375 0.08671875 0.19609375
0 0.33515625 0.7359375 0.0578125 0.08515625
0 0.70390625 0.32265625 0.05703125 0.07734375
2 0.74296875 0.6078125 0.13203125 0.18828125
2 0.24921875 0.2359375 0.38671875 0.22265625
0 0.73984375 0.48125 0.05703125 0.08046875
0 0.34921875 0.575 0.05390625 0.075
2 0.7375 0.4328125 0.11640625 0.15078125
0 0.296875 0.328125 0.0484375 0.0625
1 0.2171875 0.12109375 0.09375 0.03359375
1 0.6046875 0.70703125 0.121875 0.03671875
1 0.61875 0.12734375 0.09375 0.03359375
2 0.16484375 0.53203125 0.22734375 0.3453125
1 0.80546875 0.12578125 0.0828125 0.03203125
1 0.2453125 0.34765625 0.06484375 0.03125
2 0.4125 0.4375 0.0609375 0.12890625
1 0.75078125 0.71015625 0.10078125 0.03125
0 0.7828125 0.60078125 0.04921875 0.065625
2 0.36015625 0.4828125 0.1703125 0.26171875
1 0.11015625 0.3515625 0.10234375 0.02890625
1 0.1453125 0.703125 0.1125 0.0296875
1 0.8421875 0.7125 0.078125 0.02890625
0 0.3375 0.646875 0.05859375 0.06875