2 0.778125 0.22734375 0.29375 0.28203125
2 0.19296875 0.8578125 0.38046875 0.19765625
2 0.696875 0.56015625 0.12734375 0.090625
0 0.478125 0.74765625 0.0953125 0.065625
0 0.47734375 0.628125 0.1015625 0.06953125
0 0.5640625 0.06171875 0.0859375 0.0671875
2 0.8375 0.540625 0.14609375 0.11953125
0 0.50078125 0.85390625 0.08671875 0.06015625
1 0.734375 0.08828125 0.19453125 0.0328125
1 0.3015625 0.0859375 0.1984375 0.0296875
0 0.94140625 0.8546875 0.08828125 0.05703125
1 0.91796875 0.68984375 0.0484375 0.11875
0 0.6 0.43203125 0.08671875 0.05546875
1 0.45703125 0.08671875 0.115625 0.02734375
1 0.0640625 0.08671875 0.128125 0.0296875
0 0.80625 0.4484375 0.065625 0.040625
1 0.0609375 0.72109375 0.121875 0.0265625
0 0.5875 0.60546875 0.08671875 0.11640625
1 0.28046875 0.72265625 0.16484375 0.02890625
2 0.8390625 0.865625 0.16171875 0.134375
2 0.0953125 0.36015625 0.190625 0.46328125
2 0.73125 0.6984375 0.3984375 0.20625
2 0.64375 0.86875 0.2359375 0.13984375
0 0.6015625 0.5703125 0.08203125 0.0546875
0 0.6484375 0.86640625 0.2484375 0.1390625
0 0.84921875 0.8640625 0.17109375 0.13046875