2 0.59296875 0.89296875 0.15 0.12109375
2 0.4765625 0.76953125 0.146875 0.0984375
2 0.71171875 0.7140625 0.34296875 0.228125
2 0.61875 0.58828125 0.14921875 0.075
0 0.35703125 0.5921875 0.10390625 0.06171875
2 0.7046875 0.45625 0.32734375 0.09921875
0 0.23125 0.58671875 0.0984375 0.059375
0 0.50078125 0.4796875 0.1 0.05546875
0 0.49296875 0.15234375 0.1 0.06171875
2 0.93515625 0.72890625 0.1296875 0.18828125
0 0.51171875 0.57578125 0.08046875 0.04375
0 0.59375 0.65625 0.10546875 0.05703125
2 0.9375 0.42734375 0.125 0.09921875
1 0.2515625 0.8265625 0.14609375 0.02890625
2 0.69375 0.2953125 0.3171875 0.215625
0 0.47265625 0.90859375 0.10546875 0.0578125
1 0.7765625 0.8265625 0.14921875 0.02734375
1 0.6734375 0.18203125 0.20625 0.02734375
0 0.4625 0.8515625 0.11015625 0.06484375
2 0.9421875 0.53671875 0.1140625 0.0578125
1 0.27109375 0.18203125 0.2296875 0.028125
1 0.1140625 0.07734375 0.04921875 0.065625
1 0.05703125 0.82890625 0.05546875 0.02109375
2 0.93984375 0.60078125 0.09765625 0.07578125
1 0.971875 0.8265625 0.05625 0.02109375
0 0.61796875 0.5875 0.15078125 0.07421875
2 0.778125 0.54609375 0.175 0.0796875
2 0.25625 0.68671875 0.2984375 0.2703125
0 0.29453125 0.590625 0.22578125 0.06015625
0 0.7515625 0.48203125 0.06796875 0.03203125
1 0.11484375 0.02734375 0.0390625 0.05234375