2 0.2375 0.78046875 0.24296875 0.24765625
1 0.74140625 0.259375 0.2109375 0.05703125
2 0.7125 0.8 0.325 0.20234375
2 0.64921875 0.440625 0.4671875 0.38125
0 0.571875 0.20703125 0.1359375 0.0984375
2 0.2703125 0.4546875 0.303125 0.38203125
1 0.25078125 0.26015625 0.1671875 0.0484375
0 0.47734375 0.90390625 0.13125 0.1859375
0 0.3953125 0.80078125 0.1203125 0.09296875
2 0.63828125 0.67265625 0.1515625 0.0921875
0 0.5703125 0.3015625 0.13125 0.1046875
2 0.4796875 0.903125 0.12734375 0.1859375
1 0.42109375 0.55078125 0.04375 0.0796875