2 0.28984375 0.24609375 0.109375 0.23984375
2 0.23515625 0.58125 0.1234375 0.18671875
0 0.32890625 0.203125 0.0328125 0.06328125
2 0.365625 0.303125 0.0453125 0.121875
2 0.83984375 0.4171875 0.1234375 0.2859375
2 0.45 0.24609375 0.128125 0.2390625
0 0.3609375 0.390625 0.03046875 0.06484375
2 0.709375 0.31875 0.05 0.09921875
2 0.2078125 0.29375 0.0578125 0.13203125
0 0.321875 0.33359375 0.03203125 0.0625
2 0.45078125 0.51796875 0.128125 0.31484375
0 0.28359375 0.403125 0.03359375 0.06875
0 0.671875 0.409375 0.034375 0.065625
0 0.790625 0.39921875 0.034375 0.0640625
0 0.715625 0.39375 0.0328125 0.0671875
0 0.2828125 0.528125 0.0359375 0.0703125
0 0.884375 0.38125 0.0375 0.06484375
2 0.365625 0.18671875 0.04609375 0.11953125
2 0.62421875 0.4140625 0.12421875 0.27734375
2 0.7546875 0.31640625 0.0453125 0.10078125
0 0.74921875 0.39296875 0.03125 0.0640625
2 0.20703125 0.16953125 0.059375 0.103125
2 0.23671875 0.42578125 0.11484375 0.12890625
0 0.578125 0.43203125 0.040625 0.06796875
1 0.5125 0.5125 0.015625 0.09296875
0 0.334375 0.70390625 0.03828125 0.07265625
1 0.43359375 0.678125 0.04375 0.03515625
1 0.56171875 0.37578125 0.01640625 0.0640625
1 0.31171875 0.121875 0.04140625 0.03125
1 0.23828125 0.67578125 0.04609375 0.03515625
1 0.46171875 0.12421875 0.05546875 0.03046875
1 0.51328125 0.28203125 0.01484375 0.09140625
0 0.16171875 0.40078125 0.03203125 0.07109375
2 0.71484375 0.47109375 0.059375 0.16015625
1 0.90390625 0.421875 0.01796875 0.11015625