2 0.62578125 0.153125 0.1890625 0.20625
2 0.81171875 0.1796875 0.1921875 0.26328125
2 0.43203125 0.153125 0.21171875 0.20703125
2 0.62265625 0.47734375 0.06953125 0.1015625
2 0.18125 0.153125 0.2640625 0.20546875
2 0.6515625 0.66015625 0.13046875 0.26484375
2 0.5984375 0.34140625 0.24453125 0.1671875
2 0.8515625 0.47734375 0.13125 0.103125
2 0.65 0.85390625 0.128125 0.12578125
0 0.2375 0.22890625 0.0625 0.06015625
0 0.56171875 0.2296875 0.0578125 0.0578125
0 0.74375 0.28515625 0.0609375 0.0578125
0 0.68125 0.44921875 0.05 0.05078125
0 0.54296875 0.559375 0.06484375 0.06328125
0 0.6921875 0.3796875 0.06015625 0.0578125
0 0.76953125 0.94921875 0.06171875 0.07109375
0 0.81640625 0.4 0.05859375 0.05859375
0 0.50234375 0.22890625 0.059375 0.06015625
0 0.6109375 0.40625 0.04765625 0.046875
2 0.8125 0.37109375 0.19921875 0.11171875
0 0.68046875 0.9453125 0.05625 0.0671875
1 0.58046875 0.634375 0.03203125 0.0703125
1 0.37265625 0.53203125 0.10625 0.0296875
1 0.9140625 0.353125 0.03359375 0.0671875
2 0.534375 0.4765625 0.10859375 0.0953125
0 0.68359375 0.50234375 0.04921875 0.0484375
1 0.59921875 0.04609375 0.096875 0.02578125
0 0.8171875 0.059375 0.0234375 0.02890625
2 0.2671875 0.38984375 0.428125 0.27890625
0 0.55703125 0.4546875 0.0625 0.06640625
1 0.2703125 0.53203125 0.10390625 0.03203125
0 0.1171875 0.51796875 0.028125 0.03203125
1 0.76796875 0.04609375 0.096875 0.025
1 0.05 0.17578125 0.04296875 0.1140625
1 0.1703125 0.53046875 0.1015625 0.02890625
0 0.65078125 0.05859375 0.0234375 0.0296875
1 0.58046875 0.69296875 0.03515625 0.08359375
0 0.4234375 0.5171875 0.0265625 0.02890625
1 0.690625 0.04375 0.06484375 0.025
2 0.8515625 0.5734375 0.09375 0.0921875
1 0.428125 0.04453125 0.10546875 0.02734375
0 0.6953125 0.5578125 0.05 0.0453125
1 0.140625 0.2546875 0.14453125 0.025
0 0.6859375 0.8125 0.053125 0.05546875
0 0.47890625 0.05625 0.02578125 0.03203125
2 0.72265625 0.478125 0.13203125 0.10234375
0 0.53984375 0.46953125 0.10625 0.09765625
0 0.93203125 0.58671875 0.0671875 0.05390625
0 0.6890625 0.409375 0.05546875 0.11953125
1 0.9 0.29140625 0.021875 0.053125
0 0.72109375 0.478125 0.13203125 0.103125