2 0.15703125 0.403125 0.15390625 0.2109375
2 0.33984375 0.38984375 0.071875 0.15
0 0.53828125 0.321875 0.17578125 0.25
2 0.15703125 0.75234375 0.15 0.21015625
0 0.3203125 0.28828125 0.02890625 0.05859375
0 0.184375 0.48046875 0.0328125 0.059375
0 0.5921875 0.71640625 0.0375 0.071875
2 0.3390625 0.26015625 0.07265625 0.109375
0 0.28984375 0.40703125 0.0328125 0.0578125
0 0.6515625 0.77734375 0.03515625 0.0703125
2 0.76328125 0.6265625 0.07109375 0.190625
2 0.71171875 0.43515625 0.16875 0.18671875
0 0.55625 0.6578125 0.03203125 0.06171875
2 0.8625 0.52421875 0.128125 0.3859375
2 0.54140625 0.73828125 0.0625 0.11875
2 0.1703125 0.5765625 0.121875 0.13828125
0 0.1359375 0.66953125 0.028125 0.059375
2 0.4109375 0.39453125 0.07890625 0.14609375
2 0.31875 0.79140625 0.084375 0.1375
0 0.43515625 0.33984375 0.02890625 0.0578125
1 0.171875 0.865625 0.0796875 0.04140625
2 0.6 0.77109375 0.05703125 0.17421875
0 0.28203125 0.2484375 0.0375 0.06484375
0 0.534375 0.4640625 0.02265625 0.04453125
1 0.59453125 0.86875 0.03984375 0.03125
2 0.409375 0.26015625 0.06484375 0.103125
0 0.709375 0.5859375 0.034375 0.05859375
1 0.1515625 0.29140625 0.0890625 0.0421875
1 0.54140625 0.196875 0.090625 0.0359375