2 0.2515625 0.8484375 0.0515625 0.05546875
2 0.653125 0.87578125 0.1140625 0.090625
2 0.65546875 0.44765625 0.121875 0.0859375
2 0.79765625 0.803125 0.0828125 0.05859375
2 0.62890625 0.60703125 0.16328125 0.08515625
2 0.32890625 0.87265625 0.11015625 0.09453125
2 0.74296875 0.85234375 0.06640625 0.04453125
2 0.74375 0.89765625 0.06484375 0.0453125
2 0.61796875 0.35 0.0359375 0.05390625
0 0.209375 0.83203125 0.03046875 0.0296875
2 0.77578125 0.72109375 0.13046875 0.11015625
2 0.646875 0.71015625 0.1046875 0.10234375
0 0.6953125 0.84296875 0.0296875 0.0296875
2 0.1484375 0.71953125 0.0578125 0.0890625
0 0.615625 0.31015625 0.0328125 0.02890625
0 0.2921875 0.83203125 0.0296875 0.02734375
2 0.17109375 0.8703125 0.10625 0.10078125
0 0.24375 0.809375 0.034375 0.028125
0 0.28203125 0.65703125 0.0296875 0.028125
0 0.7 0.415625 0.028125 0.02578125
2 0.25078125 0.896875 0.04921875 0.04453125
0 0.2875 0.88984375 0.02890625 0.02421875
2 0.15078125 0.82890625 0.0546875 0.046875
0 0.16171875 0.659375 0.03515625 0.03359375
2 0.8078125 0.8953125 0.0625 0.05
0 0.1625 0.79296875 0.03203125 0.02734375
0 0.6953125 0.640625 0.03203125 0.03046875
1 0.3296875 0.671875 0.06640625 0.01640625
2 0.65703125 0.284375 0.12265625 0.10703125
1 0.234375 0.67265625 0.0578125 0.015625
1 0.66953125 0.49375 0.05546875 0.0125
1 0.31640625 0.9203125 0.05859375 0.0140625
1 0.19140625 0.9203125 0.05390625 0.0125
0 0.79140625 0.85546875 0.03125 0.028125
1 0.73828125 0.92109375 0.04921875 0.0125
0 0.74296875 0.80703125 0.034375 0.0265625
1 0.7453125 0.49375 0.05390625 0.01328125
2 0.28359375 0.74921875 0.19921875 0.1421875
1 0.33359375 0.246875 0.0609375 0.01640625
1 0.25234375 0.9203125 0.02734375 0.0125
0 0.69921875 0.90234375 0.02734375 0.02421875
1 0.653125 0.228125 0.06171875 0.01484375
1 0.80703125 0.9203125 0.0265625 0.01171875
2 0.4921875 0.82578125 0.05234375 0.0546875
1 0.2359375 0.246875 0.05390625 0.0171875
1 0.66328125 0.9203125 0.05546875 0.0140625
1 0.79921875 0.228125 0.05703125 0.01640625
0 0.1671875 0.753125 0.02890625 0.02265625
0 0.41328125 0.79921875 0.0359375 0.03203125
0 0.70078125 0.21796875 0.03359375 0.0328125
2 0.4921875 0.87265625 0.05625 0.1
1 0.646875 0.6546875 0.0515625 0.0125
0 0.1640625 0.7296875 0.02578125 0.02265625
1 0.15546875 0.91953125 0.028125 0.0125
2 0.34609375 0.61640625 0.1640625 0.10078125
0 0.73046875 0.82265625 0.02890625 0.02421875
2 0.15 0.78671875 0.0546875 0.0390625
0 0.2875 0.2484375 0.03515625 0.021875
1 0.8359375 0.85078125 0.009375 0.03515625
1 0.35 0.9203125 0.03203125 0.0125
2 0.4375 0.196875 0.10390625 0.109375
0 0.25 0.846875 0.05234375 0.05546875
0 0.134375 0.5125 0.03203125 0.02734375
1 0.84296875 0.74609375 0.0171875 0.0453125