2 0.29140625 0.640625 0.11171875 0.103125
2 0.7171875 0.63828125 0.1125 0.10390625
2 0.2546875 0.79140625 0.09921875 0.134375
2 0.1703125 0.63671875 0.1328125 0.10234375
2 0.8390625 0.63671875 0.13203125 0.1015625
2 0.15390625 0.778125 0.10234375 0.1015625
0 0.21953125 0.70703125 0.03515625 0.034375
2 0.853125 0.7078125 0.1 0.04140625
2 0.14140625 0.70859375 0.06796875 0.03984375
0 0.48828125 0.67734375 0.0328125 0.0296875
2 0.70234375 0.88828125 0.06953125 0.0609375
2 0.30546875 0.88671875 0.065625 0.0546875
0 0.5203125 0.67734375 0.03125 0.02890625
0 0.7890625 0.70625 0.0359375 0.0359375
0 0.7375 0.56953125 0.03515625 0.0359375
2 0.85390625 0.77890625 0.1015625 0.1015625
0 0.19296875 0.56953125 0.03203125 0.0375
0 0.3359375 0.69921875 0.03125 0.028125
0 0.18828125 0.71328125 0.03203125 0.03359375
0 0.37265625 0.89375 0.03515625 0.03984375
0 0.8140625 0.56953125 0.034375 0.03671875
0 0.6359375 0.89453125 0.0375 0.04140625
0 0.52109375 0.70859375 0.02890625 0.028125
0 0.48828125 0.70859375 0.03125 0.02890625
2 0.4390625 0.57734375 0.0734375 0.1171875
0 0.82109375 0.7125 0.03359375 0.0359375
2 0.75 0.79296875 0.09921875 0.1390625
1 0.85234375 0.584375 0.05234375 0.0171875
1 0.1546875 0.58359375 0.05 0.01640625
0 0.75 0.8921875 0.034375 0.03046875
0 0.2703125 0.56953125 0.0328125 0.034375
0 0.25703125 0.89140625 0.03125 0.0296875
1 0.7015625 0.58359375 0.053125 0.01796875
1 0.36796875 0.4046875 0.0296875 0.01875
1 0.09921875 0.79921875 0.025 0.078125
1 0.1 0.27265625 0.0234375 0.0796875
1 0.63828125 0.40546875 0.028125 0.01875
1 0.30390625 0.58359375 0.0546875 0.0171875
2 0.2265625 0.17109375 0.246875 0.1171875
1 0.3484375 0.60546875 0.01875 0.028125
1 0.703125 0.91875 0.06328125 0.01484375
1 0.9078125 0.271875 0.02578125 0.0828125
1 0.75546875 0.91796875 0.03671875 0.0140625
1 0.25234375 0.91796875 0.0390625 0.0140625
1 0.3046875 0.91796875 0.06015625 0.015625
1 0.90859375 0.79765625 0.0234375 0.075
2 0.1640625 0.42265625 0.10703125 0.0375
2 0.7234375 0.39140625 0.1359375 0.10703125
1 0.16640625 0.446875 0.0609375 0.0140625
1 0.771875 0.4453125 0.02890625 0.0140625
1 0.2359375 0.44453125 0.02890625 0.015625
2 0.4546875 0.69453125 0.1015625 0.059375
1 0.29140625 0.11328125 0.075 0.01640625
1 0.83984375 0.44609375 0.05625 0.01171875
2 0.7828125 0.153125 0.23046875 0.07734375
2 0.64140625 0.7046875 0.04375 0.1140625
2 0.29140625 0.76171875 0.01953125 0.046875
1 0.68203125 0.446875 0.03125 0.01328125
2 0.24453125 0.38671875 0.25859375 0.10234375
2 0.7640625 0.740625 0.07109375 0.03203125
2 0.05 0.6171875 0.025 0.0171875
2 0.5546875 0.69453125 0.096875 0.05859375
0 0.37109375 0.17421875 0.0328125 0.02265625
1 0.55390625 0.721875 0.0359375 0.00703125