2 0.87421875 0.8828125 0.146875 0.13359375
2 0.73203125 0.196875 0.165625 0.11875
2 0.87734375 0.20859375 0.13984375 0.13671875
2 0.58515625 0.1984375 0.13984375 0.11953125
2 0.09140625 0.41484375 0.05546875 0.06796875
2 0.87578125 0.33359375 0.14609375 0.1171875
2 0.1859375 0.1953125 0.2484375 0.10234375
2 0.578125 0.9203125 0.12109375 0.05390625
2 0.6546875 0.42265625 0.1 0.053125
0 0.57421875 0.1203125 0.040625 0.03671875
2 0.5609375 0.85625 0.08203125 0.075
2 0.66953125 0.85859375 0.07109375 0.06328125
2 0.2515625 0.403125 0.10078125 0.0578125
0 0.5 0.23046875 0.0484375 0.03671875
2 0.67109375 0.91796875 0.06796875 0.053125
0 0.678125 0.325 0.04765625 0.03515625
2 0.56015625 0.425 0.0859375 0.0546875
0 0.32578125 0.19453125 0.04921875 0.034375
0 0.6796875 0.38359375 0.03984375 0.0296875
2 0.796875 0.72421875 0.30078125 0.171875
0 0.4953125 0.8703125 0.0515625 0.03828125
0 0.27265625 0.83671875 0.0484375 0.0390625
1 0.23515625 0.13671875 0.0734375 0.01640625
0 0.5765625 0.803125 0.04609375 0.0375
1 0.95 0.34375 0.02265625 0.0484375
0 0.83671875 0.4078125 0.0375 0.03359375
0 0.49453125 0.91484375 0.04453125 0.03125
1 0.121875 0.1359375 0.07109375 0.015625
0 0.14921875 0.89765625 0.04765625 0.04140625
2 0.615625 0.3703125 0.18203125 0.05859375
1 0.7515625 0.45234375 0.07578125 0.01640625
0 0.134375 0.39765625 0.040625 0.0328125
0 0.0859375 0.303125 0.0421875 0.03515625
1 0.87421875 0.13671875 0.07421875 0.01640625
1 0.95 0.171875 0.02109375 0.0484375
0 0.8265625 0.8359375 0.0484375 0.0375
1 0.7515625 0.13671875 0.05390625 0.01640625
1 0.62265625 0.1359375 0.0640625 0.01640625
0 0.74921875 0.26875 0.04140625 0.03359375
0 0.11328125 0.2828125 0.04375 0.03515625
0 0.6765625 0.81328125 0.04375 0.034375
1 0.94921875 0.78515625 0.02109375 0.0296875
1 0.875 0.6328125 0.1015625 0.01875
1 0.95 0.2890625 0.02109375 0.0296875
0 0.78046875 0.31796875 0.04453125 0.03671875
2 0.096875 0.90078125 0.06796875 0.0875
1 0.51796875 0.3765625 0.01953125 0.0359375
2 0.2171875 0.90078125 0.17421875 0.09375
0 0.79140625 0.271875 0.0421875 0.03359375
1 0.7515625 0.95078125 0.075 0.01484375
1 0.24921875 0.94921875 0.078125 0.01875
1 0.83671875 0.95 0.059375 0.01484375
1 0.6046875 0.63203125 0.09765625 0.01875
1 0.828125 0.45234375 0.0421875 0.0140625
1 0.25078125 0.4515625 0.08046875 0.015625
2 0.58359375 0.30390625 0.13125 0.0703125
2 0.16015625 0.41875 0.08515625 0.0578125
0 0.62578125 0.28125 0.04375 0.03515625
0 0.1859375 0.3921875 0.04140625 0.03203125
1 0.70625 0.63203125 0.05234375 0.01953125
0 0.328125 0.91640625 0.04453125 0.03359375
2 0.75234375 0.91640625 0.09765625 0.06796875
1 0.6796875 0.9484375 0.0375 0.01484375
2 0.1859375 0.3921875 0.04375 0.0328125
2 0.203125 0.346875 0.19453125 0.05859375
1 0.75234375 0.6328125 0.053125 0.01640625
1 0.9484375 0.08984375 0.0203125 0.059375
2 0.41171875 0.78046875 0.20703125 0.3046875
0 0.6828125 0.4609375 0.040625 0.028125
0 0.1015625 0.29453125 0.05625 0.04765625
1 0.3015625 0.91796875 0.021875 0.04140625