2 0.4359375 0.9109375 0.1671875 0.1109375
2 0.24453125 0.4671875 0.1328125 0.13671875
2 0.6296875 0.146875 0.11328125 0.21953125
2 0.228125 0.11875 0.16875 0.1703125
2 0.078125 0.496875 0.075 0.19765625
2 0.91484375 0.2953125 0.13828125 0.18515625
2 0.60234375 0.53203125 0.09453125 0.1171875
0 0.64375 0.23046875 0.03203125 0.05703125
2 0.7671875 0.1765625 0.15859375 0.2828125
0 0.06328125 0.42265625 0.03203125 0.0609375
2 0.6125 0.43828125 0.07109375 0.07890625
0 0.88515625 0.3625 0.034375 0.05625
0 0.60078125 0.37578125 0.0328125 0.059375
2 0.91875 0.48984375 0.1296875 0.1875
0 0.1921875 0.490625 0.03359375 0.05625
0 0.6609375 0.50859375 0.034375 0.05390625
0 0.7734375 0.3734375 0.034375 0.06171875
0 0.85234375 0.42578125 0.03203125 0.05625
2 0.4046875 0.49921875 0.0828125 0.1390625
1 0.621875 0.0328125 0.04140625 0.0328125
0 0.296875 0.48671875 0.03203125 0.0546875
2 0.1484375 0.51484375 0.06171875 0.15546875
2 0.81328125 0.45703125 0.0421875 0.12734375
1 0.08359375 0.03359375 0.03984375 0.03203125
1 0.98203125 0.2984375 0.01875 0.121875
1 0.44609375 0.29296875 0.01796875 0.121875
1 0.571875 0.16640625 0.01640625 0.06640625
2 0.09296875 0.12734375 0.11015625 0.1765625
2 0.41484375 0.72109375 0.215625 0.2609375
1 0.73515625 0.03203125 0.0390625 0.0328125
2 0.7515625 0.46484375 0.08359375 0.1296875
0 0.34609375 0.61640625 0.034375 0.06875
1 0.14921875 0.5921875 0.03671875 0.02578125
0 0.34375 0.9109375 0.03125 0.0609375
1 0.98359375 0.4921875 0.0171875 0.121875
2 0.38828125 0.303125 0.11171875 0.20703125
1 0.07265625 0.59765625 0.03828125 0.0234375
1 0.684375 0.59375 0.0375 0.0265625
0 0.259375 0.56796875 0.03359375 0.06171875
1 0.240625 0.0296875 0.04453125 0.03125
1 0.0328125 0.16484375 0.01796875 0.0953125
1 0.0375 0.36484375 0.0171875 0.06328125
1 0.2890625 0.0265625 0.0515625 0.0265625
2 0.6984375 0.46796875 0.11171875 0.13359375
1 0.446875 0.47578125 0.01484375 0.0640625
1 0.20078125 0.03046875 0.04453125 0.03046875
1 0.55625 0.5078125 0.01640625 0.065625
2 0.78125 0.56015625 0.13984375 0.07265625
2 0.1484375 0.43125 0.059375 0.06015625
2 0.409375 0.42578125 0.059375 0.0390625
1 0.82578125 0.02734375 0.05390625 0.02421875
1 0.31484375 0.06640625 0.01328125 0.07890625
2 0.33828125 0.4296875 0.05546875 0.0453125
2 0.33828125 0.49296875 0.05546875 0.11796875
0 0.3296875 0.14296875 0.02265625 0.05
2 0.38671875 0.55703125 0.04140625 0.0515625