2 0.29609375 0.21328125 0.4125 0.33984375
1 0.8953125 0.45625 0.04453125 0.15390625
1 0.89609375 0.1828125 0.0421875 0.15
2 0.55703125 0.14453125 0.08125 0.18046875
0 0.80390625 0.6078125 0.0609375 0.08515625
0 0.1515625 0.66953125 0.0671875 0.0890625
0 0.1171875 0.28203125 0.05859375 0.08984375
2 0.75625 0.20703125 0.2703125 0.2625
2 0.83671875 0.88671875 0.1125 0.20078125
2 0.665625 0.7109375 0.0921875 0.1
1 0.08203125 0.17109375 0.04453125 0.15390625
1 0.078125 0.7578125 0.04140625 0.09140625
0 0.92109375 0.8859375 0.065625 0.08671875
2 0.44453125 0.93046875 0.09375 0.08515625
0 0.475 0.3265625 0.0671875 0.10703125
1 0.07734375 0.525 0.04609375 0.20390625
0 0.04375 0.278125 0.05625 0.08671875
2 0.4375 0.66015625 0.09140625 0.1203125
2 0.31640625 0.815625 0.1203125 0.09765625
2 0.175 0.79140625 0.17421875 0.17265625
2 0.44609375 0.828125 0.109375 0.103125
0 0.49375 0.2703125 0.03515625 0.04375
2 0.278125 0.5484375 0.409375 0.30703125
2 0.03515625 0.2375 0.0703125 0.209375
0 0.921875 0.953125 0.06015625 0.06953125
0 0.5859375 0.58828125 0.0609375 0.07890625
0 0.5578125 0.696875 0.02734375 0.040625
0 0.58359375 0.296875 0.0328125 0.04140625
1 0.39296875 0.64765625 0.01953125 0.08515625
2 0.80859375 0.70390625 0.15 0.13125
2 0.5109375 0.71953125 0.0484375 0.0875
1 0.33359375 0.85859375 0.034375 0.03046875