2 0.6046875 0.37109375 0.12734375 0.2515625
2 0.27265625 0.7 0.1296875 0.2390625
2 0.13359375 0.7 0.15390625 0.246875
2 0.70703125 0.3265625 0.07734375 0.15703125
2 0.7828125 0.32421875 0.07265625 0.16015625
2 0.50234375 0.73984375 0.0625 0.1578125
2 0.63203125 0.540625 0.07265625 0.08828125
2 0.5015625 0.62421875 0.059375 0.08046875
2 0.603125 0.7015625 0.13828125 0.240625
0 0.31640625 0.6140625 0.03828125 0.07421875
0 0.5609375 0.4640625 0.03828125 0.075
0 0.5515625 0.6140625 0.03515625 0.07109375
2 0.4140625 0.403125 0.1046875 0.18828125
0 0.365625 0.5640625 0.03203125 0.059375
0 0.190625 0.6125 0.04453125 0.07734375
0 0.58203125 0.54375 0.03359375 0.06953125
2 0.3640625 0.68515625 0.05390625 0.2078125
2 0.49453125 0.40546875 0.08671875 0.1921875
0 0.51875 0.271875 0.03125 0.0609375
0 0.54609375 0.6890625 0.03046875 0.05546875
0 0.44375 0.68359375 0.03828125 0.07734375
0 0.4609375 0.61328125 0.0296875 0.0546875
0 0.7328125 0.275 0.02890625 0.05
2 0.2859375 0.41015625 0.15625 0.33671875
0 0.67890625 0.27578125 0.02734375 0.053125
2 0.89921875 0.2984375 0.084375 0.21171875
1 0.49453125 0.30703125 0.02734375 0.021875
1 0.16875 0.821875 0.0734375 0.04375
1 0.42265625 0.309375 0.05625 0.02734375
2 0.4453125 0.81640625 0.0390625 0.07734375
0 0.4453125 0.81484375 0.04140625 0.08046875
0 0.37734375 0.271875 0.02890625 0.06015625
2 0.98203125 0.45390625 0.0359375 0.1109375
1 0.709375 0.240625 0.03046875 0.01875
0 0.55546875 0.2609375 0.02421875 0.0421875
2 0.8390625 0.37734375 0.0375 0.05234375
1 0.1578125 0.24140625 0.0828125 0.040625
2 0.978125 0.66875 0.04296875 0.3296875
1 0.29296875 0.81640625 0.0703125 0.0390625
0 0.7078125 0.32421875 0.08046875 0.1578125