2 0.4828125 0.76015625 0.23359375 0.20859375
2 0.31328125 0.76015625 0.1015625 0.20859375
2 0.21484375 0.76015625 0.0921875 0.21015625
2 0.16484375 0.3046875 0.21015625 0.3703125
2 0.678125 0.76171875 0.1203125 0.19609375
2 0.3671875 0.340625 0.18515625 0.4171875
2 0.859375 0.6890625 0.22734375 0.375
0 0.1171875 0.87109375 0.090625 0.2046875
0 0.44609375 0.61953125 0.07890625 0.11015625
0 0.09609375 0.4453125 0.07109375 0.10234375
0 0.5828125 0.71015625 0.07734375 0.10703125
0 0.2953125 0.625 0.06875 0.09296875
1 0.81015625 0.26015625 0.0453125 0.16640625
1 0.053125 0.28046875 0.03984375 0.17890625
1 0.975 0.7078125 0.03671875 0.178125
0 0.8453125 0.384375 0.09609375 0.11875
1 0.403125 0.11484375 0.1234375 0.04765625
0 0.1390625 0.7484375 0.075 0.09609375
1 0.05234375 0.6015625 0.0359375 0.11640625
0 0.7125 0.60859375 0.08359375 0.10390625
2 0.21328125 0.5765625 0.11015625 0.17109375
2 0.65078125 0.31328125 0.09609375 0.265625
2 0.65078125 0.42578125 0.1359375 0.08515625