2 0.778125 0.565625 0.228125 0.15546875
2 0.81015625 0.7875 0.153125 0.15390625
2 0.84296875 0.675 0.084375 0.07578125
2 0.296875 0.5734375 0.1578125 0.16171875
2 0.775 0.39375 0.08671875 0.06875
1 0.8859375 0.4078125 0.025 0.0609375
1 0.55390625 0.42890625 0.025 0.0578125
0 0.66953125 0.2609375 0.0421875 0.03984375
1 0.8859375 0.5578125 0.0296875 0.08046875
0 0.834375 0.34140625 0.0359375 0.03359375
2 0.67421875 0.78203125 0.128125 0.14765625
0 0.20390625 0.615625 0.04375 0.03828125
0 0.7703125 0.2546875 0.04140625 0.03515625
0 0.76640625 0.3390625 0.03671875 0.03515625
2 0.75078125 0.30078125 0.07734375 0.0453125
0 0.56015625 0.72890625 0.04609375 0.04375
2 0.83515625 0.2375 0.08984375 0.07578125
0 0.77890625 0.72890625 0.0421875 0.040625
1 0.6578125 0.86015625 0.06796875 0.02265625
2 0.71484375 0.23828125 0.1578125 0.07734375
1 0.26953125 0.48984375 0.04921875 0.01796875
2 0.67734375 0.303125 0.0875 0.04921875
0 0.78359375 0.68515625 0.04453125 0.03984375
1 0.4609375 0.7859375 0.06484375 0.01875
1 0.8859375 0.684375 0.0234375 0.04921875
2 0.834375 0.30078125 0.09375 0.0484375
1 0.78984375 0.8609375 0.06171875 0.01875
2 0.6734375 0.728125 0.04140625 0.040625
2 0.7734375 0.65078125 0.05546875 0.0296875
1 0.22265625 0.5296875 0.0203125 0.05
1 0.32265625 0.653125 0.0578125 0.02421875
0 0.7640625 0.459375 0.04609375 0.034375
2 0.80859375 0.40546875 0.1609375 0.16171875
0 0.5953125 0.340625 0.059375 0.0484375
1 0.48203125 0.48515625 0.12890625 0.0203125
2 0.46328125 0.63359375 0.15546875 0.2890625
2 0.60234375 0.5984375 0.12578125 0.221875