2 0.846875 0.53515625 0.10703125 0.10859375
2 0.140625 0.7578125 0.09453125 0.234375
0 0.4265625 0.5546875 0.06328125 0.0734375
0 0.36953125 0.4484375 0.05703125 0.07109375
0 0.76875 0.453125 0.05703125 0.07578125
2 0.815625 0.34375 0.16328125 0.28125
0 0.65234375 0.72890625 0.06796875 0.0796875
2 0.13359375 0.55390625 0.1046875 0.1640625
0 0.76796875 0.61953125 0.05859375 0.07265625
2 0.2453125 0.68203125 0.0953125 0.09921875
2 0.2984375 0.32265625 0.21171875 0.25
0 0.2390625 0.60859375 0.04609375 0.05625
2 0.3421875 0.83203125 0.1171875 0.09140625
0 0.6484375 0.16875 0.05625 0.07578125
0 0.16328125 0.5796875 0.05234375 0.06171875
2 0.81953125 0.7125 0.16328125 0.24296875
0 0.653125 0.90703125 0.059375 0.08046875
0 0.771875 0.51796875 0.0578125 0.06484375
2 0.51640625 0.7421875 0.22109375 0.2640625
1 0.3 0.19375 0.1015625 0.03515625
1 0.48515625 0.1984375 0.09765625 0.03515625
1 0.57734375 0.19921875 0.08203125 0.03203125
2 0.29921875 0.55546875 0.2078125 0.15078125
1 0.23359375 0.87421875 0.040625 0.0296875
1 0.7890625 0.2 0.0953125 0.03515625
1 0.79296875 0.878125 0.0890625 0.03515625
1 0.140625 0.26328125 0.015625 0.05546875
1 0.56796875 0.8765625 0.0921875 0.03203125
0 0.30703125 0.75390625 0.0421875 0.0453125
1 0.47890625 0.87578125 0.07578125 0.028125
2 0.56484375 0.47890625 0.32421875 0.21875
0 0.07578125 0.75703125 0.0484375 0.071875
1 0.78828125 0.9515625 0.040625 0.01796875
1 0.31171875 0.87578125 0.04765625 0.02578125
2 0.8203125 0.9171875 0.1671875 0.0671875
0 0.1359375 0.55390625 0.10234375 0.15625
2 0.56953125 0.28984375 0.3390625 0.18515625