2 0.8015625 0.4078125 0.14375 0.15859375
2 0.80390625 0.253125 0.140625 0.1546875
2 0.146875 0.24140625 0.17421875 0.14140625
2 0.41875 0.24375 0.07734375 0.06484375
0 0.1796875 0.28828125 0.04375 0.0640625
0 0.4375 0.3015625 0.03828125 0.059375
0 0.7484375 0.29765625 0.03671875 0.05234375
0 0.746875 0.35546875 0.03515625 0.05546875
2 0.19140625 0.40234375 0.0875 0.1671875
2 0.10703125 0.371875 0.09140625 0.11484375
0 0.16796875 0.3890625 0.04375 0.059375
1 0.8171875 0.16953125 0.04453125 0.02734375
1 0.67265625 0.16875 0.04609375 0.02734375
1 0.16640625 0.165625 0.05 0.02890625
1 0.18984375 0.484375 0.05625 0.03359375
1 0.51484375 0.16640625 0.05859375 0.021875
2 0.52421875 0.10078125 0.03828125 0.0390625
0 0.3546875 0.33359375 0.0421875 0.0546875
2 0.74140625 0.4421875 0.02890625 0.0734375
2 0.59375 0.32109375 0.24921875 0.28984375