2 0.11328125 0.31875 0.153125 0.26875
2 0.11171875 0.7171875 0.15390625 0.27421875
2 0.87890625 0.175 0.19296875 0.225
2 0.2671875 0.3171875 0.15859375 0.26328125
2 0.72890625 0.271875 0.0984375 0.16171875
2 0.678125 0.71953125 0.2125 0.2625
2 0.3109375 0.77734375 0.071875 0.146875
2 0.73203125 0.5375 0.10546875 0.109375
2 0.73046875 0.4171875 0.10078125 0.13515625
2 0.084375 0.51953125 0.10546875 0.1265625
0 0.16640625 0.61640625 0.053125 0.075
0 0.246875 0.88046875 0.0515625 0.08359375
2 0.4578125 0.3265625 0.23046875 0.27890625
1 0.9765625 0.528125 0.0234375 0.0796875
0 0.6671875 0.51328125 0.0421875 0.05625
0 0.1453125 0.528125 0.046875 0.0578125
0 0.625 0.15390625 0.04921875 0.0734375
0 0.5484375 0.503125 0.05234375 0.0703125
0 0.66171875 0.315625 0.05859375 0.07265625
0 0.76015625 0.1296875 0.04453125 0.07265625
1 0.97578125 0.37734375 0.0203125 0.07734375
0 0.753125 0.32109375 0.0484375 0.06953125
1 0.26328125 0.1828125 0.0765625 0.0328125
1 0.68359375 0.8546875 0.08046875 0.03359375
1 0.4765625 0.85546875 0.08203125 0.034375
1 0.88984375 0.053125 0.0484375 0.03125
1 0.03203125 0.515625 0.02109375 0.05390625
0 0.215625 0.41953125 0.05234375 0.08359375
0 0.1625 0.41875 0.05234375 0.08125
1 0.41171875 0.184375 0.05625 0.03359375
1 0.1234375 0.1828125 0.0765625 0.03515625
1 0.12890625 0.85234375 0.065625 0.0328125
1 0.509375 0.18359375 0.053125 0.03359375
0 0.59453125 0.6265625 0.05 0.07109375
1 0.4609375 0.18359375 0.05859375 0.0359375
1 0.73203125 0.1859375 0.04375 0.0359375
1 0.578125 0.10546875 0.02265625 0.12421875
1 0.2328125 0.978125 0.03515625 0.025
1 0.31640625 0.97890625 0.0390625 0.02421875
1 0.78359375 0.12734375 0.021875 0.0765625
1 0.27578125 0.98046875 0.0609375 0.02421875
1 0.35625 0.9328125 0.0203125 0.05546875