2 0.5890625 0.2765625 0.30078125 0.1765625
2 0.5515625 0.6578125 0.234375 0.21640625
2 0.81875 0.3640625 0.15703125 0.1640625
0 0.34765625 0.70078125 0.08828125 0.0765625
0 0.64140625 0.5078125 0.078125 0.071875
1 0.19609375 0.7734375 0.1671875 0.04765625
0 0.8171875 0.59609375 0.0703125 0.0625
0 0.771875 0.415625 0.08515625 0.0625
2 0.446875 0.8578125 0.11640625 0.17265625
0 0.471875 0.33203125 0.0875 0.06484375
0 0.3359375 0.15 0.0734375 0.06328125
0 0.49453125 0.503125 0.06875 0.059375
0 0.3609375 0.9015625 0.08359375 0.06640625
1 0.56171875 0.7734375 0.1234375 0.0359375
0 0.81328125 0.51953125 0.06328125 0.05390625
2 0.8203125 0.234375 0.15859375 0.09609375
1 0.77109375 0.77578125 0.146875 0.04453125
2 0.18828125 0.659375 0.28671875 0.21015625
0 0.47421875 0.57421875 0.06796875 0.06015625
0 0.3546875 0.79453125 0.07734375 0.0859375
1 0.1546875 0.17578125 0.115625 0.03359375
0 0.703125 0.578125 0.06796875 0.0578125
1 0.61640625 0.18203125 0.13046875 0.03046875
1 0.89609375 0.25 0.03515625 0.04609375
1 0.21640625 0.17734375 0.18046875 0.034375
0 0.8515625 0.30546875 0.0640625 0.059375
1 0.03515625 0.8140625 0.04921875 0.084375
0 0.92421875 0.37265625 0.06953125 0.0625
1 0.03671875 0.915625 0.0453125 0.07421875