2 0.48984375 0.79296875 0.16953125 0.209375
2 0.2234375 0.2 0.209375 0.21171875
2 0.83515625 0.46953125 0.1875 0.15078125
2 0.2046875 0.375 0.084375 0.13984375
2 0.659375 0.790625 0.16875 0.209375
2 0.084375 0.140625 0.07265625 0.096875
0 0.30703125 0.77421875 0.04921875 0.07578125
2 0.0859375 0.246875 0.07265625 0.12578125
0 0.49140625 0.37578125 0.04375 0.0703125
0 0.78984375 0.36796875 0.0453125 0.06796875
0 0.13515625 0.15859375 0.0375 0.046875
0 0.30234375 0.27890625 0.046875 0.0671875
0 0.79140625 0.51484375 0.0453125 0.06328125
0 0.359375 0.71875 0.046875 0.0671875
0 0.2671875 0.52734375 0.05 0.065625
1 0.54453125 0.39765625 0.0640625 0.028125
0 0.140625 0.490625 0.0421875 0.065625
0 0.14453125 0.325 0.034375 0.05078125
2 0.46875 0.16796875 0.21953125 0.23046875
0 0.14765625 0.4171875 0.040625 0.04765625
0 0.45859375 0.71328125 0.04296875 0.065625
2 0.3546875 0.459375 0.20546875 0.29765625
0 0.1 0.32578125 0.034375 0.05
2 0.1109375 0.38828125 0.10625 0.16640625
1 0.8453125 0.39140625 0.05625 0.025
1 0.49453125 0.89765625 0.08984375 0.03125
1 0.6609375 0.8953125 0.08203125 0.03046875
1 0.9265625 0.63828125 0.01875 0.09140625
0 0.625 0.7109375 0.04296875 0.065625
2 0.1546875 0.54140625 0.1890625 0.13828125
1 0.325 0.13984375 0.01953125 0.0921875
1 0.3671875 0.30390625 0.0609375 0.02890625
1 0.42421875 0.30390625 0.059375 0.028125
0 0.04375 0.67734375 0.03671875 0.05390625
1 0.05 0.23203125 0.0171875 0.05078125
2 0.828125 0.7234375 0.2140625 0.3625
2 0.36875 0.82265625 0.07421875 0.1578125
1 0.1515625 0.82421875 0.09375 0.028125
1 0.6140625 0.39765625 0.0828125 0.02890625
2 0.8640625 0.84296875 0.06015625 0.1
1 0.36875 0.9 0.0328125 0.025
0 0.36953125 0.8203125 0.071875 0.15703125
2 0.59921875 0.5265625 0.2828125 0.2515625
1 0.0484375 0.1546875 0.01953125 0.04453125
2 0.06171875 0.359375 0.03125 0.08671875
2 0.14921875 0.7171875 0.2046875 0.21875
0 0.03828125 0.53203125 0.0375 0.0546875
1 0.084375 0.24765625 0.0765625 0.1296875
0 0.04921875 0.1546875 0.01953125 0.04453125