2 0.73515625 0.7734375 0.315625 0.19609375
2 0.27734375 0.68046875 0.15078125 0.0859375
2 0.24296875 0.834375 0.31640625 0.22890625
2 0.80234375 0.48515625 0.1640625 0.13125
2 0.78046875 0.20546875 0.23828125 0.18984375
2 0.79375 0.6125 0.18515625 0.134375
2 0.153125 0.68125 0.1109375 0.08828125
0 0.61953125 0.2109375 0.115625 0.0703125
2 0.60546875 0.4609375 0.23515625 0.32109375
0 0.47109375 0.903125 0.1 0.07109375
0 0.4671875 0.79765625 0.0921875 0.0640625
0 0.1703125 0.740625 0.0703125 0.04609375
2 0.9359375 0.48203125 0.0984375 0.1328125
0 0.63359375 0.640625 0.0796875 0.05625
1 0.56328125 0.3 0.14765625 0.03203125
0 0.3890625 0.66875 0.08515625 0.05390625
0 0.75390625 0.4375 0.0703125 0.04453125
2 0.3 0.5046875 0.4328125 0.2578125
1 0.71640625 0.8734375 0.15703125 0.03046875
0 0.7625 0.57421875 0.08046875 0.05625
0 0.6234375 0.69921875 0.08671875 0.05703125
2 0.93203125 0.61484375 0.08671875 0.13203125
0 0.35 0.76640625 0.06328125 0.0578125
1 0.29140625 0.371875 0.1625 0.02890625
1 0.3359375 0.94453125 0.121875 0.02578125
1 0.01953125 0.94375 0.03828125 0.0265625
0 0.98515625 0.5734375 0.0296875 0.03828125
0 0.8015625 0.48359375 0.165625 0.13203125
2 0.4953125 0.81953125 0.17578125 0.11015625
0 0.6296875 0.66875 0.08671875 0.11640625
2 0.3875 0.66875 0.078125 0.05
2 0.3421875 0.10703125 0.565625 0.196875