2 0.71015625 0.36171875 0.08046875 0.14453125
2 0.5375 0.559375 0.0953125 0.14296875
2 0.70625 0.5609375 0.0796875 0.1546875
2 0.44296875 0.6265625 0.08984375 0.15
2 0.31328125 0.35546875 0.1 0.14140625
2 0.94296875 0.3296875 0.0625 0.13828125
2 0.31796875 0.51796875 0.05859375 0.07890625
2 0.25078125 0.50078125 0.0765625 0.1125
0 0.365625 0.6515625 0.025 0.040625
0 0.3671875 0.571875 0.02421875 0.040625
0 0.3703125 0.26171875 0.0265625 0.0359375
0 0.27734375 0.56953125 0.02265625 0.0375
0 0.32890625 0.5734375 0.025 0.0359375
0 0.409375 0.57109375 0.02421875 0.0375
2 0.72890625 0.45703125 0.0375 0.059375
0 0.4984375 0.51328125 0.02421875 0.0328125
0 0.2703125 0.40234375 0.01953125 0.02578125
0 0.27578125 0.459375 0.02109375 0.03203125
2 0.23984375 0.3203125 0.04921875 0.0765625
0 0.75703125 0.409375 0.021875 0.0328125
0 0.3671875 0.46484375 0.0234375 0.034375
2 0.2390625 0.39765625 0.04609375 0.08828125
2 0.15859375 0.596875 0.0453125 0.115625
0 0.3 0.56875 0.0203125 0.0359375
0 0.16875 0.45234375 0.021875 0.03203125
0 0.7578125 0.465625 0.021875 0.0375
2 0.9421875 0.51796875 0.06328125 0.24296875
2 0.55390625 0.35625 0.0578125 0.21015625
0 0.20390625 0.571875 0.0234375 0.0328125
2 0.0984375 0.434375 0.128125 0.12109375
1 0.5828125 0.58515625 0.0140625 0.07421875
2 0.8265625 0.309375 0.15234375 0.17734375
1 0.48671875 0.58515625 0.01171875 0.059375
2 0.253125 0.5953125 0.08125 0.0796875
2 0.871875 0.31015625 0.08515625 0.17890625
1 0.4875 0.66953125 0.0109375 0.0421875
2 0.821875 0.553125 0.1515625 0.26796875
1 0.08984375 0.96328125 0.0578125 0.04453125
2 0.46015625 0.41640625 0.028125 0.05234375
2 0.79375 0.44453125 0.08671875 0.10078125
2 0.409375 0.325 0.09921875 0.215625
2 0.6921875 0.45546875 0.05 0.05390625
2 0.98515625 0.52578125 0.0296875 0.2359375
2 0.3359375 0.4484375 0.040625 0.0578125