2 0.12265625 0.46171875 0.1609375 0.19140625
2 0.12109375 0.2421875 0.17265625 0.24453125
2 0.80390625 0.528125 0.228125 0.23828125
2 0.4328125 0.65234375 0.11015625 0.14296875
2 0.52421875 0.6515625 0.0796875 0.14375
0 0.7203125 0.584375 0.06640625 0.07265625
2 0.29453125 0.665625 0.1640625 0.2234375
0 0.66171875 0.79296875 0.06171875 0.0703125
2 0.3015625 0.2484375 0.18203125 0.2203125
0 0.5875 0.6328125 0.05859375 0.05625
2 0.828125 0.76328125 0.1765625 0.23515625
0 0.2890625 0.584375 0.05625 0.0671875
0 0.175 0.39609375 0.0625 0.07421875
1 0.9171875 0.515625 0.03125 0.1328125
0 0.5859375 0.7921875 0.0515625 0.05546875
0 0.71953125 0.33046875 0.07109375 0.06953125
2 0.4765625 0.7984375 0.18125 0.14609375
2 0.12578125 0.67734375 0.16875 0.25078125
2 0.29765625 0.45390625 0.16796875 0.19140625
0 0.71953125 0.70703125 0.05859375 0.0671875
0 0.6625 0.91328125 0.05625 0.06484375
1 0.81796875 0.88671875 0.09765625 0.03203125
0 0.18046875 0.32734375 0.071875 0.0734375
0 0.41640625 0.7484375 0.0484375 0.05703125
1 0.2125 0.8140625 0.02109375 0.06484375
2 0.5984375 0.8546875 0.0671875 0.06875
1 0.29765625 0.8828125 0.06171875 0.02578125
1 0.42109375 0.88203125 0.059375 0.0296875
1 0.34765625 0.88046875 0.05390625 0.0234375
1 0.4515625 0.13984375 0.13046875 0.02734375
1 0.75859375 0.1390625 0.13046875 0.0296875
2 0.2953125 0.8296875 0.16796875 0.103125
0 0.2390625 0.32578125 0.07421875 0.071875
0 0.35703125 0.75390625 0.04609375 0.0484375
1 0.5640625 0.13984375 0.11171875 0.025
2 0.1796875 0.328125 0.071875 0.0734375
2 0.23984375 0.32578125 0.07109375 0.071875
2 0.821875 0.2734375 0.19609375 0.1453125
2 0.39140625 0.8515625 0.025 0.03359375