2 0.4625 0.3140625 0.215625 0.28828125
2 0.61640625 0.8921875 0.26796875 0.21484375
2 0.8625 0.56875 0.21015625 0.2453125
2 0.23125 0.3078125 0.25 0.2859375
2 0.165625 0.6375 0.11640625 0.09140625
2 0.05390625 0.81015625 0.10546875 0.25703125
2 0.42265625 0.8453125 0.12734375 0.10390625
2 0.34140625 0.49765625 0.1015625 0.103125
2 0.0546875 0.5609375 0.109375 0.24375
0 0.2984375 0.71328125 0.0625 0.08203125
0 0.028125 0.9640625 0.05546875 0.07109375
2 0.66015625 0.3 0.1875 0.26640625
0 0.64609375 0.4171875 0.06171875 0.0734375
0 0.3265625 0.36015625 0.07734375 0.08828125
0 0.78203125 0.49375 0.06875 0.078125
0 0.17265625 0.70859375 0.059375 0.065625
2 0.17109375 0.9640625 0.11328125 0.071875
0 0.08359375 0.9671875 0.0546875 0.06484375
0 0.5171875 0.9734375 0.0625 0.053125
0 0.24375 0.56015625 0.06953125 0.06953125
0 0.33203125 0.425 0.0546875 0.06484375
2 0.31015625 0.6140625 0.16875 0.140625
1 0.4359375 0.16171875 0.1421875 0.04375
1 0.10234375 0.21171875 0.03203125 0.053125
1 0.753125 0.3234375 0.0375 0.1265625
1 0.75 0.60234375 0.0421875 0.1625
2 0.25234375 0.4859375 0.0671875 0.0828125
1 0.02109375 0.4265625 0.0421875 0.034375
1 0.75 0.9421875 0.0375 0.115625
1 0.28203125 0.1578125 0.1125 0.046875
0 0.325 0.95 0.0578125 0.0953125
2 0.38671875 0.94765625 0.10859375 0.10390625
1 0.859375 0.44765625 0.14921875 0.0296875
0 0.275 0.9484375 0.0515625 0.05078125
2 0.05625 0.72421875 0.07421875 0.08203125
1 0.4359375 0.790625 0.0796875 0.02578125
1 0.48984375 0.4546875 0.06953125 0.02109375
1 0.3859375 0.79296875 0.0421875 0.01953125
1 0.5609375 0.79296875 0.13046875 0.028125