2 0.43671875 0.728125 0.37421875 0.2203125
2 0.34375 0.565625 0.1703125 0.10625
2 0.62421875 0.365625 0.35859375 0.29453125
0 0.5265625 0.209375 0.11171875 0.1203125
0 0.57578125 0.65234375 0.10859375 0.05625
0 0.6984375 0.5609375 0.09140625 0.05078125
1 0.67109375 0.2109375 0.18125 0.03984375
1 0.39609375 0.8328125 0.18359375 0.03515625
0 0.671875 0.75390625 0.10390625 0.06328125
2 0.3625 0.36328125 0.2 0.2875
0 0.6765625 0.85390625 0.12421875 0.07890625
0 0.46171875 0.5921875 0.09765625 0.04609375
2 0.6765625 0.85390625 0.115625 0.075