2 0.5546875 0.2828125 0.36015625 0.18828125
2 0.8484375 0.2546875 0.246875 0.12578125
2 0.27734375 0.265625 0.19765625 0.16328125
2 0.27890625 0.48125 0.19375 0.1296875
2 0.7828125 0.3640625 0.115625 0.0953125
2 0.31953125 0.38671875 0.11484375 0.075
0 0.41796875 0.50390625 0.075 0.05546875
0 0.41796875 0.56171875 0.06953125 0.046875
0 0.75546875 0.21640625 0.0671875 0.046875
0 0.6546875 0.1703125 0.06640625 0.05
0 0.403125 0.396875 0.06875 0.04453125
2 0.2265625 0.38515625 0.08203125 0.0765625
0 0.34921875 0.440625 0.06796875 0.04453125
0 0.240625 0.3328125 0.053125 0.0390625
0 0.35 0.32421875 0.0703125 0.04765625
2 0.9015625 0.51640625 0.13671875 0.06640625
0 0.86328125 0.4640625 0.06015625 0.03984375
2 0.90234375 0.43828125 0.13203125 0.0953125
2 0.86484375 0.62578125 0.2171875 0.15625
0 0.72890625 0.5796875 0.065625 0.04453125
2 0.6109375 0.4609375 0.234375 0.146875
0 0.875 0.56484375 0.06015625 0.04609375
0 0.75390625 0.49140625 0.065625 0.0453125
0 0.85625 0.38671875 0.04765625 0.03046875
1 0.29765625 0.54453125 0.10390625 0.02265625
1 0.53203125 0.18671875 0.18828125 0.01875
1 0.3078125 0.184375 0.0875 0.01796875
1 0.834375 0.18828125 0.090625 0.0203125
2 0.771875 0.48359375 0.10703125 0.1015625
0 0.778125 0.48046875 0.10859375 0.09765625
1 0.178125 0.490625 0.0234375 0.0703125
0 0.334375 0.39453125 0.090625 0.084375