2 0.72109375 0.1171875 0.17578125 0.1
2 0.68984375 0.5703125 0.1109375 0.159375
2 0.31015625 0.440625 0.13125 0.1671875
2 0.778125 0.5984375 0.06640625 0.096875
2 0.55390625 0.25859375 0.1421875 0.190625
2 0.68125 0.8140625 0.0953125 0.0875
2 0.7671875 0.19765625 0.084375 0.06328125
2 0.77109375 0.26484375 0.08125 0.0765625
2 0.76875 0.81328125 0.0953125 0.0859375
0 0.77265625 0.7578125 0.04375 0.03515625
0 0.6546875 0.1515625 0.04140625 0.03125
0 0.7765625 0.66171875 0.03984375 0.03515625
0 0.65078125 0.50625 0.040625 0.03203125
0 0.40390625 0.3453125 0.03828125 0.03359375
0 0.6515625 0.453125 0.0453125 0.03359375
0 0.621875 0.803125 0.03828125 0.028125
0 0.40546875 0.5375 0.0359375 0.03125
1 0.70390625 0.065625 0.07890625 0.01875
0 0.60703125 0.53515625 0.03828125 0.028125
0 0.8265625 0.33515625 0.03828125 0.03125
2 0.50625 0.46171875 0.16171875 0.20390625
2 0.70234375 0.196875 0.046875 0.0609375
1 0.81171875 0.2234375 0.0171875 0.03203125
1 0.678125 0.771875 0.084375 0.01484375
1 0.81171875 0.41796875 0.0171875 0.040625
1 0.81328125 0.8109375 0.01875 0.078125
1 0.4828125 0.23671875 0.02734375 0.1078125
2 0.8265625 0.33515625 0.0390625 0.02890625
0 0.6046875 0.57734375 0.0390625 0.0265625
1 0.8125 0.73125 0.02578125 0.08046875
1 0.81171875 0.25546875 0.0171875 0.0421875
1 0.58125 0.3375 0.04296875 0.0375