2 0.83671875 0.6484375 0.1390625 0.1921875
2 0.41953125 0.6671875 0.0875 0.24609375
2 0.83828125 0.45625 0.1375 0.1984375
2 0.54453125 0.67109375 0.0890625 0.2375
2 0.20234375 0.6765625 0.1234375 0.22578125
2 0.1828125 0.44140625 0.1578125 0.21875
2 0.734375 0.6828125 0.07265625 0.13359375
2 0.43125 0.38671875 0.06171875 0.1171875
2 0.35390625 0.72265625 0.05234375 0.1234375
2 0.62578125 0.45234375 0.159375 0.2
2 0.42578125 0.49921875 0.0703125 0.11015625
2 0.36171875 0.3890625 0.07421875 0.128125
0 0.30546875 0.81015625 0.0359375 0.06640625
2 0.09921875 0.6859375 0.09140625 0.24921875
0 0.36171875 0.52890625 0.03046875 0.0640625
0 0.36171875 0.62578125 0.03203125 0.059375
2 0.29453125 0.4453125 0.0640625 0.23515625
0 0.33359375 0.66015625 0.02734375 0.06875
0 0.41484375 0.46875 0.02578125 0.05
1 0.20625 0.79296875 0.05546875 0.046875
0 0.30625 0.7296875 0.034375 0.071875
0 0.78515625 0.5125 0.0328125 0.0625
0 0.36640625 0.30390625 0.0296875 0.06015625
2 0.7390625 0.54375 0.0609375 0.13828125
0 0.74296875 0.59140625 0.03203125 0.05859375
1 0.41171875 0.79296875 0.06171875 0.0421875
1 0.35390625 0.79296875 0.0234375 0.03203125
2 0.7390625 0.35078125 0.065625 0.065625
1 0.5640625 0.78125 0.03828125 0.03125
1 0.90625 0.6125 0.01484375 0.10078125
0 0.37421875 0.47734375 0.02578125 0.05390625
0 0.784375 0.5828125 0.0296875 0.06171875
1 0.11953125 0.80546875 0.03046875 0.0359375
1 0.1015625 0.4421875 0.01875 0.0921875