2 0.3265625 0.43515625 0.2 0.296875
2 0.1265625 0.44375 0.20703125 0.2984375
2 0.8390625 0.521875 0.0921875 0.11640625
2 0.475 0.675 0.1515625 0.196875
0 0.46875 0.25078125 0.05546875 0.0828125
2 0.35078125 0.72109375 0.103125 0.1109375
2 0.35 0.6296875 0.09921875 0.08828125
2 0.60859375 0.42890625 0.36484375 0.2921875
2 0.86640625 0.3921875 0.16484375 0.20390625
0 0.8234375 0.25 0.0515625 0.07734375
0 0.81015625 0.33828125 0.05234375 0.0671875
1 0.72734375 0.5859375 0.0875 0.0390625
0 0.20703125 0.41484375 0.05234375 0.06484375
0 0.4640625 0.54140625 0.06171875 0.07421875
0 0.478125 0.80546875 0.046875 0.0796875
1 0.83984375 0.584375 0.0609375 0.03359375
1 0.1203125 0.5875 0.08671875 0.04609375
1 0.71875 0.27890625 0.1015625 0.03671875
1 0.58125 0.28046875 0.10703125 0.03515625
2 0.153125 0.80703125 0.27578125 0.3640625
0 0.41875 0.6234375 0.0453125 0.07734375
1 0.35 0.28046875 0.11015625 0.03671875
0 0.81484375 0.29609375 0.05546875 0.12421875
0 0.41953125 0.7390625 0.03984375 0.06328125