2 0.32265625 0.2421875 0.20859375 0.18515625
2 0.2125 0.3703125 0.26015625 0.07265625
2 0.21328125 0.47890625 0.2671875 0.14765625
2 0.15 0.28359375 0.14296875 0.1015625
2 0.15078125 0.190625 0.14140625 0.0875
0 0.465625 0.1484375 0.07734375 0.07890625
2 0.55859375 0.24140625 0.26484375 0.18359375
2 0.72734375 0.43984375 0.41875 0.2203125
2 0.48671875 0.51953125 0.10859375 0.07109375
0 0.19296875 0.24609375 0.06484375 0.03671875
0 0.1890625 0.31796875 0.071875 0.040625
0 0.4703125 0.471875 0.0625 0.03671875
0 0.37421875 0.3625 0.07578125 0.0390625
2 0.1703125 0.9171875 0.20625 0.1171875
0 0.396875 0.56953125 0.08125 0.04765625
0 0.46484375 0.31171875 0.07421875 0.04140625
0 0.73359375 0.3125 0.07265625 0.040625
1 0.57109375 0.14765625 0.13203125 0.02109375
0 0.3890625 0.3109375 0.06875 0.0390625
0 0.3125 0.46328125 0.08671875 0.04375
2 0.81171875 0.23984375 0.23046875 0.18359375
1 0.34609375 0.14765625 0.1390625 0.01875
1 0.79765625 0.146875 0.18515625 0.025
0 0.39375 0.5046875 0.08671875 0.04375
1 0.72109375 0.5515625 0.25 0.0296875
0 0.81171875 0.240625 0.23046875 0.1828125
0 0.16796875 0.84609375 0.0890625 0.046875
1 0.21953125 0.55390625 0.15390625 0.02578125
2 0.39375 0.50546875 0.0890625 0.0453125