2 0.75 0.3390625 0.20390625 0.3890625
2 0.5859375 0.67890625 0.14921875 0.31640625
2 0.5640625 0.2984375 0.17578125 0.2921875
2 0.203125 0.221875 0.0984375 0.165625
2 0.19453125 0.47734375 0.0796875 0.09609375
2 0.375 0.47421875 0.06875 0.09296875
2 0.28828125 0.41875 0.10703125 0.15859375
2 0.446875 0.690625 0.07734375 0.12109375
2 0.453125 0.80390625 0.11640625 0.11484375
2 0.28359375 0.2125 0.071875 0.13515625
2 0.46328125 0.5375 0.109375 0.20859375
2 0.28125 0.62890625 0.2671875 0.24375
1 0.28046875 0.75625 0.10625 0.05234375
2 0.20234375 0.3734375 0.09609375 0.12421875
1 0.56953125 0.8453125 0.09375 0.04140625
0 0.28515625 0.134375 0.05078125 0.04140625
2 0.77265625 0.67109375 0.1484375 0.29609375
0 0.2125 0.5328125 0.0421875 0.04140625
0 0.528125 0.44375 0.053125 0.0515625
0 0.4421875 0.44375 0.04453125 0.04375
0 0.5421875 0.53671875 0.04296875 0.04453125
1 0.41328125 0.1421875 0.07265625 0.0296875
0 0.690625 0.53515625 0.04296875 0.04453125
1 0.70078125 0.14140625 0.0953125 0.03203125
1 0.21640625 0.14375 0.03828125 0.0203125
0 0.253125 0.41015625 0.0390625 0.0734375
2 0.45625 0.2203125 0.0578125 0.1296875
0 0.45703125 0.65390625 0.04609375 0.04609375
0 0.44609375 0.76015625 0.053125 0.03671875