2 0.853125 0.69609375 0.16640625 0.3421875
2 0.69921875 0.303125 0.1484375 0.2609375
2 0.853125 0.3421875 0.1703125 0.3515625
2 0.29609375 0.33046875 0.196875 0.3296875
0 0.36640625 0.3859375 0.05703125 0.090625
0 0.2265625 0.5875 0.05390625 0.0890625
2 0.1375 0.2578125 0.1171875 0.1703125
0 0.44765625 0.12109375 0.04921875 0.08359375
1 0.69296875 0.16328125 0.0890625 0.0375
2 0.13984375 0.50234375 0.12734375 0.33828125
0 0.21796875 0.759375 0.04140625 0.06640625
2 0.25 0.73828125 0.103125 0.23359375
1 0.8421875 0.16328125 0.0890625 0.0390625
1 0.30390625 0.16484375 0.09140625 0.0421875
0 0.2765625 0.5828125 0.04921875 0.08203125
0 0.22421875 0.45703125 0.0484375 0.08125
1 0.56953125 0.16328125 0.06875 0.03515625
0 0.05625 0.57734375 0.0546875 0.0890625
0 0.79765625 0.4703125 0.05390625 0.08515625
0 0.79609375 0.5625 0.053125 0.084375
1 0.48125 0.94453125 0.06796875 0.028125
1 0.840625 0.86796875 0.0875 0.0375
0 0.05546875 0.26640625 0.05390625 0.08828125
1 0.33671875 0.9453125 0.0671875 0.0296875
1 0.07890625 0.49375 0.0203125 0.08515625
2 0.73125 0.765625 0.0875 0.19140625
1 0.24375 0.86640625 0.07265625 0.03828125
1 0.50703125 0.16328125 0.0671875 0.034375
0 0.64453125 0.3390625 0.0421875 0.0625
1 0.93828125 0.38828125 0.02421875 0.07109375
0 0.66015625 0.90625 0.05546875 0.10078125
1 0.9375 0.63984375 0.0234375 0.06875
2 0.365625 0.7171875 0.13046875 0.45078125
1 0.13828125 0.871875 0.0375 0.03046875
0 0.6453125 0.284375 0.0453125 0.07265625
1 0.54609375 0.94296875 0.06640625 0.03125
2 0.140625 0.775 0.12109375 0.203125
1 0.71640625 0.8703125 0.034375 0.03046875
2 0.6671875 0.46171875 0.0859375 0.05859375
0 0.6625 0.76328125 0.05703125 0.09921875
2 0.66171875 0.7640625 0.05859375 0.0984375
0 0.69453125 0.67890625 0.0671875 0.0765625
2 0.51015625 0.328125 0.23671875 0.3296875