2 0.40546875 0.4859375 0.19375 0.09609375
0 0.5703125 0.15703125 0.1359375 0.13671875
2 0.85 0.6078125 0.2375 0.14140625
0 0.68203125 0.6453125 0.12734375 0.0625
0 0.5390625 0.5 0.11640625 0.0546875
0 0.26015625 0.50703125 0.1015625 0.0578125
0 0.7859375 0.6578125 0.10546875 0.05703125
0 0.4453125 0.5625 0.134375 0.06484375
0 0.57734375 0.73984375 0.14765625 0.0890625
0 0.31484375 0.875 0.13671875 0.0796875
1 0.7875 0.15859375 0.2328125 0.03515625
0 0.590625 0.81953125 0.1296875 0.07734375
1 0.32109375 0.159375 0.24609375 0.03515625
2 0.03359375 0.4875 0.06640625 0.08203125
2 0.16875 0.88671875 0.18515625 0.18203125
2 0.2828125 0.6625 0.44765625 0.26875
2 0.84140625 0.71875 0.22578125 0.078125
2 0.2 0.4859375 0.2328125 0.08515625
0 0.28359375 0.6640625 0.44140625 0.271875
0 0.37421875 0.3046875 0.6390625 0.28046875