2 0.86640625 0.653125 0.21015625 0.2140625
2 0.1203125 0.5640625 0.1875 0.2265625
2 0.87421875 0.41796875 0.21015625 0.23828125
2 0.365625 0.19765625 0.22578125 0.265625
2 0.20390625 0.19453125 0.09375 0.0625
0 0.27734375 0.26640625 0.06328125 0.06328125
0 0.2453125 0.721875 0.059375 0.06484375
0 0.20078125 0.13671875 0.05703125 0.06953125
0 0.8453125 0.73984375 0.0609375 0.06171875
2 0.3578125 0.38046875 0.1046875 0.0796875
0 0.446875 0.2765625 0.0578125 0.06796875
0 0.7953125 0.5 0.05703125 0.0609375
0 0.18203125 0.37734375 0.06171875 0.06171875
0 0.33828125 0.6703125 0.06171875 0.065625
2 0.86796875 0.81015625 0.20625 0.09375
0 0.7875 0.5828125 0.0609375 0.0625
0 0.734375 0.49765625 0.05859375 0.059375
0 0.18359375 0.61796875 0.065625 0.065625
2 0.159375 0.7765625 0.25546875 0.17109375
0 0.19453125 0.25078125 0.0640625 0.06484375
0 0.26796875 0.6015625 0.06015625 0.06484375
0 0.28671875 0.38671875 0.05234375 0.05
2 0.08125 0.22265625 0.09375 0.12421875
2 0.0953125 0.378125 0.12421875 0.14765625
0 0.453125 0.725 0.06171875 0.06953125
0 0.45390625 0.8390625 0.0640625 0.07421875
1 0.909375 0.54140625 0.08671875 0.02734375
0 0.125 0.3078125 0.05234375 0.06171875
1 0.765625 0.4046875 0.03359375 0.14765625
2 0.3265625 0.49765625 0.1671875 0.15234375
2 0.32734375 0.753125 0.08125 0.11640625
1 0.0296875 0.60546875 0.02890625 0.1015625
1 0.67421875 0.85859375 0.0859375 0.02421875
1 0.96953125 0.69375 0.02578125 0.0421875
1 0.846875 0.86015625 0.0515625 0.02109375
2 0.63515625 0.9515625 0.14921875 0.0953125
2 0.40546875 0.96796875 0.08515625 0.0296875
1 0.4859375 0.15078125 0.0328125 0.09375
1 0.11015625 0.859375 0.07890625 0.0234375
1 0.32890625 0.95078125 0.07578125 0.01953125
2 0.19296875 0.24921875 0.065625 0.0671875
2 0.43984375 0.7515625 0.13671875 0.10625
1 0.48046875 0.95078125 0.08046875 0.0234375
1 0.03046875 0.49765625 0.0234375 0.0921875
0 0.20546875 0.1859375 0.08828125 0.08125
2 0.13984375 0.95 0.228125 0.09921875