2 0.12734375 0.6796875 0.1296875 0.21796875
2 0.12734375 0.42109375 0.12578125 0.3015625
2 0.125 0.1765625 0.128125 0.1890625
2 0.88671875 0.17421875 0.08515625 0.18359375
2 0.7765625 0.17578125 0.12109375 0.184375
2 0.128125 0.84765625 0.12421875 0.13125
2 0.42578125 0.16484375 0.10546875 0.17578125
2 0.6109375 0.6140625 0.0453125 0.07734375
0 0.3421875 0.49921875 0.0625 0.10625
0 0.31015625 0.3 0.04453125 0.08046875
0 0.30859375 0.15546875 0.04296875 0.075
2 0.5265625 0.83671875 0.09921875 0.121875
2 0.35 0.61171875 0.04765625 0.08046875
2 0.30703125 0.6109375 0.04296875 0.075
0 0.8703125 0.475 0.059375 0.1125
0 0.453125 0.45703125 0.04765625 0.1015625
2 0.34609375 0.146875 0.04296875 0.08359375
2 0.25546875 0.18046875 0.1421875 0.18671875
2 0.65234375 0.61328125 0.0421875 0.0734375
2 0.56640625 0.95390625 0.03984375 0.07109375
0 0.65546875 0.678125 0.0375 0.06875
0 0.7984375 0.4921875 0.03984375 0.08046875
2 0.51796875 0.953125 0.059375 0.07265625
2 0.34609375 0.22109375 0.04140625 0.06875
0 0.61171875 0.68359375 0.04296875 0.078125
1 0.8390625 0.34296875 0.02578125 0.15546875
2 0.53125 0.696875 0.115625 0.16015625
2 0.346875 0.29765625 0.04140625 0.0734375
2 0.1578125 0.959375 0.065625 0.0703125
2 0.26015625 0.709375 0.1484375 0.27109375
2 0.88125 0.95546875 0.04375 0.07109375
0 0.309375 0.22890625 0.03984375 0.0671875
2 0.24609375 0.95625 0.05078125 0.075
2 0.35 0.71171875 0.0546875 0.115625
2 0.2109375 0.95546875 0.0421875 0.0734375
2 0.83125 0.84609375 0.18046875 0.12421875
2 0.34609375 0.26953125 0.0421875 0.17109375
1 0.071875 0.8328125 0.01953125 0.115625
2 0.59765625 0.178125 0.221875 0.184375
1 0.375 0.8375 0.015625 0.10234375