2 0.5125 0.3640625 0.215625 0.25703125
2 0.50546875 0.14921875 0.21015625 0.17734375
2 0.1578125 0.85078125 0.1125 0.17890625
2 0.72421875 0.64453125 0.08671875 0.09296875
2 0.50703125 0.58515625 0.21640625 0.1890625
0 0.5875 0.21953125 0.05625 0.05078125
0 0.5953125 0.51796875 0.05703125 0.05625
2 0.8484375 0.58359375 0.1703125 0.190625
0 0.428125 0.409375 0.05390625 0.0546875
1 0.4015625 0.584375 0.03359375 0.10078125
2 0.33984375 0.8515625 0.26171875 0.1765625
0 0.74296875 0.54609375 0.05859375 0.053125
0 0.64921875 0.71171875 0.0671875 0.06796875
0 0.64765625 0.6234375 0.06328125 0.0640625
1 0.40390625 0.32109375 0.03515625 0.12890625
1 0.40546875 0.1484375 0.03203125 0.0953125
0 0.58671875 0.70859375 0.05625 0.059375
1 0.93515625 0.16015625 0.0296875 0.09296875
0 0.703125 0.58125 0.04921875 0.04453125
1 0.92890625 0.59375 0.03125 0.09765625
2 0.8375 0.14140625 0.2015625 0.13203125
0 0.71875 0.1375 0.0484375 0.04765625
2 0.8453125 0.3578125 0.1640625 0.259375
0 0.71171875 0.2 0.04375 0.04296875
1 0.93125 0.3890625 0.0328125 0.0765625
0 0.12890625 0.740625 0.05703125 0.05625
2 0.05546875 0.84921875 0.09453125 0.184375
1 0.67265625 0.05859375 0.06640625 0.028125
0 0.50546875 0.88671875 0.065625 0.06796875
1 0.93359375 0.3203125 0.034375 0.1140625
0 0.38046875 0.409375 0.0484375 0.04765625
0 0.0765625 0.73984375 0.06015625 0.0546875
0 0.50390625 0.8234375 0.06171875 0.06953125
2 0.69296875 0.5 0.146875 0.20234375
2 0.68046875 0.1328125 0.11328125 0.1328125
2 0.07109375 0.18046875 0.12109375 0.11015625
0 0.25703125 0.09609375 0.0296875 0.02734375
2 0.71640625 0.38671875 0.1046875 0.028125
2 0.175 0.0515625 0.27109375 0.1
0 0.70078125 0.134375 0.08984375 0.07109375
0 0.45546875 0.92578125 0.0359375 0.025