2 0.79296875 0.6578125 0.2609375 0.34140625
2 0.1078125 0.66015625 0.13515625 0.40234375
0 0.50078125 0.33203125 0.06875 0.10546875
0 0.63984375 0.35390625 0.059375 0.08828125
0 0.14375 0.76796875 0.06484375 0.103125
0 0.14453125 0.3625 0.06328125 0.10546875
0 0.69296875 0.54140625 0.0609375 0.096875
0 0.21328125 0.76640625 0.06484375 0.1046875
0 0.21015625 0.36015625 0.06328125 0.10078125
2 0.10546875 0.2609375 0.134375 0.4078125
0 0.39296875 0.89453125 0.06640625 0.1078125
0 0.45390625 0.6625 0.04921875 0.07890625
2 0.48359375 0.55078125 0.1125 0.14296875
0 0.77890625 0.35390625 0.04765625 0.07578125
0 0.62734375 0.77421875 0.0609375 0.1
2 0.30625 0.71953125 0.2390625 0.496875
2 0.8640625 0.91328125 0.1203125 0.17109375
0 0.45859375 0.9640625 0.05 0.07109375
2 0.33515625 0.26171875 0.2703125 0.38359375
2 0.86875 0.27578125 0.08984375 0.07578125
1 0.55 0.0421875 0.08671875 0.053125
2 0.85703125 0.4046875 0.115625 0.1703125
2 0.759375 0.43671875 0.08046875 0.1109375
1 0.92734375 0.65703125 0.0375 0.1890625
1 0.17734375 0.62265625 0.0375 0.21015625
2 0.625 0.9171875 0.1125 0.165625
1 0.178125 0.2140625 0.0375 0.20078125
1 0.92578125 0.17890625 0.03125 0.1234375
1 0.92265625 0.3734375 0.02890625 0.115625
2 0.9609375 0.90546875 0.078125 0.1890625
2 0.5171875 0.875 0.0609375 0.1328125
1 0.47265625 0.1765625 0.02578125 0.10625