2 0.678125 0.5796875 0.2953125 0.071875
0 0.48203125 0.67890625 0.0796875 0.05234375
2 0.6828125 0.6859375 0.2875 0.11875
0 0.353125 0.5859375 0.07734375 0.04921875
2 0.74609375 0.50625 0.16171875 0.08671875
0 0.56875 0.26953125 0.07734375 0.05234375
2 0.4921875 0.33984375 0.06640625 0.1
0 0.50703125 0.59453125 0.06796875 0.040625
0 0.5078125 0.50859375 0.065625 0.0359375
0 0.26640625 0.79765625 0.0828125 0.05078125
0 0.56875 0.6390625 0.07421875 0.046875
2 0.5984375 0.49921875 0.13125 0.06328125
0 0.48203125 0.7640625 0.08203125 0.053125
2 0.046875 0.69765625 0.09375 0.0859375
2 0.29921875 0.41328125 0.37734375 0.2515625
2 0.04765625 0.5921875 0.0953125 0.13125
2 0.215625 0.6390625 0.22890625 0.1765625
1 0.82578125 0.5796875 0.03515625 0.05
1 0.303125 0.28828125 0.15390625 0.02421875
1 0.0984375 0.16015625 0.0375 0.0921875
2 0.675 0.375 0.28515625 0.175
1 0.83203125 0.1609375 0.03359375 0.09296875
2 0.47734375 0.721875 0.11953125 0.04375
1 0.6703125 0.2859375 0.13046875 0.0203125
2 0.04921875 0.38671875 0.0984375 0.18671875
1 0.72890625 0.74609375 0.09765625 0.021875
1 0.83203125 0.503125 0.0328125 0.04921875