2 0.17421875 0.31796875 0.22578125 0.1234375
2 0.44921875 0.59765625 0.29375 0.11328125
2 0.434375 0.3 0.27890625 0.2359375
2 0.565625 0.83203125 0.10078125 0.10078125
0 0.57734375 0.75859375 0.06484375 0.059375
2 0.7578125 0.33984375 0.34140625 0.31640625
2 0.3703125 0.47734375 0.134375 0.1171875
2 0.5140625 0.45390625 0.15234375 0.08125
0 0.33984375 0.56875 0.06171875 0.06171875
0 0.55234375 0.315625 0.08203125 0.07109375
0 0.61796875 0.571875 0.07109375 0.05625
0 0.24140625 0.4015625 0.06171875 0.06484375
0 0.69375 0.1484375 0.0875 0.078125
1 0.39375 0.18125 0.0796875 0.02578125
1 0.3859375 0.8828125 0.08046875 0.0234375
0 0.4765625 0.73984375 0.07421875 0.06953125
1 0.46796875 0.1796875 0.0765625 0.02734375
1 0.8515625 0.175 0.08203125 0.02421875
1 0.0640625 0.2921875 0.0265625 0.07578125
1 0.7734375 0.17578125 0.0765625 0.0265625
1 0.821875 0.878125 0.0796875 0.02421875
0 0.665625 0.91171875 0.0921875 0.0875
2 0.665625 0.8171875 0.103125 0.07578125
2 0.50078125 0.51875 0.11640625 0.04921875
1 0.571875 0.9359375 0.03671875 0.034375
2 0.4078125 0.78359375 0.21953125 0.20625
2 0.66640625 0.91171875 0.09140625 0.08671875
1 0.0640625 0.35 0.0234375 0.0546875
2 0.81953125 0.67109375 0.20859375 0.33515625
0 0.66640625 0.81953125 0.1046875 0.0890625