2 0.1796875 0.33671875 0.14765625 0.10390625
2 0.403125 0.33828125 0.309375 0.10625
2 0.61875 0.1671875 0.128125 0.12109375
2 0.7984375 0.2109375 0.23671875 0.20859375
0 0.5109375 0.253125 0.109375 0.06171875
2 0.33984375 0.196875 0.45859375 0.175
0 0.7265625 0.253125 0.1078125 0.06171875
0 0.596875 0.24140625 0.08203125 0.04765625
0 0.59375 0.55 0.11875 0.07265625
0 0.59296875 0.68203125 0.115625 0.07421875
0 0.2890625 0.3078125 0.09296875 0.0484375
2 0.2921875 0.51953125 0.40625 0.2671875
1 0.79609375 0.6546875 0.2140625 0.0328125
0 0.51328125 0.3125 0.09765625 0.05703125
1 0.753125 0.10546875 0.128125 0.025
2 0.7875 0.4890625 0.265625 0.3421875
2 0.57109375 0.61640625 0.16640625 0.0765625
2 0.30703125 0.73671875 0.38984375 0.15390625
1 0.47421875 0.10625 0.109375 0.02265625