2 0.69921875 0.41328125 0.3390625 0.31640625
2 0.23828125 0.6484375 0.2359375 0.171875
2 0.67421875 0.728125 0.409375 0.321875
0 0.36796875 0.209375 0.10546875 0.1
2 0.3359375 0.4125 0.40390625 0.3296875
0 0.6765625 0.92734375 0.09921875 0.08671875
2 0.21484375 0.803125 0.18515625 0.14609375
0 0.3953125 0.6875 0.09765625 0.084375
1 0.86484375 0.684375 0.05390625 0.12578125
1 0.63984375 0.24765625 0.18125 0.0453125
1 0.865625 0.29375 0.05703125 0.0640625
1 0.2625 0.24765625 0.1171875 0.0375
0 0.4078125 0.91328125 0.0984375 0.0921875
2 0.3828125 0.80078125 0.16015625 0.14453125
2 0.53671875 0.921875 0.18359375 0.09609375
2 0.1 0.5125 0.05625 0.059375
2 0.13359375 0.9078125 0.1171875 0.0625
0 0.25703125 0.71171875 0.090625 0.1140625
0 0.51015625 0.65703125 0.07890625 0.07109375
2 0.40546875 0.909375 0.0953125 0.08671875