2 0.72109375 0.59375 0.2671875 0.16171875
2 0.7109375 0.3796875 0.27421875 0.2671875
0 0.45703125 0.2109375 0.128125 0.08125
0 0.71953125 0.48046875 0.12265625 0.07890625
0 0.6953125 0.6546875 0.10078125 0.0609375
2 0.74921875 0.725 0.20078125 0.0859375
0 0.5359375 0.46640625 0.1234375 0.07578125
1 0.6703125 0.24140625 0.17109375 0.04375
0 0.221875 0.85234375 0.13359375 0.08828125
2 0.35390625 0.47109375 0.4515625 0.409375
1 0.0921875 0.3265625 0.0375 0.11171875
1 0.309375 0.2484375 0.1953125 0.0328125