2 0.15859375 0.68671875 0.1265625 0.1609375
2 0.44453125 0.37734375 0.2390625 0.33828125
2 0.59296875 0.83984375 0.06171875 0.16328125
0 0.47109375 0.7328125 0.0625 0.084375
0 0.27109375 0.49609375 0.084375 0.109375
2 0.1765625 0.384375 0.290625 0.35859375
0 0.371875 0.496875 0.08515625 0.109375
1 0.9046875 0.77578125 0.0484375 0.1515625
0 0.275 0.23828125 0.078125 0.090625
2 0.4328125 0.8515625 0.23203125 0.17578125
0 0.271875 0.14296875 0.0828125 0.1171875
2 0.66640625 0.92890625 0.04453125 0.06484375
2 0.8171875 0.58828125 0.14453125 0.07265625
0 0.25 0.65625 0.065625 0.08125
2 0.7265625 0.32734375 0.31796875 0.45703125
2 0.04375 0.69765625 0.0875 0.1578125
2 0.021875 0.10546875 0.04375 0.146875
1 0.40703125 0.1875 0.1609375 0.0484375
1 0.13984375 0.1984375 0.18359375 0.0484375
2 0.35625 0.97421875 0.0578125 0.046875
1 0.26875 0.546875 0.07734375 0.03046875
2 0.49609375 0.96953125 0.128125 0.06015625
2 0.16640625 0.8546875 0.29453125 0.16953125
1 0.18359375 0.77109375 0.0828125 0.03515625