2 0.67734375 0.8421875 0.22109375 0.12265625
2 0.83203125 0.81875 0.09296875 0.08046875
0 0.759375 0.7984375 0.06171875 0.03984375
2 0.26640625 0.50859375 0.20859375 0.17890625
2 0.83515625 0.88203125 0.1046875 0.0484375
0 0.37734375 0.31953125 0.0734375 0.04453125
2 0.28515625 0.3015625 0.24609375 0.11171875
2 0.28125 0.19296875 0.2421875 0.1046875
0 0.7640625 0.871875 0.059375 0.03125
0 0.4609375 0.32265625 0.05234375 0.02890625
0 0.71953125 0.74140625 0.05703125 0.03359375
0 0.59765625 0.88203125 0.06640625 0.03671875
0 0.81640625 0.76171875 0.0578125 0.03984375
2 0.52421875 0.25546875 0.0875 0.11015625
0 0.4578125 0.2828125 0.06015625 0.0328125
0 0.3328125 0.43828125 0.065625 0.03984375
0 0.403125 0.61328125 0.06796875 0.0421875
0 0.50625 0.12109375 0.06875 0.03984375
2 0.52890625 0.88671875 0.08203125 0.0546875
0 0.19140625 0.3890625 0.06875 0.04609375
0 0.42421875 0.46953125 0.05546875 0.03359375
0 0.26640625 0.38671875 0.0765625 0.046875
0 0.43046875 0.225 0.06953125 0.0421875
0 0.6078125 0.3390625 0.06640625 0.04375
2 0.52265625 0.33515625 0.0875 0.053125
0 0.91484375 0.796875 0.0625 0.04765625
2 0.6375 0.7046875 0.11796875 0.05625
1 0.16171875 0.46875 0.03984375 0.07265625
1 0.16328125 0.2140625 0.03515625 0.0625
1 0.30390625 0.59921875 0.10234375 0.0171875
1 0.1625 0.28046875 0.034375 0.06875
1 0.5703125 0.09453125 0.034375 0.06171875
1 0.671875 0.9046875 0.10390625 0.01875
2 0.48828125 0.17109375 0.16796875 0.07109375
1 0.66953125 0.590625 0.1078125 0.021875
0 0.13359375 0.09921875 0.0703125 0.04140625
2 0.36328125 0.08671875 0.40234375 0.1046875
1 0.80234375 0.359375 0.1109375 0.02109375
2 0.52421875 0.82734375 0.07265625 0.0671875
2 0.63828125 0.73984375 0.12421875 0.04375
1 0.88359375 0.7390625 0.0296875 0.059375
2 0.728125 0.47890625 0.30625 0.22890625
2 0.72265625 0.71328125 0.31015625 0.08515625
2 0.47109375 0.490625 0.0515625 0.071875