2 0.125 0.56171875 0.1671875 0.265625
2 0.421875 0.703125 0.171875 0.26875
2 0.8765625 0.1890625 0.184375 0.13984375
2 0.62265625 0.33671875 0.08984375 0.15625
2 0.62265625 0.49609375 0.08828125 0.16328125
2 0.540625 0.41796875 0.07734375 0.30859375
0 0.38203125 0.60234375 0.04296875 0.0828125
2 0.30078125 0.76328125 0.07265625 0.15390625
2 0.4375 0.41953125 0.12890625 0.29921875
2 0.88203125 0.3703125 0.175 0.21796875
0 0.190625 0.51171875 0.04453125 0.07734375
0 0.2375 0.73125 0.0484375 0.10078125
0 0.3140625 0.5421875 0.04296875 0.071875
0 0.5265625 0.60390625 0.04296875 0.0828125
0 0.7640625 0.175 0.04921875 0.08125
0 0.56484375 0.53046875 0.0453125 0.0734375
0 0.35390625 0.17109375 0.04375 0.08125
0 0.5484375 0.25625 0.04921875 0.1640625
0 0.4046875 0.17421875 0.04609375 0.08125
0 0.93828125 0.521875 0.05 0.09453125
0 0.48515625 0.5265625 0.0484375 0.075
1 0.11875 0.1171875 0.071875 0.03984375
1 0.5546875 0.8375 0.0796875 0.0390625
0 0.2375 0.60703125 0.05078125 0.08828125
2 0.30546875 0.63125 0.059375 0.1203125
2 0.20859375 0.27109375 0.334375 0.30234375
1 0.3953125 0.8390625 0.0796875 0.0375
1 0.4421875 0.25625 0.06484375 0.034375
1 0.190625 0.1171875 0.05703125 0.034375
1 0.1375 0.69453125 0.08359375 0.0375
1 0.6171875 0.834375 0.05234375 0.0390625
1 0.24453125 0.1171875 0.05703125 0.03359375
1 0.71875 0.834375 0.08203125 0.03515625
1 0.3109375 0.1203125 0.059375 0.03359375
1 0.96328125 0.1859375 0.01640625 0.0890625
1 0.446875 0.571875 0.09375 0.03359375