2 0.3359375 0.528125 0.07421875 0.0921875
2 0.22109375 0.55859375 0.16015625 0.1515625
2 0.6953125 0.54609375 0.146875 0.13125
2 0.43203125 0.54765625 0.121875 0.12734375
2 0.465625 0.7546875 0.059375 0.05078125
2 0.5515625 0.54609375 0.12265625 0.13125
2 0.0875 0.6421875 0.1078125 0.303125
2 0.72265625 0.646875 0.0890625 0.071875
0 0.209375 0.7125 0.0296875 0.0359375
2 0.1703125 0.73828125 0.05625 0.0984375
0 0.33828125 0.58828125 0.02890625 0.040625
0 0.15546875 0.5875 0.0390625 0.046875
0 0.45 0.5921875 0.03671875 0.0484375
0 0.4203125 0.69375 0.03125 0.04140625
0 0.35859375 0.121875 0.0359375 0.04375
0 0.38671875 0.121875 0.03359375 0.0453125
0 0.58203125 0.59140625 0.0328125 0.0453125
0 0.64453125 0.59140625 0.03515625 0.05
0 0.47109375 0.66171875 0.03203125 0.0421875
0 0.7203125 0.59609375 0.03203125 0.04140625
0 0.290625 0.590625 0.0265625 0.03515625
0 0.2875 0.70703125 0.034375 0.0453125
0 0.5890625 0.9140625 0.03203125 0.08203125
0 0.34140625 0.8078125 0.0359375 0.0546875
0 0.34296875 0.7109375 0.0390625 0.05546875
2 0.47109375 0.70390625 0.04921875 0.0515625
0 0.428125 0.74765625 0.0234375 0.03125
2 0.3359375 0.7609375 0.06875 0.05625
0 0.0203125 0.53125 0.03515625 0.04609375
0 0.05078125 0.53125 0.03515625 0.0453125
2 0.24765625 0.7390625 0.10390625 0.1
0 0.184375 0.1390625 0.3578125 0.21953125
0 0.35859375 0.4421875 0.03125 0.034375
1 0.0859375 0.7890625 0.0578125 0.02578125
1 0.42578125 0.9171875 0.0515625 0.0203125
1 0.3734375 0.30859375 0.0171875 0.0859375
1 0.3390625 0.48125 0.025 0.01328125
2 0.33515625 0.64609375 0.07109375 0.14609375
1 0.24765625 0.78671875 0.0453125 0.01875
1 0.65703125 0.4796875 0.0578125 0.0171875
1 0.60625 0.68046875 0.065625 0.01875
1 0.440625 0.48203125 0.06015625 0.0171875
0 0.47265625 0.7046875 0.04765625 0.053125
1 0.19921875 0.48203125 0.0421875 0.0140625
1 0.51640625 0.91875 0.0421875 0.015625
1 0.55390625 0.4796875 0.04765625 0.015625
1 0.084375 0.4828125 0.034375 0.0171875