2 0.36171875 0.6640625 0.1609375 0.221875
2 0.48515625 0.27578125 0.0703125 0.15859375
2 0.5109375 0.6640625 0.140625 0.221875
2 0.190625 0.340625 0.17109375 0.16015625
2 0.36484375 0.33125 0.1625 0.271875
2 0.63671875 0.396875 0.05546875 0.1359375
2 0.834375 0.34921875 0.23828125 0.3171875
2 0.8546875 0.66015625 0.196875 0.23359375
0 0.4921875 0.17109375 0.0546875 0.06875
0 0.6796875 0.309375 0.05078125 0.0671875
2 0.33671875 0.509375 0.10703125 0.09609375
0 0.5734375 0.48828125 0.04921875 0.065625
0 0.4171875 0.5796875 0.04921875 0.0671875
0 0.42578125 0.38359375 0.04609375 0.0625
0 0.23359375 0.2421875 0.04765625 0.059375
0 0.646875 0.79453125 0.0515625 0.0625
1 0.82265625 0.19375 0.05859375 0.0390625
0 0.41484375 0.44140625 0.04765625 0.0625
0 0.2296875 0.3953125 0.05078125 0.0671875
1 0.36875 0.77421875 0.09296875 0.046875
0 0.58125 0.29375 0.0390625 0.0484375
0 0.58125 0.16796875 0.05546875 0.05625
1 0.94765625 0.621875 0.03046875 0.12734375
2 0.5359375 0.25546875 0.03515625 0.12890625
0 0.77578125 0.17265625 0.053125 0.071875
1 0.3734375 0.18984375 0.084375 0.0328125
0 0.64765625 0.66015625 0.05234375 0.0640625
2 0.19609375 0.78203125 0.15390625 0.15859375
2 0.7140625 0.646875 0.0765625 0.08046875
0 0.6921875 0.56484375 0.04609375 0.08203125
1 0.5328125 0.77890625 0.08671875 0.0484375
0 0.53671875 0.5890625 0.0421875 0.0640625
2 0.66328125 0.2609375 0.10546875 0.1328125
1 0.1640625 0.26015625 0.10234375 0.02890625
1 0.54296875 0.19296875 0.02734375 0.02890625
1 0.9484375 0.43046875 0.02890625 0.13359375
1 0.84296875 0.77890625 0.06328125 0.0375
1 0.1609375 0.421875 0.09453125 0.034375
2 0.4859375 0.40703125 0.0796875 0.11328125
1 0.884375 0.1953125 0.0734375 0.03046875
0 0.3640625 0.65859375 0.15859375 0.225
1 0.634375 0.19296875 0.03359375 0.02578125
2 0.36875 0.73515625 0.11640625 0.10078125
0 0.42109375 0.409375 0.04921875 0.12265625