2 0.2328125 0.7796875 0.3296875 0.26796875
2 0.62421875 0.37578125 0.2625 0.3484375
2 0.27890625 0.3671875 0.42890625 0.340625
2 0.75 0.76484375 0.4015625 0.29296875
0 0.44921875 0.165625 0.10859375 0.0859375
0 0.453125 0.325 0.121875 0.08359375
0 0.71484375 0.56953125 0.09609375 0.065625
1 0.2984375 0.19921875 0.19609375 0.046875
2 0.84921875 0.484375 0.190625 0.24609375
0 0.45078125 0.84296875 0.12421875 0.0828125
0 0.35390625 0.61328125 0.09296875 0.05625
0 0.346875 0.7328125 0.11015625 0.06953125
0 0.5984375 0.6734375 0.10625 0.0703125
0 0.79765625 0.3734375 0.0875 0.06328125
0 0.44609375 0.94609375 0.11328125 0.0828125
0 0.63125 0.55859375 0.09375 0.06796875
1 0.62734375 0.190625 0.1890625 0.0328125
1 0.7265625 0.9109375 0.1890625 0.03984375
2 0.715625 0.9546875 0.46328125 0.08828125
1 0.21328125 0.6453125 0.30703125 0.0296875
2 0.85 0.27734375 0.16875 0.1734375
1 0.8609375 0.1890625 0.08671875 0.02734375
1 0.940625 0.9546875 0.05234375 0.0828125