2 0.10546875 0.3203125 0.15234375 0.28984375
0 0.38515625 0.77421875 0.03671875 0.1
2 0.74609375 0.2640625 0.15390625 0.3703125
2 0.2609375 0.25703125 0.1546875 0.3890625
2 0.38046875 0.42109375 0.07890625 0.18984375
0 0.44296875 0.28046875 0.03984375 0.0921875
0 0.8046875 0.5390625 0.034375 0.08828125
0 0.35703125 0.24921875 0.0359375 0.09453125
0 0.16640625 0.503125 0.03359375 0.09375
0 0.40625 0.63125 0.03203125 0.0796875
2 0.10625 0.6 0.146875 0.27890625
0 0.62109375 0.3328125 0.034375 0.090625
0 0.165625 0.24609375 0.034375 0.0875
0 0.43203125 0.371875 0.02734375 0.07421875
1 0.22265625 0.065625 0.0421875 0.03203125
1 0.715625 0.06875 0.05703125 0.04296875
1 0.26171875 0.7390625 0.06484375 0.03828125
1 0.2984375 0.06640625 0.03984375 0.0328125
2 0.44921875 0.52421875 0.05703125 0.40234375
1 0.3984375 0.325 0.03046875 0.0359375
1 0.77421875 0.06640625 0.06171875 0.0421875
1 0.0859375 0.7375 0.06953125 0.040625
1 0.4796875 0.4578125 0.01328125 0.0671875
1 0.0875 0.17734375 0.06484375 0.04453125
1 0.44140625 0.7375 0.03046875 0.0390625
0 0.26796875 0.05703125 0.0265625 0.0546875
1 0.51796875 0.465625 0.01796875 0.09140625
2 0.59609375 0.3703125 0.14609375 0.1796875
2 0.6734375 0.55 0.3046875 0.17890625
2 0.2609375 0.5953125 0.1578125 0.28828125
1 0.340625 0.12734375 0.0140625 0.06796875