2 0.20078125 0.09765625 0.06953125 0.11171875
2 0.2015625 0.209375 0.07265625 0.11796875
0 0.29375 0.240625 0.05 0.0703125
0 0.23984375 0.75703125 0.04609375 0.06953125
0 0.70390625 0.2859375 0.04765625 0.065625
0 0.21015625 0.2953125 0.04375 0.06875
0 0.25234375 0.12265625 0.0375 0.04765625
2 0.12265625 0.384375 0.09140625 0.146875
0 0.11484375 0.48671875 0.04296875 0.0625
0 0.23203125 0.61484375 0.04296875 0.05859375
2 0.60546875 0.340625 0.04609375 0.125
1 0.43046875 0.61640625 0.0234375 0.0953125
0 0.73125 0.4921875 0.0421875 0.06171875
2 0.23125 0.66171875 0.11796875 0.14453125
1 0.07734375 0.36875 0.02109375 0.08515625
0 0.4953125 0.528125 0.0734375 0.05859375
2 0.34296875 0.15703125 0.1796875 0.225
2 0.65078125 0.34140625 0.05 0.1203125
1 0.16328125 0.1984375 0.01875 0.053125
2 0.19140625 0.52109375 0.04921875 0.11875
0 0.69296875 0.36796875 0.03359375 0.04609375
1 0.43203125 0.1578125 0.01953125 0.0671875
2 0.6765625 0.16171875 0.1078125 0.2328125
1 0.49296875 0.2671875 0.059375 0.02578125
1 0.67890625 0.03984375 0.075 0.02734375
0 0.309375 0.6171875 0.04609375 0.06328125
1 0.93125 0.40703125 0.0203125 0.06953125
0 0.56171875 0.91484375 0.025 0.0359375
1 0.68359375 0.74609375 0.071875 0.0234375
2 0.10625 0.82421875 0.07734375 0.15625
1 0.54453125 0.35859375 0.02265625 0.1265625
2 0.309375 0.6171875 0.04609375 0.06171875
2 0.19375 0.6609375 0.05 0.15078125
2 0.2328125 0.525 0.05703125 0.128125
2 0.91796875 0.1046875 0.1375 0.209375
2 0.5046875 0.13203125 0.0953125 0.21640625