2 0.32578125 0.59453125 0.1734375 0.1765625
2 0.6390625 0.59375 0.1671875 0.17109375
2 0.48515625 0.5953125 0.1453125 0.1734375
2 0.49921875 0.7828125 0.07578125 0.0875
2 0.8375 0.11640625 0.2296875 0.1765625
2 0.83671875 0.5984375 0.23046875 0.1765625
2 0.82734375 0.29375 0.2546875 0.18046875
2 0.37109375 0.8015625 0.18984375 0.1296875
2 0.24296875 0.09453125 0.22890625 0.1375
0 0.57734375 0.796875 0.06171875 0.0484375
2 0.60390625 0.915625 0.15390625 0.09140625
0 0.10703125 0.70390625 0.0578125 0.04453125
0 0.3328125 0.70390625 0.053125 0.04296875
0 0.52890625 0.665625 0.053125 0.04609375
0 0.6640625 0.66484375 0.05859375 0.0453125
0 0.1609375 0.66796875 0.04296875 0.0390625
0 0.38203125 0.66640625 0.0578125 0.0484375
1 0.375 0.86640625 0.078125 0.02265625
2 0.18828125 0.63125 0.1046875 0.1015625
2 0.20703125 0.7890625 0.15703125 0.14765625
0 0.4328125 0.7546875 0.05234375 0.04375
1 0.315625 0.503125 0.078125 0.0203125
1 0.2078125 0.86484375 0.07421875 0.01953125
1 0.5109375 0.503125 0.08125 0.021875
1 0.94921875 0.74609375 0.0296875 0.06171875
2 0.59609375 0.84453125 0.11953125 0.05078125
2 0.3765625 0.321875 0.203125 0.11953125
1 0.95078125 0.62578125 0.03046875 0.06015625
1 0.64609375 0.50390625 0.08046875 0.02265625
1 0.9546875 0.1453125 0.02890625 0.06015625
1 0.409375 0.26015625 0.05 0.0140625
1 0.84296875 0.50390625 0.078125 0.02109375
0 0.16015625 0.59765625 0.04375 0.03671875
0 0.53515625 0.7390625 0.0421875 0.03984375
1 0.2046875 0.3828125 0.0734375 0.01875
1 0.65078125 0.0234375 0.071875 0.01875
1 0.3703125 0.38125 0.0734375 0.02265625
2 0.61015625 0.434375 0.15078125 0.08984375
1 0.95390625 0.2671875 0.034375 0.0609375
1 0.83828125 0.025 0.07265625 0.01953125
0 0.6296875 0.37265625 0.05625 0.0265625
1 0.6359375 0.95546875 0.04609375 0.01875
1 0.13046875 0.26015625 0.034375 0.06484375
1 0.5765625 0.86796875 0.0640625 0.02265625
1 0.57421875 0.38125 0.053125 0.01640625
1 0.6296875 0.3734375 0.0609375 0.0265625
2 0.8015625 0.7734375 0.2984375 0.17578125
1 0.84375 0.8671875 0.0765625 0.01953125
1 0.77265625 0.86640625 0.0703125 0.01796875