2 0.403125 0.36015625 0.11484375 0.1125
2 0.40234375 0.2359375 0.11171875 0.13203125
2 0.1140625 0.221875 0.1171875 0.10546875
2 0.0828125 0.4296875 0.06015625 0.096875
2 0.90390625 0.23671875 0.11796875 0.13359375
2 0.91796875 0.41875 0.0921875 0.1296875
2 0.1921875 0.43125 0.16171875 0.09375
2 0.1421875 0.30390625 0.0625 0.05859375
2 0.59296875 0.35546875 0.0953125 0.07109375
2 0.40390625 0.446875 0.1125 0.06484375
2 0.14375 0.35625 0.0609375 0.0515625
2 0.5953125 0.4390625 0.090625 0.0921875
0 0.16015625 0.25 0.03203125 0.03671875
0 0.12578125 0.425 0.03203125 0.03515625
2 0.08359375 0.328125 0.05859375 0.1078125
2 0.60703125 0.2421875 0.11875 0.14921875
0 0.884375 0.378125 0.03046875 0.0375
0 0.11171875 0.1515625 0.034375 0.03828125
0 0.09375 0.25703125 0.0328125 0.0375
0 0.23359375 0.39921875 0.03203125 0.0390625
0 0.36328125 0.2796875 0.03203125 0.0359375
2 0.7078125 0.41796875 0.134375 0.1234375
1 0.05234375 0.21796875 0.01640625 0.05390625
0 0.3625 0.4328125 0.03203125 0.03828125
0 0.80859375 0.15234375 0.0328125 0.040625
0 0.58515625 0.40546875 0.028125 0.0375
1 0.26875 0.16953125 0.05078125 0.0203125
0 0.3625 0.3234375 0.03203125 0.03515625
0 0.3265625 0.49140625 0.03046875 0.0390625
0 0.30859375 0.15234375 0.03203125 0.03984375
0 0.25859375 0.346875 0.028125 0.03203125
0 0.86015625 0.284375 0.03203125 0.0359375
0 0.64921875 0.2546875 0.03125 0.0359375
2 0.88046875 0.3328125 0.0703125 0.05546875
1 0.60078125 0.48359375 0.04296875 0.01640625
1 0.221875 0.16796875 0.05 0.01953125
1 0.72265625 0.16796875 0.046875 0.01640625
0 0.82890625 0.5734375 0.03046875 0.040625
1 0.34765625 0.09296875 0.0171875 0.0625
1 0.76875 0.16796875 0.04609375 0.01640625
1 0.60625 0.16796875 0.0390625 0.01484375
1 0.053125 0.31328125 0.01484375 0.03515625
1 0.68046875 0.484375 0.0453125 0.01640625
2 0.7921875 0.4515625 0.028125 0.04921875
0 0.0984375 0.3125 0.03125 0.0375
0 0.5359375 0.43359375 0.028125 0.034375
1 0.46015625 0.34296875 0.01640625 0.03046875
1 0.90390625 0.16875 0.04296875 0.0171875
0 0.6265625 0.43203125 0.03125 0.04140625
1 0.9265625 0.48203125 0.03359375 0.01484375
1 0.4015625 0.16875 0.04453125 0.0171875
1 0.775 0.52109375 0.0140625 0.0390625
2 0.25703125 0.24921875 0.1703125 0.15625
1 0.63515625 0.675 0.0171875 0.04609375
1 0.7984375 0.55703125 0.0265625 0.01484375
2 0.840625 0.4203125 0.0640625 0.11875
1 0.85703125 0.55703125 0.02265625 0.0140625
0 0.828125 0.5 0.03046875 0.0359375
2 0.7546875 0.2234375 0.1890625 0.1078125
1 0.54921875 0.340625 0.0140625 0.02890625
2 0.525 0.68046875 0.221875 0.27109375
1 0.4171875 0.675 0.0265625 0.0453125
0 0.64140625 0.7734375 0.0265625 0.04296875
0 0.4203125 0.77265625 0.028125 0.0390625
1 0.41171875 0.77265625 0.0171875 0.04453125
0 0.41875 0.67578125 0.028125 0.04453125
1 0.0734375 0.09296875 0.01484375 0.05625
2 0.5265625 0.8625 0.01875 0.0484375
0 0.84296875 0.34765625 0.02578125 0.03359375
0 0.63515625 0.67734375 0.01953125 0.04296875
2 0.8609375 0.45390625 0.02109375 0.046875
2 0.85859375 0.52109375 0.0484375 0.078125