2 0.78671875 0.46484375 0.121875 0.17265625
2 0.2046875 0.4171875 0.1109375 0.16640625
2 0.109375 0.415625 0.08828125 0.165625
2 0.7421875 0.21015625 0.2265625 0.3359375
2 0.18203125 0.190625 0.23125 0.28203125
2 0.159375 0.646875 0.19609375 0.3125
0 0.5984375 0.20390625 0.065625 0.0984375
0 0.12421875 0.2984375 0.0546875 0.084375
0 0.22421875 0.5421875 0.05625 0.09140625
0 0.28984375 0.43046875 0.0421875 0.084375
2 0.75390625 0.68515625 0.215625 0.228125
2 0.4734375 0.23203125 0.2984375 0.3671875
2 0.68046875 0.4703125 0.0921875 0.190625
0 0.659375 0.68671875 0.05859375 0.090625
1 0.1921875 0.0421875 0.07734375 0.03828125
1 0.75078125 0.03671875 0.1 0.0453125
0 0.27734375 0.28515625 0.05078125 0.08046875
1 0.7625 0.803125 0.0765625 0.03046875
1 0.49609375 0.80234375 0.1 0.03671875
1 0.1609375 0.80703125 0.06875 0.03359375
1 0.4734375 0.03984375 0.1453125 0.04609375
0 0.88671875 0.67890625 0.059375 0.08828125
2 0.88671875 0.67890625 0.06015625 0.0890625
1 0.8578125 0.48828125 0.0265625 0.06953125
1 0.4328125 0.0390625 0.08203125 0.03828125
0 0.3 0.6984375 0.04921875 0.09453125
0 0.11015625 0.37734375 0.084375 0.234375