2 0.3546875 0.19921875 0.23984375 0.25625
2 0.58359375 0.35859375 0.2328125 0.33046875
2 0.82265625 0.33203125 0.24296875 0.28359375
2 0.73984375 0.8234375 0.0734375 0.16328125
0 0.31171875 0.646875 0.06171875 0.08515625
2 0.7390625 0.621875 0.0734375 0.25546875
2 0.153125 0.55078125 0.17578125 0.4203125
0 0.7953125 0.80625 0.05078125 0.06953125
0 0.4859375 0.25625 0.03984375 0.11015625
2 0.15 0.2078125 0.1734375 0.28671875
0 0.28203125 0.290625 0.0546875 0.08203125
0 0.29296875 0.81171875 0.0546875 0.08984375
2 0.1390625 0.81953125 0.128125 0.10703125
0 0.659375 0.8125 0.0953125 0.0828125
2 0.41171875 0.40859375 0.11328125 0.13125
0 0.50390625 0.16328125 0.05703125 0.084375
0 0.74375 0.46171875 0.07734375 0.09375
0 0.2890625 0.51953125 0.05390625 0.08125
2 0.859375 0.73203125 0.17109375 0.35078125
0 0.2140625 0.26796875 0.05625 0.06484375
2 0.40078125 0.78828125 0.13984375 0.3734375
2 0.2953125 0.4390625 0.11328125 0.2203125
2 0.4109375 0.509375 0.115625 0.0953125
1 0.35 0.0703125 0.109375 0.03984375
0 0.7984375 0.646875 0.06171875 0.078125
1 0.9453125 0.653125 0.034375 0.10703125
1 0.390625 0.975 0.07890625 0.04140625
0 0.04453125 0.29765625 0.059375 0.0859375
1 0.60546875 0.19375 0.16015625 0.040625
1 0.81328125 0.19375 0.14453125 0.04375
1 0.53046875 0.97265625 0.11328125 0.03828125
0 0.653125 0.93984375 0.05703125 0.08046875
1 0.85625 0.91015625 0.1140625 0.0359375
0 0.73984375 0.82265625 0.07265625 0.16640625
1 0.94609375 0.4515625 0.03125 0.11875
2 0.6546875 0.9359375 0.05078125 0.0875
0 0.74375 0.6234375 0.08046875 0.240625
1 0.784375 0.1953125 0.09296875 0.03046875
0 0.16328125 0.228125 0.15 0.20078125