2 0.1125 0.2890625 0.19765625 0.1859375
2 0.2765625 0.50703125 0.1046875 0.1078125
2 0.48359375 0.66796875 0.18046875 0.215625
0 0.35 0.48828125 0.0671875 0.0671875
0 0.1703125 0.403125 0.075 0.07890625
0 0.54453125 0.359375 0.059375 0.0734375
2 0.5140625 0.3953125 0.134375 0.13046875
0 0.60546875 0.3703125 0.06875 0.0671875
0 0.6171875 0.18125 0.06953125 0.0765625
0 0.621875 0.48125 0.0609375 0.06875
0 0.36328125 0.590625 0.06328125 0.071875
0 0.6484375 0.8078125 0.06875 0.07890625
1 0.3328125 0.7765625 0.090625 0.034375
0 0.41328125 0.42265625 0.06328125 0.07109375
1 0.4734375 0.77578125 0.08984375 0.03203125
1 0.8296875 0.20859375 0.128125 0.0359375
2 0.28984375 0.34375 0.134375 0.22109375
1 0.96328125 0.5953125 0.0359375 0.0765625
0 0.53671875 0.61015625 0.0703125 0.08515625
1 0.0203125 0.290625 0.028125 0.0921875
2 0.634375 0.27578125 0.11484375 0.12421875
2 0.3125 0.6703125 0.1859375 0.228125
1 0.35390625 0.2078125 0.07109375 0.03046875
2 0.1203125 0.7125 0.10546875 0.09921875
1 0.9609375 0.4546875 0.03515625 0.12734375
2 0.12109375 0.590625 0.11328125 0.1953125
2 0.82421875 0.6890625 0.28203125 0.16953125
1 0.96328125 0.3484375 0.03671875 0.1
2 0.8140625 0.3328125 0.28828125 0.23671875
1 0.8203125 0.775 0.0578125 0.021875
2 0.89453125 0.59375 0.10859375 0.0828125
0 0.5140625 0.39296875 0.13359375 0.1359375