2 0.1390625 0.44765625 0.11171875 0.215625
2 0.6890625 0.48046875 0.11328125 0.1625
2 0.6890625 0.6453125 0.11328125 0.15234375
2 0.13828125 0.6078125 0.11171875 0.10859375
2 0.9109375 0.5546875 0.11171875 0.30859375
2 0.3578125 0.6796875 0.11171875 0.22734375
2 0.7984375 0.71015625 0.11953125 0.09375
2 0.165625 0.7265625 0.0546875 0.134375
2 0.80078125 0.4859375 0.1125 0.321875
2 0.1140625 0.72734375 0.05625 0.1375
1 0.453125 0.47265625 0.0453125 0.03125
1 0.1296875 0.340625 0.046875 0.03359375
1 0.48515625 0.5703125 0.021875 0.146875
2 0.3046875 0.45078125 0.22421875 0.2296875
1 0.365625 0.34140625 0.0453125 0.03359375
0 0.77734375 0.3109375 0.0296875 0.05625
1 0.453125 0.66484375 0.04609375 0.0359375
1 0.63359375 0.50703125 0.0171875 0.0734375
2 0.2765625 0.75859375 0.05625 0.07109375
1 0.284375 0.79765625 0.0234375 0.0234375
1 0.36484375 0.79765625 0.04375 0.03203125
1 0.16875 0.8 0.02265625 0.02421875
1 0.6328125 0.63515625 0.0171875 0.07578125
0 0.07734375 0.6234375 0.025 0.0609375
1 0.08125 0.53046875 0.015625 0.0390625
1 0.96640625 0.503125 0.01796875 0.05625
1 0.41328125 0.41015625 0.015625 0.04296875
1 0.96640625 0.61875 0.01796875 0.0515625
0 0.23046875 0.8078125 0.03203125 0.03984375
1 0.12265625 0.796875 0.02265625 0.028125
1 0.1890625 0.2859375 0.01640625 0.0890625
1 0.41328125 0.73671875 0.01640625 0.04140625
1 0.3046875 0.2859375 0.015625 0.08125
1 0.21875 0.1515625 0.05859375 0.028125
1 0.1890625 0.19765625 0.0171875 0.08515625
0 0.77890625 0.13203125 0.03125 0.0390625
2 0.24765625 0.24609375 0.115625 0.18515625
0 0.265625 0.715625 0.03046875 0.03359375
0 0.18828125 0.44921875 0.01953125 0.07734375
1 0.26171875 0.33984375 0.05078125 0.03046875
1 0.8140625 0.33046875 0.05234375 0.02890625
0 0.225 0.32890625 0.03359375 0.04296875
1 0.2765625 0.15234375 0.0578125 0.0296875
0 0.73984375 0.61640625 0.0203125 0.0609375
0 0.18671875 0.62578125 0.02265625 0.04921875
0 0.7734375 0.65703125 0.025 0.03359375
0 0.1234375 0.65234375 0.03125 0.034375
1 0.8140625 0.13671875 0.05078125 0.0296875
0 0.1359375 0.7453125 0.02109375 0.05625
0 0.73984375 0.51796875 0.02265625 0.0546875
0 0.85234375 0.5265625 0.021875 0.05
1 0.96640625 0.5734375 0.01796875 0.078125
0 0.30859375 0.19609375 0.015625 0.07890625
2 0.2484375 0.68359375 0.11328125 0.23671875
2 0.8015625 0.23203125 0.11484375 0.18515625