2 0.51171875 0.2546875 0.203125 0.3390625
2 0.8265625 0.75703125 0.1984375 0.1578125
2 0.8671875 0.61484375 0.10234375 0.121875
2 0.61484375 0.61015625 0.06171875 0.1640625
2 0.525 0.6125 0.11484375 0.16875
2 0.7796875 0.20390625 0.30390625 0.24453125
0 0.75625 0.5 0.065625 0.08671875
2 0.8265625 0.45 0.19296875 0.234375
0 0.69375 0.2953125 0.0671875 0.078125
0 0.53203125 0.50078125 0.06015625 0.07421875
0 0.69140625 0.87734375 0.0703125 0.09765625
1 0.93359375 0.20078125 0.04609375 0.15234375
1 0.7171875 0.07578125 0.11171875 0.04609375
1 0.9328125 0.46015625 0.04375 0.14140625
1 0.93125 0.61484375 0.03984375 0.0625
0 0.665625 0.61015625 0.0484375 0.0640625
0 0.70234375 0.734375 0.0625 0.0828125
1 0.165625 0.41328125 0.0359375 0.15234375
1 0.16640625 0.17734375 0.03515625 0.0984375
1 0.93515625 0.71640625 0.0359375 0.0625
1 0.50234375 0.0765625 0.13359375 0.03984375
2 0.29609375 0.315625 0.24375 0.4515625
0 0.13359375 0.26953125 0.07734375 0.09453125
0 0.84609375 0.71171875 0.0640625 0.0734375
2 0.78828125 0.63671875 0.05234375 0.08046875