2 0.16171875 0.528125 0.23125 0.19296875
2 0.1609375 0.3328125 0.22734375 0.1953125
0 0.73125 0.42734375 0.09296875 0.0671875
0 0.23203125 0.39375 0.0953125 0.065625
0 0.23515625 0.4609375 0.096875 0.06484375
0 0.64609375 0.71953125 0.09765625 0.0640625
2 0.809375 0.70390625 0.2453125 0.15234375
0 0.60234375 0.8078125 0.09296875 0.06640625
2 0.81484375 0.3484375 0.2625 0.23046875
1 0.46953125 0.23203125 0.12265625 0.025
1 0.9421875 0.540625 0.03359375 0.07890625
1 0.05234375 0.53359375 0.03984375 0.08828125
1 0.94140625 0.365625 0.03984375 0.090625
2 0.659375 0.59609375 0.06484375 0.046875
2 0.82890625 0.5546875 0.240625 0.14453125
1 0.05234375 0.334375 0.03828125 0.0875
1 0.053125 0.7171875 0.0359375 0.084375
1 0.14296875 0.77890625 0.1265625 0.021875
0 0.66171875 0.59609375 0.06796875 0.0484375
2 0.7109375 0.603125 0.040625 0.05390625
2 0.6203125 0.659375 0.1390625 0.06796875
1 0.28828125 0.78046875 0.109375 0.02109375