2 0.1640625 0.80234375 0.21875 0.1734375
2 0.16015625 0.6375 0.21875 0.16875
2 0.36328125 0.28203125 0.22421875 0.2046875
2 0.8375 0.8171875 0.19375 0.2921875
2 0.56796875 0.89609375 0.21328125 0.14609375
0 0.50546875 0.84765625 0.05234375 0.05546875
2 0.63359375 0.1125 0.09921875 0.13046875
0 0.59765625 0.26796875 0.04921875 0.0453125
0 0.35703125 0.7734375 0.06171875 0.05703125
0 0.4515625 0.25859375 0.0671875 0.05234375
2 0.5734375 0.23125 0.2015625 0.1078125
0 0.44453125 0.14765625 0.06015625 0.0703125
0 0.425 0.77734375 0.04609375 0.0453125
2 0.6171875 0.34453125 0.1234375 0.11640625
2 0.43359375 0.83984375 0.0828125 0.0875
0 0.55859375 0.13671875 0.0578125 0.06171875
2 0.5765625 0.6796875 0.1984375 0.26640625
0 0.80546875 0.97734375 0.07421875 0.04453125
0 0.53125 0.359375 0.05 0.0484375
0 0.4953125 0.403125 0.05625 0.05
0 0.24296875 0.69453125 0.06171875 0.05703125
0 0.35625 0.90546875 0.06875 0.0703125
0 0.24375 0.734375 0.06015625 0.06796875
2 0.5609375 0.47109375 0.19609375 0.13125
0 0.43828125 0.840625 0.09140625 0.08671875
2 0.375 0.71875 0.2078125 0.14921875
2 0.33515625 0.83515625 0.13359375 0.0859375
1 0.26328125 0.9953125 0.0421875 0.00859375
0 0.9328125 0.62109375 0.03046875 0.05