2 0.596875 0.38828125 0.0796875 0.09453125
0 0.4671875 0.409375 0.0390625 0.05703125
0 0.34609375 0.7 0.05 0.078125
0 0.3390625 0.36328125 0.0484375 0.0703125
2 0.546875 0.19375 0.1890625 0.16484375
0 0.5375 0.3953125 0.04609375 0.06171875
0 0.3453125 0.259375 0.0453125 0.0546875
0 0.428125 0.25 0.0359375 0.05546875
0 0.51640625 0.3125 0.04921875 0.06640625
2 0.43515625 0.62734375 0.09453125 0.09140625
0 0.1078125 0.425 0.0484375 0.12578125
2 0.40703125 0.16875 0.0875 0.12421875
0 0.69375 0.6515625 0.04375 0.0609375
0 0.50390625 0.53984375 0.04296875 0.05703125
0 0.37265625 0.628125 0.04296875 0.05390625
0 0.51796875 0.4578125 0.0453125 0.0625
2 0.42890625 0.28828125 0.13046875 0.1015625
2 0.203125 0.26796875 0.1265625 0.321875
2 0.31484375 0.1890625 0.1 0.1609375
2 0.4515625 0.46875 0.071875 0.075
2 0.77890625 0.5921875 0.13671875 0.1859375
1 0.14296875 0.33359375 0.02421875 0.1125
2 0.446875 0.5453125 0.07890625 0.075
1 0.3109375 0.10703125 0.0734375 0.01953125
1 0.209375 0.10625 0.0640625 0.0203125
0 0.3546875 0.61640625 0.0671875 0.071875
2 0.7796875 0.81171875 0.13984375 0.26640625
2 0.34765625 0.61328125 0.053125 0.0734375
2 0.56171875 0.54921875 0.153125 0.24609375
2 0.1875 0.5859375 0.23515625 0.315625
1 0.21015625 0.7453125 0.13359375 0.01640625