2 0.45078125 0.33046875 0.10859375 0.21484375
2 0.278125 0.33203125 0.09921875 0.203125
2 0.54765625 0.33046875 0.08984375 0.2109375
2 0.45 0.67265625 0.11171875 0.225
2 0.6453125 0.66015625 0.10546875 0.2421875
0 0.48515625 0.4078125 0.03359375 0.0578125
2 0.740625 0.41015625 0.08359375 0.16640625
0 0.52109375 0.4078125 0.03125 0.0578125
0 0.4828125 0.58828125 0.0328125 0.06171875
2 0.88515625 0.4828125 0.06171875 0.10703125
2 0.16875 0.3375 0.1296875 0.19921875
2 0.884375 0.8484375 0.05859375 0.1328125
2 0.8203125 0.50625 0.06796875 0.1609375
0 0.47890625 0.5109375 0.03515625 0.0578125
0 0.55625 0.809375 0.03359375 0.06640625
2 0.85703125 0.29140625 0.121875 0.1125
0 0.8375 0.60625 0.02890625 0.05390625
0 0.79921875 0.60859375 0.03203125 0.05390625
2 0.55078125 0.65859375 0.08359375 0.2421875
0 0.2640625 0.46484375 0.0421875 0.08359375
2 0.43203125 0.49375 0.071875 0.1203125
0 0.74921875 0.24609375 0.03203125 0.0640625
1 0.45546875 0.7828125 0.04921875 0.03125
1 0.671875 0.2703125 0.040625 0.0265625
2 0.86640625 0.671875 0.084375 0.21171875
1 0.91875 0.31953125 0.01640625 0.06953125
2 0.64765625 0.4203125 0.10546875 0.21640625
0 0.8 0.37890625 0.0265625 0.0671875
1 0.71484375 0.27421875 0.0375 0.0265625
1 0.55703125 0.22421875 0.03515625 0.02265625
1 0.2796875 0.2265625 0.0359375 0.03671875
0 0.83984375 0.49765625 0.03125 0.0515625
1 0.6359375 0.27109375 0.04140625 0.02578125
0 0.8421875 0.86171875 0.0296875 0.05703125
1 0.45234375 0.22109375 0.0375 0.025
1 0.74453125 0.7828125 0.04453125 0.025
2 0.73984375 0.71171875 0.09375 0.1296875
1 0.165625 0.23125 0.03359375 0.03515625
2 0.6328125 0.30546875 0.05390625 0.065625
2 0.80546875 0.68359375 0.03671875 0.0703125
0 0.83671875 0.8078125 0.0328125 0.0578125
0 0.19765625 0.46484375 0.04375 0.08359375
0 0.89609375 0.5453125 0.021875 0.0390625
1 0.85546875 0.22578125 0.02734375 0.01796875