2 0.62890625 0.22265625 0.26640625 0.321875
2 0.22734375 0.1546875 0.26953125 0.18203125
2 0.23671875 0.521875 0.27265625 0.15
2 0.3359375 0.31015625 0.25625 0.13828125
2 0.46953125 0.81640625 0.1359375 0.125
2 0.17734375 0.6703125 0.171875 0.1625
0 0.32109375 0.6171875 0.07890625 0.07421875
0 0.45703125 0.61875 0.075 0.0703125
0 0.4203125 0.21875 0.06953125 0.059375
2 0.33125 0.70546875 0.10859375 0.1234375
0 0.3328125 0.21015625 0.0921875 0.0734375
0 0.79375 0.615625 0.06640625 0.07265625
0 0.53046875 0.20625 0.0703125 0.06015625
0 0.23515625 0.275 0.06796875 0.05625
1 0.09609375 0.15234375 0.028125 0.10625
0 0.79296875 0.228125 0.08125 0.06640625
1 0.09140625 0.53203125 0.0328125 0.109375
2 0.4390625 0.6984375 0.1171875 0.10234375
2 0.4234375 0.12109375 0.14453125 0.11484375
1 0.1671875 0.759375 0.04453125 0.0296875
1 0.75625 0.540625 0.0328125 0.0953125
2 0.1546875 0.31484375 0.10703125 0.13828125
0 0.45859375 0.5296875 0.07421875 0.06953125
1 0.76171875 0.15703125 0.03203125 0.0890625
2 0.61796875 0.60625 0.265625 0.29609375
2 0.4796875 0.29375 0.04765625 0.06640625
1 0.39375 0.64453125 0.0671875 0.01796875