2 0.915625 0.63046875 0.11953125 0.265625
2 0.9125 0.35625 0.115625 0.259375
2 0.8171875 0.29921875 0.078125 0.14140625
2 0.68984375 0.3515625 0.1578125 0.23359375
2 0.35703125 0.3515625 0.06875 0.228125
2 0.2953125 0.3046875 0.05546875 0.13046875
2 0.29609375 0.41796875 0.06015625 0.1
2 0.809375 0.53828125 0.096875 0.32734375
0 0.284375 0.49375 0.034375 0.06875
0 0.81953125 0.39765625 0.03515625 0.06875
0 0.32109375 0.50546875 0.03671875 0.0703125
2 0.09375 0.35078125 0.1375 0.23828125
0 0.8703125 0.4140625 0.03515625 0.065625
0 0.3 0.7859375 0.0375 0.078125
2 0.41953125 0.32265625 0.05703125 0.1015625
0 0.7734375 0.403125 0.0359375 0.06484375
0 0.8328125 0.78203125 0.034375 0.06875
0 0.290625 0.6125 0.03671875 0.06875
2 0.41796875 0.42265625 0.05703125 0.10625
0 0.33984375 0.27265625 0.034375 0.059375
0 0.46640625 0.309375 0.03828125 0.06796875
0 0.13046875 0.196875 0.0375 0.07265625
0 0.36953125 0.4921875 0.03515625 0.06875
0 0.46484375 0.53984375 0.03671875 0.0625
2 0.39609375 0.6671875 0.103125 0.171875
2 0.30703125 0.66953125 0.0796875 0.16484375
0 0.86953125 0.64296875 0.03203125 0.065625
1 0.0796875 0.22734375 0.07265625 0.0359375
2 0.39296875 0.52890625 0.1046875 0.11640625
2 0.103125 0.1359375 0.16796875 0.1703125
2 0.2125 0.353125 0.10703125 0.2234375
1 0.0265625 0.34765625 0.01875 0.1265625
1 0.153125 0.75546875 0.03671875 0.03203125
2 0.25078125 0.6671875 0.0421875 0.159375
1 0.6859375 0.7546875 0.0375 0.028125
1 0.88515625 0.7546875 0.03828125 0.02890625
1 0.35390625 0.2296875 0.0375 0.0296875
1 0.9796875 0.43046875 0.01484375 0.07734375
1 0.28828125 0.23046875 0.0375 0.02734375
1 0.08828125 0.75546875 0.03671875 0.03046875
1 0.978125 0.54140625 0.01953125 0.0828125
1 0.2015625 0.2265625 0.0390625 0.0265625
1 0.88125 0.221875 0.03828125 0.0296875
2 0.584375 0.35234375 0.0484375 0.23515625
1 0.65703125 0.22734375 0.0390625 0.0265625
1 0.7953125 0.7609375 0.03984375 0.02890625
1 0.025 0.62109375 0.0171875 0.1078125
1 0.815625 0.22109375 0.03828125 0.028125
1 0.3609375 0.7609375 0.01953125 0.03359375
1 0.25546875 0.76171875 0.02109375 0.03125
1 0.71171875 0.803125 0.01796875 0.01875
1 0.6203125 0.75859375 0.03515625 0.02578125
2 0.40390625 0.47578125 0.08671875 0.20703125