2 0.17421875 0.2359375 0.20078125 0.23515625
2 0.80703125 0.26015625 0.17890625 0.28515625
2 0.8078125 0.53828125 0.18046875 0.28359375
2 0.66015625 0.503125 0.1109375 0.17890625
2 0.6609375 0.19375 0.11796875 0.13984375
2 0.39375 0.603125 0.08046875 0.10859375
2 0.43828125 0.31875 0.33046875 0.421875
2 0.315625 0.603125 0.08125 0.09375
2 0.175 0.56875 0.196875 0.2421875
0 0.334375 0.5453125 0.04140625 0.04296875
1 0.16875 0.11953125 0.09765625 0.03515625
0 0.38359375 0.6625 0.04765625 0.05390625
0 0.2640625 0.29921875 0.0359375 0.06953125
0 0.68125 0.103125 0.053125 0.0515625
1 0.43671875 0.12109375 0.19609375 0.03515625
0 0.65078125 0.58203125 0.0578125 0.0515625
0 0.26796875 0.503125 0.03203125 0.05625
0 0.18125 0.325 0.046875 0.06484375
1 0.65234375 0.58203125 0.07265625 0.0515625