2 0.27109375 0.41015625 0.36953125 0.13359375
2 0.88125 0.60625 0.15 0.09453125
2 0.8546875 0.303125 0.20625 0.20078125
2 0.83125 0.5203125 0.25 0.08046875
0 0.8265625 0.38203125 0.08359375 0.04921875
2 0.67578125 0.7546875 0.2390625 0.17265625
2 0.88359375 0.70859375 0.15 0.109375
0 0.61484375 0.85 0.07734375 0.0890625
0 0.6828125 0.5453125 0.0875 0.05078125
0 0.425 0.128125 0.084375 0.0578125
0 0.8359375 0.546875 0.06015625 0.03984375
0 0.42578125 0.44765625 0.08125 0.0421875
0 0.6921875 0.8265625 0.075 0.04921875
1 0.09140625 0.4140625 0.04609375 0.1125
2 0.7546875 0.70859375 0.11875 0.10390625
0 0.671875 0.7140625 0.090625 0.05
2 0.75546875 0.59296875 0.1015625 0.12421875
2 0.8578125 0.43984375 0.2078125 0.08203125
2 0.725 0.871875 0.1453125 0.05546875
1 0.08984375 0.2796875 0.059375 0.103125
1 0.090625 0.19609375 0.0625 0.13828125
2 0.65625 0.32421875 0.20859375 0.2828125
0 0.85859375 0.43984375 0.20625 0.084375
0 0.72421875 0.8703125 0.146875 0.06171875
0 0.34375 0.134375 0.09609375 0.04296875