2 0.86015625 0.2484375 0.13828125 0.2546875
2 0.7421875 0.2328125 0.10546875 0.2171875
0 0.22265625 0.425 0.059375 0.096875
0 0.66484375 0.46796875 0.06171875 0.09609375
2 0.33125 0.321875 0.28046875 0.3984375
1 0.93046875 0.21875 0.028125 0.15078125
0 0.7171875 0.29453125 0.05625 0.09375
2 0.759375 0.45546875 0.1421875 0.2234375
1 0.93046875 0.75078125 0.03359375 0.1828125
2 0.1265625 0.31171875 0.115625 0.38671875
2 0.859375 0.7296875 0.13984375 0.3125
2 0.88984375 0.46953125 0.05859375 0.15078125
1 0.18828125 0.28046875 0.03125 0.19296875
0 0.7515625 0.66171875 0.05234375 0.09609375
2 0.5703125 0.2609375 0.19609375 0.25078125
2 0.15625 0.42578125 0.05546875 0.09609375
0 0.6390625 0.8765625 0.06171875 0.19453125
0 0.15703125 0.4234375 0.05546875 0.096875
0 0.80625 0.49453125 0.05 0.0875
1 0.92890625 0.465625 0.025 0.1328125
2 0.80625 0.49609375 0.0515625 0.0921875
2 0.6375 0.87734375 0.059375 0.18828125