2 0.7171875 0.73515625 0.284375 0.215625
2 0.2703125 0.3921875 0.27109375 0.27421875
2 0.640625 0.4828125 0.45078125 0.278125
2 0.7078125 0.2296875 0.33203125 0.225
2 0.34453125 0.57578125 0.11953125 0.0953125
0 0.36640625 0.29609375 0.09375 0.065625
0 0.62421875 0.6578125 0.084375 0.06875
1 0.7546875 0.8390625 0.1453125 0.04375
1 0.884375 0.52734375 0.0640625 0.125
0 0.46171875 0.8703125 0.10390625 0.0890625
0 0.4359375 0.58671875 0.0859375 0.0625
1 0.2234375 0.2453125 0.12421875 0.0359375
1 0.5359375 0.17421875 0.06171875 0.1125
0 0.4421875 0.721875 0.0875 0.06953125
2 0.2078125 0.57109375 0.1484375 0.10078125
2 0.28125 0.7265625 0.278125 0.21328125
0 0.23671875 0.49921875 0.09140625 0.06796875
0 0.45234375 0.23359375 0.11015625 0.06640625
2 0.7328125 0.9234375 0.53359375 0.15234375
0 0.278125 0.7375 0.27109375 0.1953125