2 0.28046875 0.58984375 0.2828125 0.1828125
2 0.77890625 0.5890625 0.2078125 0.184375
2 0.65078125 0.11953125 0.20390625 0.10703125
2 0.42578125 0.17578125 0.23984375 0.20390625
0 0.38828125 0.52109375 0.08671875 0.04765625
0 0.79609375 0.2921875 0.0703125 0.04609375
2 0.62265625 0.221875 0.15 0.0953125
0 0.50078125 0.58515625 0.071875 0.04140625
0 0.71171875 0.52109375 0.08125 0.0484375
0 0.58671875 0.703125 0.08046875 0.053125
0 0.66640625 0.15859375 0.065625 0.03515625
0 0.5515625 0.7578125 0.084375 0.05234375
0 0.51796875 0.13671875 0.07578125 0.04375
0 0.7859375 0.046875 0.0765625 0.04765625
1 0.934375 0.3859375 0.05859375 0.1
0 0.50625 0.25390625 0.0828125 0.04921875
0 0.221875 0.271875 0.08125 0.09609375
0 0.78125 0.1484375 0.07265625 0.04609375
0 0.5671875 0.84921875 0.1015625 0.0625
1 0.3046875 0.16484375 0.04609375 0.08984375
1 0.88828125 0.5765625 0.046875 0.0859375
1 0.6703125 0.0640625 0.078125 0.01875
2 0.4765625 0.6390625 0.11484375 0.07734375
0 0.5671875 0.9109375 0.10078125 0.06328125
1 0.8875 0.21796875 0.0359375 0.065625
2 0.84375 0.096875 0.08828125 0.06015625
2 0.0390625 0.58046875 0.075 0.1296875
1 0.13828125 0.58203125 0.04296875 0.084375
2 0.21328125 0.15703125 0.1703125 0.196875
2 0.58828125 0.62578125 0.0859375 0.05234375
1 0.1375 0.38359375 0.0421875 0.0796875
0 0.5640625 0.7296875 0.09140625 0.10546875
0 0.428125 0.17421875 0.234375 0.19765625
2 0.75703125 0.39921875 0.34765625 0.2015625
2 0.62421875 0.29453125 0.18125 0.05078125