2 0.25546875 0.3546875 0.228125 0.19609375
2 0.25390625 0.55 0.23203125 0.2015625
0 0.44765625 0.19296875 0.05390625 0.06484375
2 0.45234375 0.10625 0.13515625 0.12109375
2 0.9171875 0.20078125 0.09765625 0.30078125
0 0.35703125 0.4125 0.0625 0.0671875
0 0.3578125 0.48359375 0.06171875 0.06953125
2 0.5296875 0.45625 0.10078125 0.134375
2 0.25625 0.1625 0.23203125 0.1703125
0 0.83828125 0.31171875 0.059375 0.0703125
0 0.4625 0.43828125 0.05078125 0.053125
0 0.89609375 0.3125 0.05390625 0.06796875
0 0.35703125 0.2140625 0.05703125 0.06640625
0 0.415625 0.6078125 0.0625 0.08125
1 0.140625 0.534375 0.0328125 0.13359375
1 0.14140625 0.3609375 0.03359375 0.1375
2 0.68984375 0.20625 0.35546875 0.3125
1 0.140625 0.18359375 0.0296875 0.13359375
2 0.2484375 0.0734375 0.1890625 0.05546875