2 0.41328125 0.575 0.1453125 0.06015625
0 0.353125 0.2578125 0.075 0.0984375
2 0.79921875 0.4984375 0.15546875 0.07890625
2 0.66953125 0.73125 0.1125 0.09609375
2 0.8 0.70703125 0.153125 0.13984375
0 0.5671875 0.50546875 0.08046875 0.05859375
2 0.5203125 0.3734375 0.27734375 0.221875
2 0.4375 0.69140625 0.18203125 0.17734375
1 0.4203125 0.77890625 0.12578125 0.0296875
0 0.49375 0.63046875 0.078125 0.05078125
0 0.9578125 0.57265625 0.05859375 0.0421875
1 0.240625 0.77734375 0.12890625 0.03125
0 0.64140625 0.6671875 0.05703125 0.0453125
2 0.690625 0.91015625 0.1625 0.1171875
1 0.4921875 0.2578125 0.1203125 0.02578125
2 0.21796875 0.6640625 0.25625 0.23359375
2 0.7671875 0.3625 0.22890625 0.20546875
1 0.2390625 0.2578125 0.1515625 0.0265625
0 0.70234375 0.5140625 0.0734375 0.04296875
0 0.44453125 0.53125 0.0640625 0.0453125
0 0.57890625 0.90703125 0.0875 0.05390625
0 0.565625 0.80078125 0.08046875 0.06171875
2 0.8015625 0.5828125 0.1546875 0.0984375
2 0.940625 0.3359375 0.11875 0.128125
1 0.7609375 0.2609375 0.1203125 0.02421875
1 0.1015625 0.50078125 0.04140625 0.0421875
0 0.7640625 0.653125 0.08359375 0.04375
0 0.97734375 0.378125 0.0453125 0.034375
1 0.9640625 0.78359375 0.07109375 0.0265625
0 0.68828125 0.46171875 0.06640625 0.05078125
2 0.2453125 0.39765625 0.29140625 0.2953125
1 0.7953125 0.78203125 0.08828125 0.02265625
2 0.9421875 0.43828125 0.115625 0.0953125
1 0.6375 0.78203125 0.05078125 0.01953125
0 0.56640625 0.70859375 0.08671875 0.0625
2 0.94140625 0.521875 0.1171875 0.06875
2 0.56640625 0.7109375 0.08828125 0.065625
0 0.3203125 0.575 0.0546875 0.0375
2 0.62734375 0.58046875 0.20078125 0.20234375