2 0.7640625 0.5859375 0.0765625 0.11328125
2 0.6734375 0.78984375 0.1125 0.12109375
2 0.46328125 0.71796875 0.1171875 0.24296875
0 0.3390625 0.19140625 0.04921875 0.07421875
2 0.83671875 0.5859375 0.07265625 0.1109375
0 0.70703125 0.60390625 0.05 0.06328125
0 0.69609375 0.6984375 0.05703125 0.0765625
2 0.26875 0.41796875 0.0796875 0.08984375
0 0.55703125 0.19453125 0.05 0.06875
0 0.69453125 0.88125 0.053125 0.08125
1 0.04765625 0.4984375 0.025 0.07265625
0 0.41953125 0.48359375 0.04609375 0.06328125
0 0.70234375 0.42734375 0.05 0.07109375
1 0.7953125 0.85234375 0.09296875 0.03515625
0 0.74765625 0.67734375 0.04609375 0.06796875
2 0.6578125 0.3546875 0.1296875 0.21328125
1 0.87734375 0.6109375 0.02265625 0.05234375
1 0.04609375 0.1609375 0.025 0.071875
0 0.8265625 0.66796875 0.0421875 0.06640625
2 0.8015625 0.74609375 0.1484375 0.20859375
1 0.5140625 0.85234375 0.096875 0.03359375
2 0.28828125 0.53515625 0.12109375 0.13984375
1 0.6671875 0.2171875 0.0890625 0.02734375
1 0.796875 0.21875 0.09140625 0.02890625
1 0.32109375 0.85 0.0953125 0.02890625
2 0.66171875 0.26875 0.13203125 0.09140625
2 0.79453125 0.2703125 0.13359375 0.09296875
0 0.325 0.425 0.0390625 0.05625
2 0.35625 0.2625 0.090625 0.07734375
2 0.13984375 0.4578125 0.18515625 0.28671875
1 0.4828125 0.21796875 0.090625 0.02578125
2 0.3578125 0.51875 0.03671875 0.04765625
0 0.3359375 0.29296875 0.03359375 0.05
2 0.66875 0.34765625 0.11171875 0.07421875
2 0.2765625 0.33046875 0.0796875 0.0734375
0 0.39453125 0.28046875 0.01953125 0.02890625
1 0.534375 0.84921875 0.0515625 0.028125
0 0.35703125 0.5171875 0.03125 0.05
0 0.34375 0.28046875 0.05546875 0.07109375