2 0.73046875 0.28203125 0.45234375 0.1984375
2 0.84140625 0.8140625 0.2234375 0.240625
2 0.103125 0.7546875 0.1203125 0.1484375
2 0.59140625 0.540625 0.13203125 0.14375
2 0.378125 0.8765625 0.1578125 0.10625
2 0.17890625 0.5921875 0.27578125 0.16640625
0 0.2546875 0.8625 0.0703125 0.090625
0 0.8125 0.35546875 0.0890625 0.07890625
0 0.8484375 0.14921875 0.0765625 0.07734375
0 0.36015625 0.14765625 0.0734375 0.08828125
0 0.80390625 0.49375 0.08828125 0.08125
2 0.30234375 0.778125 0.290625 0.090625
2 0.671875 0.47109375 0.21640625 0.178125
2 0.234375 0.71328125 0.13125 0.0671875
0 0.834375 0.6609375 0.0703125 0.075
1 0.82890625 0.93671875 0.115625 0.03046875
1 0.6609375 0.9359375 0.11171875 0.0296875
1 0.70859375 0.17578125 0.21796875 0.03359375
2 0.63671875 0.76328125 0.2109375 0.34296875
2 0.2546875 0.2859375 0.41796875 0.2109375
0 0.371875 0.80859375 0.06796875 0.046875
1 0.19609375 0.8328125 0.05234375 0.0296875
1 0.1390625 0.834375 0.04765625 0.034375
0 0.12265625 0.503125 0.06796875 0.0515625
1 0.3734375 0.81484375 0.06875 0.03515625