2 0.58828125 0.72421875 0.08984375 0.140625
2 0.38359375 0.17734375 0.1625 0.1859375
2 0.59921875 0.3203125 0.0625 0.10234375
2 0.271875 0.2375 0.0625 0.0640625
2 0.66484375 0.53125 0.06875 0.09921875
2 0.58828125 0.6171875 0.0859375 0.07734375
2 0.7390625 0.53125 0.08203125 0.10078125
2 0.5453125 0.1765625 0.17265625 0.18203125
2 0.58984375 0.8765625 0.08828125 0.1609375
2 0.36015625 0.52734375 0.06875 0.06328125
2 0.70390625 0.68828125 0.14453125 0.2109375
0 0.2578125 0.18828125 0.04296875 0.04609375
2 0.78046875 0.13515625 0.07421875 0.0953125
2 0.74453125 0.88125 0.078125 0.159375
2 0.67109375 0.87578125 0.08046875 0.1609375
0 0.57421875 0.55703125 0.03984375 0.05
2 0.9 0.446875 0.06640625 0.08359375
0 0.50703125 0.29140625 0.03671875 0.05078125
2 0.90078125 0.3390625 0.053125 0.1265625
0 0.42421875 0.5796875 0.034375 0.05078125
0 0.66953125 0.29296875 0.03359375 0.04765625
0 0.72890625 0.11953125 0.0296875 0.034375
0 0.528125 0.71484375 0.03671875 0.04453125
0 0.221875 0.2953125 0.03671875 0.0546875
2 0.20625 0.16796875 0.1875 0.16953125
0 0.8015625 0.45234375 0.03515625 0.0453125
2 0.540625 0.48515625 0.17578125 0.19296875
0 0.4328125 0.29140625 0.034375 0.05
0 0.8265625 0.50625 0.05 0.0578125
0 0.5546875 0.3 0.03046875 0.0390625
0 0.1875 0.2921875 0.04453125 0.05078125
0 0.42265625 0.4703125 0.0421875 0.05078125
2 0.42578125 0.52734375 0.06484375 0.0625
0 0.528125 0.87421875 0.04140625 0.04765625
2 0.82109375 0.23046875 0.08359375 0.07890625
2 0.6984375 0.384375 0.0953125 0.165625
2 0.85703125 0.625 0.15078125 0.27890625
2 0.721875 0.23828125 0.040625 0.06640625
1 0.7359375 0.4796875 0.04375 0.01484375
1 0.73359375 0.58125 0.05234375 0.0203125
2 0.69375 0.22421875 0.1046875 0.09140625