2 0.30078125 0.75703125 0.29765625 0.29375
2 0.859375 0.2140625 0.190625 0.3453125
2 0.28984375 0.33515625 0.2515625 0.56328125
2 0.61015625 0.28515625 0.1015625 0.121875
2 0.70859375 0.265625 0.10703125 0.4296875
2 0.6125 0.14453125 0.0890625 0.16015625
0 0.82265625 0.61640625 0.0609375 0.190625
2 0.60234375 0.41171875 0.08125 0.13046875
0 0.70703125 0.52265625 0.0640625 0.11328125
0 0.828125 0.434375 0.0609375 0.11796875
0 0.58828125 0.50859375 0.046875 0.0796875
1 0.159375 0.3078125 0.04609375 0.31015625
1 0.5921875 0.04453125 0.05546875 0.06484375
0 0.675 0.1046875 0.0609375 0.08671875
2 0.48203125 0.2390625 0.14453125 0.40546875
1 0.1609375 0.63359375 0.0296875 0.10390625
0 0.13125 0.53828125 0.0734375 0.1015625
1 0.16328125 0.821875 0.03671875 0.20703125
1 0.94921875 0.20390625 0.04296875 0.3234375
0 0.57421875 0.31015625 0.040625 0.0703125
0 0.1875 0.540625 0.07265625 0.10390625
0 0.2921875 0.5703125 0.059375 0.09296875
1 0.178125 0.9078125 0.04609375 0.05546875
1 0.7140625 0.03984375 0.10703125 0.0484375
1 0.87265625 0.0421875 0.14296875 0.06484375
1 0.95234375 0.51640625 0.034375 0.14921875
1 0.50625 0.0375 0.10234375 0.0484375
1 0.24375 0.0359375 0.13671875 0.06875