2 0.26328125 0.28984375 0.1328125 0.20625
2 0.7390625 0.525 0.08203125 0.125
2 0.86171875 0.7515625 0.16484375 0.1921875
2 0.6921875 0.7140625 0.16875 0.26328125
2 0.43359375 0.3109375 0.19453125 0.25859375
2 0.4078125 0.5265625 0.14453125 0.1609375
2 0.259375 0.4671875 0.13359375 0.14609375
2 0.2984375 0.73125 0.20390625 0.25390625
0 0.80546875 0.6875 0.046875 0.06484375
0 0.0421875 0.459375 0.0515625 0.06875
0 0.40546875 0.41328125 0.0546875 0.06796875
0 0.35859375 0.478125 0.0484375 0.0671875
0 0.3796875 0.63984375 0.0484375 0.06796875
0 0.296875 0.1515625 0.05234375 0.07109375
0 0.7578125 0.62109375 0.04921875 0.0640625
0 0.30234375 0.3640625 0.0515625 0.06796875
2 0.65 0.528125 0.0921875 0.1234375
0 0.63671875 0.6171875 0.04765625 0.0640625
2 0.5046875 0.92265625 0.0671875 0.1078125
1 0.69453125 0.8546875 0.0828125 0.02734375
2 0.7625 0.325 0.30390625 0.2671875
1 0.4359375 0.1796875 0.08359375 0.034375
0 0.78046875 0.15 0.04921875 0.0625
0 0.45546875 0.9359375 0.0484375 0.06328125
1 0.28046875 0.8625 0.0828125 0.025
1 0.85546875 0.85546875 0.0828125 0.025
1 0.715625 0.18046875 0.08671875 0.03203125
0 0.434375 0.89609375 0.0546875 0.06953125
1 0.85625 0.178125 0.1015625 0.03203125
0 0.79921875 0.50078125 0.046875 0.06484375
2 0.2375 0.54453125 0.078125 0.1109375
1 0.55703125 0.359375 0.03125 0.121875
2 0.12109375 0.25546875 0.09921875 0.06171875
1 0.51171875 0.9765625 0.02734375 0.01796875