2 0.87578125 0.78984375 0.19296875 0.15078125
2 0.87578125 0.3984375 0.19453125 0.23671875
2 0.12421875 0.37890625 0.13046875 0.446875
2 0.87578125 0.64453125 0.19140625 0.1578125
2 0.3484375 0.3453125 0.103125 0.13046875
0 0.75 0.88671875 0.04375 0.06875
2 0.91875 0.5296875 0.1 0.07734375
0 0.215625 0.62734375 0.053125 0.07890625
0 0.15 0.62734375 0.05390625 0.07890625
0 0.26171875 0.62734375 0.0546875 0.078125
2 0.46015625 0.2140625 0.1296875 0.134375
0 0.10234375 0.62578125 0.0546875 0.078125
2 0.325 0.215625 0.16171875 0.140625
0 0.325 0.43125 0.040625 0.0578125
0 0.5015625 0.43125 0.04296875 0.0609375
2 0.7421875 0.8234375 0.08046875 0.0703125
2 0.73046875 0.3296875 0.1171875 0.10859375
1 0.784375 0.53203125 0.02109375 0.08125
2 0.609375 0.65546875 0.1375 0.0953125
2 0.24375 0.43203125 0.1171875 0.40546875
2 0.6203125 0.459375 0.19921875 0.3203125
2 0.60078125 0.34609375 0.1515625 0.12578125
2 0.8765625 0.54375 0.1921875 0.09921875
0 0.184375 0.628125 0.1171875 0.07578125
1 0.8640625 0.28203125 0.13828125 0.03203125