2 0.70078125 0.21015625 0.09453125 0.209375
2 0.69921875 0.51796875 0.0953125 0.19453125
2 0.3015625 0.515625 0.09296875 0.1671875
2 0.31640625 0.7734375 0.0546875 0.12265625
2 0.69765625 0.7546875 0.09609375 0.20703125
2 0.30078125 0.2234375 0.09140625 0.234375
2 0.72421875 0.36953125 0.04609375 0.10703125
2 0.27109375 0.7765625 0.03828125 0.1328125
2 0.2796875 0.3859375 0.0484375 0.090625
0 0.734375 0.28515625 0.03046875 0.0609375
2 0.1140625 0.1796875 0.10625 0.12265625
2 0.6765625 0.36953125 0.0515625 0.10390625
0 0.75859375 0.35703125 0.02890625 0.06171875
2 0.3015625 0.6546875 0.0984375 0.115625
0 0.27421875 0.5703125 0.0296875 0.06796875
0 0.28125 0.31875 0.02421875 0.05390625
2 0.77734375 0.8 0.06015625 0.1296875
0 0.7328125 0.68828125 0.0296875 0.06015625
0 0.73359375 0.5828125 0.0296875 0.06484375
0 0.36015625 0.37734375 0.02734375 0.0625
0 0.6765625 0.2890625 0.0296875 0.065625
0 0.3359375 0.503125 0.03125 0.0671875
0 0.334375 0.31015625 0.03125 0.05859375
0 0.2421875 0.50625 0.03046875 0.0703125
0 0.790625 0.30234375 0.028125 0.065625
2 0.3265625 0.3859375 0.0484375 0.09765625
0 0.76484375 0.75234375 0.0296875 0.0640625
0 0.11875 0.265625 0.02578125 0.06015625
1 0.65234375 0.228125 0.01640625 0.10390625
0 0.3875 0.740625 0.028125 0.0609375
1 0.84375 0.72421875 0.03515625 0.0265625
0 0.24140625 0.76015625 0.02734375 0.0671875
1 0.30234375 0.10234375 0.03671875 0.0296875
1 0.5625 0.23046875 0.01328125 0.06328125
0 0.534375 0.53984375 0.0234375 0.0625
1 0.25390625 0.646875 0.0140625 0.065625
2 0.0640625 0.32421875 0.03828125 0.1609375
1 0.65078125 0.74296875 0.01328125 0.09765625
0 0.30546875 0.684375 0.028125 0.06171875
2 0.54921875 0.4328125 0.0734375 0.1296875
0 0.3875 0.58359375 0.03359375 0.075
2 0.3765625 0.46328125 0.059375 0.175
1 0.65234375 0.5125 0.01328125 0.09375
1 0.50546875 0.13828125 0.0375 0.025
1 0.25625 0.2328125 0.0125 0.0875
2 0.4640625 0.63046875 0.1125 0.1703125
1 0.77734375 0.8578125 0.0578125 0.028125
2 0.490625 0.275 0.1484375 0.25546875
1 0.36640625 0.10078125 0.028125 0.028125
1 0.54140625 0.13671875 0.034375 0.025
1 0.5203125 0.61328125 0.0109375 0.05390625
1 0.43125 0.71484375 0.0234375 0.021875
0 0.72578125 0.36875 0.04765625 0.10859375
1 0.4953125 0.7203125 0.03828125 0.0234375
1 0.45390625 0.71875 0.01875 0.02265625