2 0.6328125 0.2484375 0.2078125 0.1
2 0.38828125 0.2484375 0.27890625 0.10859375
2 0.63046875 0.4046875 0.21484375 0.096875
2 0.37265625 0.36484375 0.234375 0.12265625
0 0.5421875 0.4140625 0.04609375 0.03125
0 0.55 0.29140625 0.0390625 0.0296875
0 0.50234375 0.29140625 0.04453125 0.03125
0 0.46953125 0.2015625 0.03984375 0.02734375
2 0.65390625 0.32890625 0.16484375 0.05625
1 0.25 0.2453125 0.0296875 0.09453125
1 0.25390625 0.3640625 0.02890625 0.05234375
0 0.45625 0.484375 0.05 0.03203125
1 0.7390625 0.25703125 0.02421875 0.05
0 0.5921875 0.32578125 0.0421875 0.0265625
1 0.73828125 0.40546875 0.0234375 0.04765625
1 0.62890625 0.71875 0.1125 0.015625
0 0.73203125 0.33203125 0.03359375 0.025
1 0.7375 0.5421875 0.02421875 0.04921875
1 0.73359375 0.33125 0.03046875 0.0265625
2 0.57265625 0.625 0.3328125 0.184375
2 0.446875 0.434375 0.0578125 0.0703125