2 0.07109375 0.7140625 0.10234375 0.17265625
2 0.87734375 0.2546875 0.1453125 0.25
2 0.87734375 0.65703125 0.14140625 0.28671875
2 0.54609375 0.24375 0.13515625 0.2234375
2 0.7375 0.69453125 0.14453125 0.21640625
2 0.3046875 0.734375 0.0625 0.1265625
2 0.9078125 0.4484375 0.08046875 0.14140625
2 0.8390625 0.45 0.06484375 0.14296875
0 0.79453125 0.44375 0.04140625 0.06484375
0 0.8265625 0.54609375 0.03671875 0.06875
0 0.82265625 0.3453125 0.04609375 0.0703125
2 0.5859375 0.415625 0.05546875 0.1140625
0 0.1375 0.7046875 0.0453125 0.07265625
1 0.3953125 0.796875 0.06640625 0.0359375
0 0.184375 0.6359375 0.04296875 0.06875
0 0.88515625 0.5390625 0.034375 0.059375
0 0.5046875 0.59609375 0.03515625 0.0625
0 0.31640625 0.34296875 0.03671875 0.0640625
2 0.73359375 0.2921875 0.1421875 0.3265625
2 0.584375 0.5421875 0.05625 0.146875
2 0.240625 0.73671875 0.08359375 0.11640625
0 0.35234375 0.62265625 0.040625 0.06328125
0 0.54296875 0.415625 0.0375 0.05859375
1 0.78359375 0.79921875 0.05546875 0.0359375
2 0.39375 0.2953125 0.121875 0.33125
0 0.3171875 0.396875 0.03828125 0.0640625
2 0.2703125 0.61640625 0.1390625 0.12109375
0 0.2515625 0.65078125 0.03515625 0.059375
0 0.790625 0.60625 0.03828125 0.0609375
0 0.81953125 0.1484375 0.03046875 0.059375
1 0.55703125 0.1265625 0.0625 0.03125
0 0.83984375 0.1484375 0.0375 0.0625
1 0.30234375 0.796875 0.034375 0.03046875
2 0.41484375 0.68515625 0.15859375 0.22265625
0 0.17578125 0.82421875 0.05234375 0.103125
0 0.578125 0.64921875 0.03671875 0.07109375
2 0.265625 0.190625 0.13046875 0.3109375
0 0.1484375 0.82578125 0.053125 0.08984375
1 0.8328125 0.8015625 0.05078125 0.0375
2 0.26171875 0.49609375 0.1453125 0.10234375
2 0.1 0.53828125 0.17734375 0.1859375
0 0.26015625 0.70234375 0.03828125 0.05546875
1 0.07109375 0.62890625 0.0296875 0.025
1 0.615625 0.39921875 0.015625 0.0515625
0 0.31640625 0.0453125 0.02421875 0.03671875
1 0.48671875 0.80234375 0.0828125 0.03359375
2 0.47109375 0.63671875 0.03671875 0.1203125