2 0.84609375 0.253125 0.1234375 0.23125
2 0.50078125 0.81640625 0.0921875 0.184375
2 0.84609375 0.4296875 0.12265625 0.12109375
2 0.80625 0.53671875 0.03984375 0.09609375
2 0.41171875 0.7671875 0.08984375 0.28203125
2 0.753125 0.53671875 0.0640625 0.096875
0 0.8453125 0.60703125 0.0328125 0.06796875
0 0.6234375 0.57890625 0.02421875 0.05
0 0.57578125 0.57890625 0.0265625 0.0546875
0 0.65859375 0.57890625 0.02421875 0.05
0 0.6921875 0.51171875 0.0296875 0.0609375
2 0.65625 0.5234375 0.04375 0.06875
0 0.49453125 0.6953125 0.03203125 0.05625
0 0.7484375 0.60625 0.028125 0.05546875
0 0.525 0.10078125 0.03671875 0.06875
1 0.9078125 0.4359375 0.015625 0.0703125
2 0.096875 0.30625 0.0984375 0.2796875
0 0.83828125 0.52109375 0.03046875 0.05859375
1 0.50703125 0.54296875 0.015625 0.07109375
0 0.31953125 0.78125 0.0296875 0.0640625
1 0.90703125 0.2609375 0.015625 0.0734375
1 0.84453125 0.13984375 0.03984375 0.02734375
2 0.234375 0.82578125 0.09375 0.159375
2 0.1375 0.69453125 0.18515625 0.13359375
0 0.375 0.6765625 0.02265625 0.040625
2 0.8671875 0.5359375 0.07890625 0.09296875
2 0.9375 0.6234375 0.05859375 0.18125
1 0.0453125 0.53515625 0.0171875 0.08125
2 0.41015625 0.38515625 0.19609375 0.490625
2 0.70546875 0.7796875 0.06953125 0.11015625
2 0.33984375 0.6734375 0.05234375 0.10234375
1 0.31328125 0.65859375 0.0125 0.05859375
2 0.353125 0.82578125 0.04453125 0.15859375
2 0.19140625 0.29453125 0.0953125 0.25625
1 0.17890625 0.4640625 0.04453125 0.03359375
1 0.4984375 0.9046875 0.06015625 0.03125
2 0.0515625 0.778125 0.03125 0.09765625
2 0.58046875 0.52265625 0.040625 0.06796875
0 0.09375 0.1984375 0.0234375 0.04296875
2 0.14296875 0.83515625 0.09375 0.13203125
1 0.73046875 0.140625 0.06484375 0.03125
1 0.04453125 0.6640625 0.01640625 0.0734375
1 0.3140625 0.215625 0.01796875 0.0859375
1 0.046875 0.265625 0.01484375 0.07734375
1 0.24453125 0.5 0.01484375 0.065625
0 0.33984375 0.6734375 0.05390625 0.10078125
1 0.609375 0.72578125 0.05859375 0.02421875
0 0.89609375 0.61640625 0.025 0.04609375
1 0.57265625 0.13984375 0.053125 0.02890625
0 0.640625 0.57734375 0.05625 0.0515625
2 0.13671875 0.7578125 0.1390625 0.2640625