2 0.3265625 0.50390625 0.0875 0.11796875
2 0.88828125 0.43125 0.071875 0.1375
2 0.85234375 0.23203125 0.14609375 0.22890625
2 0.32578125 0.34765625 0.08671875 0.17890625
2 0.41796875 0.21875 0.10078125 0.28125
0 0.4015625 0.3296875 0.0453125 0.0734375
0 0.49609375 0.33046875 0.04453125 0.06875
0 0.38828125 0.39609375 0.04375 0.06171875
0 0.80234375 0.3328125 0.0421875 0.06328125
0 0.4046875 0.04375 0.04921875 0.08203125
2 0.325 0.1359375 0.08203125 0.1265625
0 0.04765625 0.140625 0.0453125 0.0640625
0 0.23671875 0.04375 0.04375 0.06953125
0 0.7109375 0.33046875 0.04375 0.06875
0 0.38671875 0.5109375 0.04453125 0.0640625
0 0.34921875 0.2203125 0.0359375 0.053125
0 0.83828125 0.39609375 0.0390625 0.0625
1 0.92421875 0.21328125 0.02109375 0.07109375
2 0.77265625 0.41796875 0.0640625 0.1015625
2 0.66171875 0.2625 0.1359375 0.1640625
2 0.41953125 0.45625 0.10625 0.20390625
2 0.7296875 0.69609375 0.06171875 0.1078125
2 0.17265625 0.13671875 0.215625 0.1078125
2 0.53203125 0.2109375 0.12265625 0.26875
2 0.8265625 0.6671875 0.203125 0.15703125
0 0.00859375 0.2734375 0.0171875 0.046875
0 0.3265625 0.34609375 0.0875 0.18125