2 0.15703125 0.27421875 0.1703125 0.2265625
2 0.2109375 0.42109375 0.06171875 0.05859375
2 0.3296875 0.66015625 0.065625 0.078125
2 0.1359375 0.70078125 0.09609375 0.16171875
0 0.76640625 0.64296875 0.05546875 0.090625
0 0.28125 0.66953125 0.04296875 0.05625
2 0.128125 0.48828125 0.11171875 0.10859375
0 0.203125 0.5046875 0.04609375 0.0625
0 0.196875 0.18359375 0.03359375 0.05625
0 0.38671875 0.74140625 0.05625 0.08125
0 0.50625 0.515625 0.05390625 0.07265625
0 0.1671875 0.4171875 0.0375 0.04921875
1 0.06796875 0.49765625 0.0234375 0.096875
0 0.69921875 0.77578125 0.05078125 0.0671875
0 0.2265625 0.64609375 0.05078125 0.08671875
1 0.68125 0.8203125 0.06875 0.028125
1 0.353125 0.14296875 0.06640625 0.02890625
0 0.7640625 0.85234375 0.05703125 0.0859375
1 0.3625 0.6671875 0.0171875 0.05390625
1 0.8453125 0.8140625 0.07421875 0.034375
1 0.52265625 0.14296875 0.0640625 0.02734375
1 0.084375 0.71328125 0.01953125 0.08984375
1 0.671875 0.14375 0.0703125 0.03125
1 0.43203125 0.6109375 0.0640625 0.028125
1 0.890625 0.740625 0.0203125 0.1
1 0.9140625 0.49765625 0.025 0.09921875
1 0.5828125 0.6109375 0.06484375 0.02578125
1 0.82109375 0.1421875 0.06640625 0.03046875
2 0.83671875 0.715625 0.10625 0.20078125
2 0.765625 0.77578125 0.0640625 0.07578125
0 0.2046875 0.7140625 0.04375 0.0625
2 0.66953125 0.390625 0.378125 0.440625
0 0.765625 0.77734375 0.06171875 0.0765625
0 0.3171875 0.73984375 0.04921875 0.07578125
2 0.37421875 0.3109375 0.15703125 0.27421875