2 0.115625 0.61171875 0.15546875 0.4515625
2 0.71484375 0.6765625 0.1078125 0.33203125
2 0.64921875 0.35703125 0.0546875 0.115625
2 0.33828125 0.68671875 0.13359375 0.3421875
2 0.0765625 0.29921875 0.0875 0.175
2 0.23125 0.5703125 0.08046875 0.35390625
2 0.23125 0.80078125 0.07890625 0.11953125
2 0.56875 0.371875 0.10859375 0.290625
0 0.815625 0.89453125 0.034375 0.08515625
0 0.64140625 0.553125 0.03515625 0.08515625
2 0.365625 0.37578125 0.075 0.26484375
2 0.6484375 0.259375 0.05546875 0.09140625
0 0.71171875 0.5546875 0.034375 0.0921875
0 0.796875 0.17421875 0.03515625 0.078125
2 0.89375 0.3796875 0.15546875 0.2171875
1 0.9703125 0.62265625 0.0171875 0.0953125
0 0.60546875 0.471875 0.0390625 0.0765625
2 0.43984375 0.41484375 0.07578125 0.16953125
1 0.96953125 0.36640625 0.021875 0.171875
0 0.34453125 0.48203125 0.03125 0.08515625
0 0.10390625 0.34765625 0.0328125 0.07265625
2 0.83984375 0.4890625 0.0515625 0.05859375
0 0.38984375 0.3640625 0.02890625 0.06171875
0 0.83125 0.4234375 0.034375 0.07578125
0 0.63828125 0.4390625 0.02890625 0.06796875
0 0.2828125 0.4515625 0.02890625 0.06484375
0 0.28515625 0.5515625 0.0359375 0.08203125
0 0.24921875 0.7046875 0.03828125 0.0859375
1 0.57265625 0.21640625 0.059375 0.0390625
2 0.71640625 0.25703125 0.0796875 0.0921875
0 0.42734375 0.8875 0.03515625 0.075
2 0.15546875 0.33046875 0.0703125 0.1140625
2 0.58828125 0.69453125 0.14921875 0.3234375
1 0.715625 0.209375 0.03984375 0.03203125
1 0.90625 0.8625 0.04921875 0.0421875
0 0.38984375 0.29765625 0.02734375 0.05625
1 0.6078125 0.86640625 0.075 0.05
2 0.44296875 0.7296875 0.0796875 0.2109375
1 0.7234375 0.86796875 0.06328125 0.0453125
2 0.2984375 0.35859375 0.06015625 0.28984375
2 0.4390625 0.57265625 0.075 0.11796875
1 0.37734375 0.2109375 0.0484375 0.0359375
0 0.7953125 0.265625 0.034375 0.08125
2 0.92890625 0.58359375 0.08515625 0.13359375
2 0.43984375 0.2765625 0.075 0.10546875
2 0.5578125 0.540625 0.04921875 0.06015625
1 0.02578125 0.43203125 0.01640625 0.096875
2 0.2296875 0.25703125 0.071875 0.08203125
2 0.15546875 0.25234375 0.06953125 0.06484375
2 0.38125 0.57265625 0.0421875 0.11484375
1 0.85859375 0.86328125 0.05078125 0.03515625
1 0.66484375 0.72109375 0.02265625 0.15546875
0 0.4265625 0.6625 0.034375 0.07421875
1 0.36171875 0.85859375 0.0796875 0.04296875
0 0.24765625 0.8875 0.03203125 0.07109375
0 0.18359375 0.24296875 0.0203125 0.0484375
2 0.8703125 0.4890625 0.03046875 0.05234375
1 0.04609375 0.50234375 0.0203125 0.196875
1 0.9125 0.97265625 0.06640625 0.03046875