2 0.50703125 0.49453125 0.27734375 0.14140625
2 0.55859375 0.92734375 0.18984375 0.08828125
2 0.16875 0.4390625 0.1734375 0.11484375
0 0.52734375 0.71171875 0.09765625 0.065625
2 0.315625 0.4390625 0.11484375 0.11796875
2 0.72265625 0.28125 0.5015625 0.2875
0 0.6078125 0.47265625 0.090625 0.0546875
0 0.5328125 0.1453125 0.10078125 0.07421875
0 0.41875 0.91875 0.103125 0.0671875
2 0.725 0.47265625 0.1625 0.09765625
0 0.40234375 0.53828125 0.08125 0.05390625
2 0.88828125 0.46953125 0.16796875 0.10546875
0 0.6890625 0.61328125 0.09921875 0.065625
0 0.42734375 0.39296875 0.10078125 0.0703125
2 0.27265625 0.2453125 0.3921875 0.265625
0 0.40390625 0.44921875 0.08984375 0.053125
0 0.43125 0.67734375 0.09296875 0.05703125
0 0.21875 0.5125 0.06171875 0.04296875
2 0.2984375 0.5296875 0.140625 0.07109375
2 0.6046875 0.7640625 0.07265625 0.04609375
2 0.44609375 0.62578125 0.06015625 0.04609375
1 0.31328125 0.115625 0.21875 0.0265625
0 0.89296875 0.5359375 0.071875 0.04765625
2 0.88125 0.6234375 0.1828125 0.13125
2 0.3328125 0.62578125 0.06875 0.04296875
1 0.834375 0.79375 0.09453125 0.02734375
2 0.28125 0.71640625 0.40390625 0.15078125
0 0.52890625 0.81875 0.11171875 0.075
1 0.271875 0.79453125 0.13984375 0.0296875
1 0.73515625 0.79375 0.12734375 0.0265625
0 0.51796875 0.4953125 0.290625 0.13203125
2 0.38671875 0.6265625 0.1671875 0.04296875