2 0.49375 0.32265625 0.1234375 0.24921875
2 0.859375 0.696875 0.140625 0.271875
2 0.36796875 0.721875 0.14296875 0.2203125
2 0.4 0.5640625 0.06953125 0.10078125
0 0.8640625 0.3359375 0.0390625 0.065625
0 0.4171875 0.646875 0.04375 0.0703125
2 0.1828125 0.20546875 0.22109375 0.2234375
2 0.33203125 0.5609375 0.071875 0.09609375
0 0.5046875 0.409375 0.04375 0.07421875
2 0.36640625 0.33125 0.134375 0.24921875
0 0.8078125 0.59765625 0.04453125 0.071875
0 0.490625 0.74609375 0.046875 0.0828125
2 0.8015625 0.4546875 0.08515625 0.140625
0 0.41640625 0.47890625 0.0453125 0.075
0 0.903125 0.290625 0.046875 0.078125
0 0.49140625 0.86796875 0.04609375 0.08671875
0 0.34765625 0.48828125 0.0375 0.05859375
2 0.88359375 0.52109375 0.078125 0.0796875
0 0.25390625 0.778125 0.03515625 0.07578125
1 0.07109375 0.23828125 0.01796875 0.0828125
0 0.44921875 0.54296875 0.0390625 0.0625
2 0.88359375 0.4640625 0.07890625 0.20859375
1 0.496875 0.18984375 0.07109375 0.03515625
1 0.8546875 0.83515625 0.0578125 0.03515625
0 0.94921875 0.2921875 0.04765625 0.0734375
0 0.859375 0.41796875 0.0359375 0.0546875
2 0.65703125 0.365625 0.190625 0.3
0 0.5828125 0.24140625 0.03046875 0.05390625
1 0.7890625 0.18984375 0.05078125 0.02890625
1 0.64375 0.1921875 0.0578125 0.034375
2 0.81015625 0.28984375 0.10703125 0.16171875
1 0.15 0.09140625 0.0515625 0.0234375
1 0.2078125 0.0921875 0.0484375 0.0234375
2 0.815625 0.2390625 0.11484375 0.07578125
1 0.72109375 0.8359375 0.05546875 0.02890625
0 0.409375 0.1890625 0.02890625 0.03359375
1 0.36953125 0.19140625 0.0578125 0.03515625
2 0.16171875 0.54140625 0.1953125 0.42421875
2 0.79140625 0.19765625 0.05859375 0.03984375