2 0.5828125 0.34140625 0.13984375 0.12578125
2 0.72578125 0.33984375 0.1546875 0.12890625
2 0.24453125 0.45 0.16484375 0.08125
2 0.42421875 0.325 0.184375 0.096875
0 0.67265625 0.390625 0.04375 0.03046875
0 0.53359375 0.38828125 0.04375 0.02890625
0 0.49296875 0.36171875 0.04453125 0.0328125
2 0.56640625 0.49453125 0.46171875 0.1828125
1 0.40625 0.58828125 0.07578125 0.01796875
1 0.33203125 0.31796875 0.02578125 0.046875
0 0.36015625 0.471875 0.0453125 0.03125
0 0.45390625 0.41484375 0.03984375 0.0265625
1 0.5828125 0.2734375 0.071875 0.02109375
0 0.49921875 0.5734375 0.053125 0.04140625
1 0.3328125 0.38828125 0.0234375 0.028125
1 0.80390625 0.334375 0.0265625 0.05
1 0.803125 0.48046875 0.0265625 0.04921875
0 0.29921875 0.47265625 0.0359375 0.03125
2 0.4046875 0.4015625 0.13515625 0.0546875
1 0.64296875 0.5875 0.1328125 0.01484375