2 0.68984375 0.80234375 0.1703125 0.10859375
2 0.340625 0.65625 0.2984375 0.18203125
2 0.7734375 0.3859375 0.37421875 0.2328125
2 0.8421875 0.53046875 0.22890625 0.0671875
2 0.84609375 0.6859375 0.21875 0.11171875
0 0.69140625 0.5390625 0.0953125 0.04375
2 0.1390625 0.534375 0.2046875 0.1296875
2 0.1140625 0.70625 0.16796875 0.08671875
0 0.28203125 0.5375 0.09765625 0.0515625
0 0.56640625 0.815625 0.0921875 0.046875
0 0.5484375 0.76796875 0.09921875 0.053125
0 0.4421875 0.603125 0.10625 0.0484375
0 0.28828125 0.440625 0.08984375 0.04140625
2 0.184375 0.36640625 0.296875 0.17734375
0 0.15390625 0.64140625 0.0953125 0.0515625
1 0.13515625 0.74921875 0.075 0.01953125
2 0.546875 0.70625 0.09375 0.046875
0 0.63515625 0.234375 0.08984375 0.0578125
1 0.871875 0.74921875 0.13046875 0.01640625
0 0.70703125 0.6015625 0.09921875 0.05390625
1 0.7109375 0.2546875 0.0703125 0.01796875
0 0.54609375 0.70625 0.09375 0.05
1 0.484375 0.253125 0.07890625 0.01796875