2 0.69921875 0.40546875 0.18984375 0.22890625
2 0.2171875 0.31015625 0.28046875 0.1484375
0 0.14453125 0.40859375 0.05546875 0.071875
2 0.21171875 0.4921875 0.2875 0.21328125
2 0.840625 0.20546875 0.0875 0.22265625
0 0.8421875 0.4859375 0.0640625 0.0734375
0 0.47265625 0.2671875 0.053125 0.07109375
1 0.28984375 0.5953125 0.0875 0.0484375
0 0.14453125 0.63046875 0.05859375 0.0765625
1 0.05859375 0.49375 0.03671875 0.0765625
0 0.8546875 0.3390625 0.04296875 0.05703125
1 0.0609375 0.3140625 0.03984375 0.08125
0 0.81796875 0.39453125 0.0671875 0.1109375
0 0.834375 0.65 0.0671875 0.0765625
1 0.4046875 0.85703125 0.025 0.11015625
1 0.68125 0.521875 0.07890625 0.0265625
2 0.50546875 0.40859375 0.2046875 0.23515625
1 0.40625 0.17734375 0.02578125 0.10078125
1 0.40546875 0.63984375 0.025 0.10078125
1 0.40546875 0.40546875 0.0265625 0.11484375
2 0.55546875 0.18125 0.30234375 0.20859375
2 0.3296875 0.38984375 0.05 0.11328125
1 0.64609375 0.29140625 0.0765625 0.025
1 0.79453125 0.853125 0.0265625 0.10859375
0 0.8109375 0.428125 0.040625 0.0390625
0 0.83359375 0.4421875 0.0640625 0.1625