2 0.753125 0.5078125 0.20078125 0.14375
2 0.35390625 0.51953125 0.10234375 0.1375
2 0.71015625 0.6890625 0.10703125 0.1421875
2 0.88203125 0.71484375 0.15390625 0.10859375
0 0.7875 0.4328125 0.0359375 0.0734375
2 0.4953125 0.53984375 0.09140625 0.10546875
0 0.47890625 0.47421875 0.03046875 0.0359375
0 0.4234375 0.6046875 0.0375 0.046875
2 0.90234375 0.50546875 0.10859375 0.14453125
0 0.79140625 0.6484375 0.02890625 0.03515625
0 0.38828125 0.47265625 0.03828125 0.040625
0 0.82265625 0.6796875 0.03828125 0.04453125
0 0.53125 0.6703125 0.03359375 0.04296875
0 0.34296875 0.46796875 0.0296875 0.03359375
0 0.7109375 0.63359375 0.0296875 0.0359375
0 0.5296875 0.5265625 0.0328125 0.03125
2 0.78671875 0.71328125 0.04609375 0.1078125
1 0.35625 0.58828125 0.09453125 0.02734375
2 0.33515625 0.43203125 0.075 0.0515625
0 0.2671875 0.48046875 0.04609375 0.034375
0 0.42265625 0.55 0.04140625 0.04296875
1 0.71171875 0.43359375 0.09921875 0.025
0 0.75 0.63828125 0.0390625 0.0390625
2 0.5703125 0.540625 0.071875 0.0984375
1 0.71640625 0.7640625 0.075 0.03125
2 0.575 0.621875 0.05703125 0.0625
2 0.70703125 0.59921875 0.10625 0.04140625
2 0.78671875 0.6796875 0.04375 0.0421875