2 0.64609375 0.6328125 0.328125 0.23125
2 0.0890625 0.63515625 0.12578125 0.209375
2 0.26484375 0.64375 0.221875 0.20234375
2 0.87578125 0.63046875 0.14765625 0.22421875
2 0.8765625 0.45234375 0.1515625 0.11796875
2 0.65 0.403125 0.31953125 0.228125
2 0.271875 0.39609375 0.228125 0.215625
2 0.43828125 0.40234375 0.1140625 0.08515625
0 0.875 0.775 0.06796875 0.0765625
0 0.565625 0.253125 0.0671875 0.0796875
0 0.459375 0.471875 0.06796875 0.065625
0 0.77421875 0.596875 0.0734375 0.06875
0 0.08125 0.77265625 0.06796875 0.0671875
0 0.41796875 0.77265625 0.06640625 0.07265625
0 0.35625 0.471875 0.071875 0.06328125
0 0.3546875 0.590625 0.0671875 0.0671875
2 0.884375 0.33984375 0.1515625 0.12109375
2 0.434375 0.325 0.10859375 0.0765625
2 0.0765625 0.40234375 0.12109375 0.27109375
1 0.26875 0.75078125 0.1015625 0.034375
1 0.53984375 0.7484375 0.0703125 0.02890625
1 0.60078125 0.74765625 0.06796875 0.03203125
1 0.31171875 0.28046875 0.103125 0.034375
0 0.853125 0.53515625 0.05234375 0.05546875
1 0.63984375 0.2828125 0.08125 0.028125
1 0.66484375 0.52421875 0.121875 0.0390625
1 0.71796875 0.28671875 0.078125 0.025
1 0.30703125 0.74609375 0.040625 0.034375
2 0.31171875 0.28046875 0.1046875 0.034375