2 0.29296875 0.3453125 0.1921875 0.13984375
2 0.6671875 0.37578125 0.10546875 0.18203125
2 0.56640625 0.353125 0.1015625 0.14765625
2 0.6546875 0.571875 0.1359375 0.18984375
2 0.540625 0.56953125 0.08671875 0.1875
2 0.428125 0.35234375 0.059375 0.13671875
2 0.4890625 0.35390625 0.053125 0.1375
0 0.6015625 0.40703125 0.0484375 0.03359375
0 0.60078125 0.4953125 0.0484375 0.03359375
0 0.53125 0.64921875 0.0515625 0.03984375
0 0.41328125 0.49296875 0.053125 0.03515625
0 0.51171875 0.49375 0.0453125 0.03203125
0 0.37890625 0.7671875 0.07890625 0.0328125
0 0.246875 0.52890625 0.05390625 0.034375
2 0.41953125 0.5671875 0.1515625 0.109375
0 0.3765625 0.40546875 0.046875 0.0328125
0 0.63125 0.4515625 0.046875 0.0296875
0 0.4625 0.65 0.053125 0.03828125
0 0.50078125 0.409375 0.04296875 0.0296875
0 0.621875 0.65390625 0.07734375 0.034375
1 0.1921875 0.34921875 0.01640625 0.11484375
0 0.4328125 0.28046875 0.04296875 0.03125
0 0.5671875 0.28515625 0.04453125 0.02734375
1 0.434375 0.7328125 0.0203125 0.06640625
1 0.72109375 0.3921875 0.02578125 0.05078125
0 0.41328125 0.4078125 0.04453125 0.03046875
1 0.721875 0.553125 0.02421875 0.046875
0 0.25078125 0.76875 0.0796875 0.0328125
2 0.26875 0.67109375 0.13828125 0.1984375
1 0.196875 0.66953125 0.03203125 0.053125
0 0.49375 0.284375 0.03984375 0.02578125
2 0.2640625 0.48828125 0.084375 0.02890625
1 0.4953125 0.2796875 0.04609375 0.021875
2 0.38671875 0.7015625 0.0953125 0.14609375