2 0.27109375 0.309375 0.1921875 0.35703125
2 0.42265625 0.265625 0.115625 0.2703125
2 0.7265625 0.784375 0.128125 0.24921875
2 0.70390625 0.57578125 0.0796875 0.1796875
2 0.85390625 0.30859375 0.17890625 0.38046875
2 0.221875 0.5734375 0.09765625 0.19296875
0 0.625 0.703125 0.04140625 0.096875
2 0.96796875 0.3046875 0.06328125 0.36875
0 0.765625 0.69609375 0.03515625 0.08984375
0 0.38125 0.353125 0.03984375 0.084375
2 0.70625 0.428125 0.07265625 0.13984375
0 0.65078125 0.39765625 0.0390625 0.08203125
0 0.7234375 0.9375 0.04921875 0.1
0 0.24140625 0.45078125 0.03203125 0.07109375
0 0.28828125 0.62109375 0.0359375 0.08671875
2 0.58515625 0.290625 0.1421875 0.340625
0 0.159375 0.35625 0.03828125 0.07890625
0 0.36875 0.4796875 0.02421875 0.078125
0 0.778125 0.203125 0.03046875 0.078125
2 0.11328125 0.265625 0.12421875 0.275
2 0.7171875 0.271875 0.0984375 0.234375
0 0.70625 0.496875 0.03359375 0.05859375
0 0.159375 0.43125 0.03671875 0.0765625
2 0.58671875 0.56953125 0.1484375 0.1953125
1 0.30234375 0.484375 0.05546875 0.03046875
0 0.778125 0.171875 0.02578125 0.07578125