2 0.08359375 0.70703125 0.1203125 0.228125
2 0.08125 0.44453125 0.12265625 0.29375
2 0.5890625 0.55625 0.159375 0.2375
2 0.71328125 0.62421875 0.09140625 0.09765625
2 0.17265625 0.7578125 0.06171875 0.11484375
2 0.8375 0.62265625 0.08359375 0.0953125
0 0.715625 0.5484375 0.04296875 0.0671875
2 0.28828125 0.20390625 0.0734375 0.16640625
2 0.26015625 0.47109375 0.08671875 0.1140625
2 0.21875 0.61328125 0.15859375 0.175
0 0.23046875 0.8546875 0.04140625 0.07890625
0 0.65234375 0.5390625 0.04375 0.06484375
0 0.18515625 0.49609375 0.0375 0.0640625
0 0.19609375 0.25546875 0.03984375 0.0640625
1 0.48203125 0.66953125 0.02265625 0.09609375
0 0.19921875 0.36171875 0.0390625 0.06171875
1 0.48046875 0.4390625 0.02265625 0.09140625
0 0.2296875 0.20546875 0.0375 0.065625
1 0.97265625 0.54921875 0.0234375 0.1125
0 0.2203125 0.73359375 0.0421875 0.06640625
0 0.125 0.55859375 0.03984375 0.06015625
0 0.83828125 0.54375 0.04140625 0.06796875
0 0.12578125 0.625 0.03984375 0.06640625
0 0.2375 0.384375 0.03671875 0.06328125
1 0.39921875 0.82421875 0.06328125 0.03828125
1 0.51484375 0.54921875 0.01953125 0.09921875
1 0.3765625 0.28984375 0.053125 0.040625
1 0.07109375 0.28984375 0.046875 0.03359375
1 0.1 0.825 0.05546875 0.03828125
2 0.284375 0.7421875 0.03671875 0.12421875
2 0.8984375 0.54921875 0.14453125 0.23671875
1 0.17109375 0.82265625 0.02421875 0.028125
1 0.325 0.19609375 0.015625 0.046875
1 0.02265625 0.5265625 0.01796875 0.05546875
2 0.18125 0.40546875 0.075 0.2296875
2 0.77578125 0.72109375 0.0359375 0.13671875
2 0.1546875 0.50078125 0.02890625 0.05
2 0.178125 0.19453125 0.14375 0.18203125
2 0.2609375 0.35703125 0.0875 0.11875
2 0.3921875 0.5546875 0.1765625 0.5390625
2 0.7453125 0.5 0.15546875 0.146875