2 0.42109375 0.5671875 0.11796875 0.11171875
2 0.60234375 0.10390625 0.09921875 0.06875
2 0.140625 0.21796875 0.11171875 0.1515625
2 0.49765625 0.1125 0.11796875 0.07890625
2 0.14296875 0.11171875 0.10390625 0.06484375
2 0.3578125 0.121875 0.171875 0.08515625
2 0.2375 0.125 0.0734375 0.08359375
2 0.16484375 0.490625 0.16171875 0.15234375
0 0.71171875 0.63828125 0.05546875 0.04140625
2 0.7234375 0.10234375 0.15234375 0.0703125
2 0.84609375 0.709375 0.11640625 0.1625
2 0.59453125 0.26171875 0.1046875 0.09765625
0 0.803125 0.6390625 0.034375 0.0328125
2 0.12890625 0.8453125 0.11171875 0.10546875
1 0.1609375 0.89765625 0.04921875 0.01328125
2 0.184375 0.5921875 0.11640625 0.05859375