2 0.52890625 0.24609375 0.19140625 0.09453125
2 0.240625 0.28359375 0.1375 0.12109375
2 0.36953125 0.246875 0.121875 0.0953125
2 0.26328125 0.37265625 0.0890625 0.03671875
0 0.2875 0.31484375 0.04765625 0.03046875
0 0.32734375 0.47421875 0.04453125 0.03046875
2 0.57265625 0.34453125 0.21875 0.10390625
0 0.36484375 0.28125 0.04140625 0.03046875
0 0.5 0.31015625 0.0453125 0.03125
2 0.26015625 0.475 0.0953125 0.034375
0 0.45625 0.27890625 0.0453125 0.03359375
0 0.534375 0.5109375 0.053125 0.034375
0 0.325 0.409375 0.0421875 0.02890625
0 0.41875 0.3765625 0.03984375 0.028125
2 0.45078125 0.44296875 0.1984375 0.09921875
1 0.63125 0.240625 0.02421875 0.05078125
1 0.6828125 0.35234375 0.02890625 0.0671875
2 0.31328125 0.6703125 0.265625 0.11796875
0 0.3671875 0.20078125 0.040625 0.02734375
1 0.44765625 0.67421875 0.03203125 0.08828125
1 0.55703125 0.4578125 0.02265625 0.065625
0 0.2171875 0.46640625 0.02578125 0.02265625
2 0.25 0.4234375 0.0765625 0.06015625
1 0.2125 0.37109375 0.01875 0.0234375
2 0.40234375 0.3390625 0.09609375 0.02890625
1 0.5078125 0.61171875 0.10078125 0.01484375
0 0.2421875 0.225 0.0640625 0.02421875
2 0.3921875 0.55078125 0.33828125 0.1296875