2 0.43359375 0.5765625 0.26171875 0.1796875
2 0.48203125 0.4203125 0.08203125 0.1296875
2 0.6359375 0.52890625 0.13125 0.1828125
2 0.36796875 0.4234375 0.13125 0.13125
0 0.5484375 0.5640625 0.03203125 0.04765625
0 0.54296875 0.65234375 0.0421875 0.05
0 0.4203125 0.475 0.03359375 0.04453125
0 0.371875 0.6625 0.0515625 0.0453125
0 0.48203125 0.66171875 0.0328125 0.05
0 0.5046875 0.44765625 0.03359375 0.04375
0 0.6171875 0.446875 0.034375 0.05390625
1 0.29453125 0.58046875 0.01875 0.078125
0 0.63984375 0.6140625 0.0453125 0.0453125
1 0.29765625 0.4140625 0.01640625 0.071875
1 0.48046875 0.3515625 0.0296875 0.02578125
1 0.7109375 0.55390625 0.01875 0.071875
2 0.5453125 0.46171875 0.03125 0.07734375
0 0.6171875 0.48046875 0.0328125 0.040625
1 0.7109375 0.4625 0.01640625 0.0421875
0 0.5078125 0.4734375 0.03125 0.03828125
2 0.54765625 0.4640625 0.03515625 0.05078125