2 0.1 0.715625 0.1625 0.29140625
2 0.1359375 0.51640625 0.09140625 0.13515625
2 0.13671875 0.30546875 0.09140625 0.28359375
2 0.83359375 0.5140625 0.15625 0.50234375
2 0.596875 0.4453125 0.1578125 0.36953125
0 0.5984375 0.73671875 0.03515625 0.0796875
0 0.1640625 0.3875 0.04296875 0.0890625
2 0.221875 0.59375 0.08515625 0.2125
2 0.7171875 0.61171875 0.0796875 0.23515625
0 0.778125 0.28359375 0.0328125 0.08125
0 0.659375 0.44609375 0.04453125 0.090625
0 0.1359375 0.115625 0.04375 0.10234375
0 0.16328125 0.63046875 0.03828125 0.08828125
0 0.6546875 0.28125 0.03203125 0.07890625
1 0.3359375 0.159375 0.07578125 0.05
0 0.7734375 0.446875 0.0421875 0.090625
1 0.09375 0.86171875 0.07421875 0.04296875
0 0.6359375 0.6609375 0.03359375 0.08046875
2 0.059375 0.2171875 0.0703125 0.11328125
0 0.1984375 0.50078125 0.0375 0.0796875
0 0.11015625 0.3921875 0.04375 0.09140625
2 0.0578125 0.4078125 0.06796875 0.25
2 0.3375 0.73828125 0.14375 0.23125
1 0.515625 0.45234375 0.02109375 0.12734375
0 0.7140625 0.4609375 0.0421875 0.08984375
1 0.9109375 0.5625 0.02265625 0.128125
1 0.33671875 0.8625 0.075 0.03828125
2 0.44453125 0.5015625 0.06953125 0.25703125
2 0.71640625 0.40390625 0.08046875 0.12265625
1 0.4484375 0.65234375 0.046875 0.03515625
0 0.93203125 0.4609375 0.03984375 0.0796875
0 0.215625 0.746875 0.04453125 0.1046875
2 0.93203125 0.46171875 0.0390625 0.08046875
1 0.4484375 0.36640625 0.04921875 0.0390625
1 0.515625 0.56796875 0.01953125 0.1125
1 0.48125 0.4546875 0.01796875 0.1203125
1 0.48125 0.559375 0.0171875 0.11796875
2 0.21953125 0.7578125 0.0671875 0.1234375
1 0.0203125 0.42890625 0.0140625 0.0640625
2 0.95078125 0.50859375 0.071875 0.2953125
0 0.45 0.3078125 0.04296875 0.109375
0 0.71484375 0.43671875 0.06015625 0.13359375
1 0.94921875 0.66171875 0.06796875 0.03828125