2 0.18203125 0.3484375 0.11328125 0.25859375
2 0.66953125 0.6484375 0.134375 0.24765625
2 0.671875 0.40625 0.1359375 0.240625
2 0.92421875 0.42265625 0.1234375 0.42578125
2 0.090625 0.2859375 0.07734375 0.1546875
2 0.11015625 0.73515625 0.12109375 0.22734375
0 0.84765625 0.41328125 0.040625 0.0796875
2 0.921875 0.69453125 0.125 0.13671875
0 0.72109375 0.47890625 0.04140625 0.07421875
0 0.26640625 0.17890625 0.03828125 0.08046875
0 0.10859375 0.640625 0.03671875 0.07578125
2 0.15 0.54296875 0.0453125 0.134375
0 0.15703125 0.69296875 0.03828125 0.07734375
0 0.90390625 0.1765625 0.0359375 0.07734375
0 0.21640625 0.70078125 0.03828125 0.08359375
0 0.72109375 0.5609375 0.03828125 0.07109375
2 0.090625 0.4828125 0.07734375 0.24765625
0 0.88515625 0.60859375 0.0328125 0.07265625
0 0.1890625 0.56640625 0.03671875 0.0734375
0 0.20546875 0.8828125 0.04140625 0.090625
0 0.11328125 0.39140625 0.0328125 0.071875
2 0.36796875 0.69296875 0.1203125 0.3078125
2 0.76328125 0.72109375 0.053125 0.22421875
0 0.0390625 0.70390625 0.03671875 0.07734375
2 0.26953125 0.60078125 0.075 0.109375
1 0.60703125 0.590625 0.01796875 0.09765625
2 0.80078125 0.40078125 0.12578125 0.38046875
1 0.60625 0.4546875 0.01640625 0.09140625
0 0.78125 0.609375 0.03359375 0.08515625
1 0.42890625 0.58828125 0.015625 0.09375
1 0.984375 0.59140625 0.01796875 0.07421875
0 0.440625 0.41171875 0.0328125 0.065625
0 0.22265625 0.35 0.03203125 0.1140625
1 0.109375 0.85 0.0453125 0.03359375
1 0.384375 0.2109375 0.0453125 0.040625
1 0.98515625 0.44453125 0.0171875 0.07578125
2 0.3546875 0.36328125 0.15078125 0.29765625
1 0.60703125 0.32421875 0.01640625 0.0671875
1 0.6046875 0.728125 0.015625 0.06796875
2 0.49609375 0.534375 0.0703125 0.2078125
0 0.440625 0.4578125 0.0296875 0.06015625
1 0.771875 0.83671875 0.03515625 0.03671875
1 0.3421875 0.2109375 0.0453125 0.03671875
1 0.37109375 0.84921875 0.04296875 0.03828125
2 0.203125 0.7875 0.06953125 0.109375
1 0.984375 0.71484375 0.01640625 0.071875
1 0.9421875 0.20703125 0.03515625 0.03203125
1 0.7953125 0.2109375 0.03359375 0.0328125
1 0.5359375 0.66484375 0.01640625 0.0765625
1 0.53671875 0.39140625 0.015625 0.07421875
2 0.4890625 0.3859375 0.09453125 0.1171875
1 0.98515625 0.31484375 0.0140625 0.05546875
1 0.1875 0.21171875 0.04375 0.0328125
1 0.53671875 0.45703125 0.01640625 0.0828125
1 0.53671875 0.5203125 0.0171875 0.0875
0 0.721875 0.51953125 0.0375 0.14453125
2 0.80859375 0.70703125 0.03515625 0.10390625