2 0.259375 0.171875 0.2296875 0.2015625
2 0.4609375 0.31640625 0.1734375 0.1875
2 0.68828125 0.80546875 0.16875 0.1828125
2 0.778125 0.1375 0.146875 0.128125
2 0.4375 0.625 0.13125 0.13515625
2 0.68984375 0.63828125 0.16640625 0.16015625
2 0.915625 0.11015625 0.1296875 0.0765625
2 0.46015625 0.14921875 0.1703125 0.15546875
2 0.5546875 0.62578125 0.10703125 0.13046875
2 0.89140625 0.32265625 0.17578125 0.175
2 0.55078125 0.76796875 0.09609375 0.15546875
2 0.40234375 0.77265625 0.059375 0.0546875
0 0.8671875 0.1765625 0.04453125 0.04140625
2 0.4046875 0.84375 0.05703125 0.0875
0 0.625 0.8171875 0.0546875 0.0515625
0 0.9171875 0.1625 0.03515625 0.0375
0 0.21953125 0.33515625 0.05078125 0.046875
2 0.64765625 0.18828125 0.1265625 0.2390625
1 0.6984375 0.5578125 0.0859375 0.03046875
1 0.46796875 0.0703125 0.0796875 0.02265625
0 0.76875 0.284375 0.03671875 0.0421875
2 0.7625 0.234375 0.059375 0.0671875
2 0.33984375 0.290625 0.0796875 0.04453125
1 0.66484375 0.9015625 0.09140625 0.03203125
0 0.13203125 0.38203125 0.05 0.04453125
1 0.146875 0.165625 0.0296875 0.09375
1 0.78046875 0.0703125 0.09296875 0.02265625
0 0.36015625 0.35546875 0.04921875 0.04375
0 0.47265625 0.7078125 0.046875 0.05390625
0 0.4625 0.87734375 0.0484375 0.05078125
0 0.48828125 0.6625 0.04609375 0.04140625
0 0.34140625 0.3265625 0.0359375 0.0375
1 0.4484375 0.5578125 0.08359375 0.025
0 0.825 0.309375 0.0421875 0.04375
1 0.9828125 0.240625 0.0234375 0.084375
0 0.44375 0.71875 0.0359375 0.03671875
0 0.446875 0.7734375 0.040625 0.03671875
1 0.228125 0.0703125 0.0828125 0.025
0 0.44765625 0.82734375 0.03671875 0.0375
2 0.40234375 0.71796875 0.06328125 0.0546875
1 0.58203125 0.24140625 0.0265625 0.08359375
1 0.57265625 0.559375 0.06328125 0.021875
1 0.546875 0.31328125 0.02890625 0.084375
1 0.34609375 0.41015625 0.0421875 0.02109375
0 0.5890625 0.86875 0.05 0.04453125
0 0.3015625 0.453125 0.0484375 0.04765625
1 0.43515625 0.40859375 0.08359375 0.02890625
2 0.696875 0.3546875 0.22890625 0.11015625
1 0.68984375 0.7171875 0.1328125 0.025
1 0.17109375 0.48671875 0.04296875 0.0203125
1 0.1953125 0.48828125 0.084375 0.0234375
2 0.225 0.2890625 0.1546875 0.04453125
1 0.09140625 0.45 0.05234375 0.01875
2 0.2875 0.359375 0.16875 0.1015625
1 0.25703125 0.4875 0.046875 0.0203125