2 0.6015625 0.14609375 0.41484375 0.16875
2 0.20078125 0.24140625 0.40078125 0.18125
2 0.80234375 0.38515625 0.36328125 0.2015625
2 0.62265625 0.44140625 0.15703125 0.0890625
0 0.31328125 0.1546875 0.1234375 0.09765625
2 0.89296875 0.2140625 0.18984375 0.1453125
0 0.65625 0.3109375 0.12578125 0.05390625
0 0.5234375 0.20390625 0.1296875 0.06328125
2 0.89921875 0.86875 0.196875 0.17109375
1 0.6140625 0.059375 0.20859375 0.028125
0 0.7484375 0.83125 0.14765625 0.06015625
0 0.8421875 0.15625 0.0890625 0.05546875
1 0.16640625 0.15 0.1875 0.0328125
0 0.57109375 0.26953125 0.08984375 0.04609375
0 0.52578125 0.4140625 0.09140625 0.040625
0 0.47265625 0.5046875 0.12421875 0.065625
1 0.8078125 0.48359375 0.203125 0.03046875
1 0.21171875 0.5703125 0.27421875 0.03203125
2 0.89453125 0.103125 0.18125 0.0953125
0 0.6390625 0.2671875 0.08203125 0.0453125
0 0.49453125 0.40859375 0.09453125 0.040625
2 0.9015625 0.5421875 0.1703125 0.065625
2 0.19765625 0.45078125 0.39453125 0.24453125