2 0.4234375 0.76328125 0.17265625 0.2328125
2 0.0921875 0.6703125 0.13671875 0.41484375
2 0.2828125 0.73359375 0.1046875 0.27265625
2 0.6765625 0.74140625 0.1234375 0.2671875
2 0.18359375 0.24296875 0.10390625 0.21328125
2 0.18046875 0.40546875 0.10546875 0.121875
2 0.53046875 0.76640625 0.04921875 0.11328125
2 0.8 0.7390625 0.12578125 0.26328125
2 0.75 0.4765625 0.23203125 0.26484375
2 0.57265625 0.44375 0.134375 0.20859375
2 0.078125 0.284375 0.11015625 0.2859375
2 0.43125 0.44375 0.14453125 0.19609375
2 0.29609375 0.53125 0.12109375 0.14453125
2 0.421875 0.59296875 0.04609375 0.10703125
0 0.3515625 0.67421875 0.03828125 0.059375
0 0.58671875 0.853125 0.0421875 0.07265625
0 0.63359375 0.6765625 0.04375 0.06484375
2 0.5828125 0.7640625 0.059375 0.11484375
0 0.75625 0.63828125 0.04296875 0.0671875
0 0.3796875 0.3125 0.040625 0.0765625
0 0.18828125 0.32109375 0.0375 0.0609375
0 0.5390625 0.69609375 0.03203125 0.05234375
0 0.21796875 0.57109375 0.0375 0.05546875
0 0.371875 0.40390625 0.03125 0.04453125
0 0.0765625 0.43203125 0.04453125 0.071875
1 0.68515625 0.87734375 0.08125 0.04296875
0 0.296875 0.44296875 0.0265625 0.0421875
0 0.56484375 0.509375 0.04453125 0.0828125
0 0.24765625 0.275 0.0359375 0.059375
2 0.303125 0.40078125 0.10703125 0.12734375
2 0.0890625 0.9125 0.1046875 0.0875
0 0.19921875 0.89765625 0.03671875 0.05703125
0 0.4546875 0.590625 0.028125 0.0421875
1 0.36015625 0.87578125 0.05703125 0.0296875
1 0.78359375 0.87421875 0.08046875 0.040625
1 0.08046875 0.1359375 0.040625 0.03359375
1 0.29375 0.8734375 0.071875 0.03359375
1 0.1734375 0.13671875 0.040625 0.03125
0 0.08984375 0.909375 0.1046875 0.0890625
2 0.61484375 0.41015625 0.0453125 0.1453125
0 0.56484375 0.48359375 0.0609375 0.12890625
0 0.1890625 0.27734375 0.07421875 0.15078125
0 0.2609375 0.27890625 0.0203125 0.03515625
2 0.26171875 0.41328125 0.05078125 0.1046875