2 0.69609375 0.18515625 0.40546875 0.17890625
2 0.25 0.19765625 0.38828125 0.2
2 0.765625 0.4390625 0.25625 0.14375
2 0.134375 0.6640625 0.15625 0.11640625
2 0.56796875 0.3484375 0.1265625 0.090625
2 0.1171875 0.3265625 0.10703125 0.08046875
0 0.11640625 0.5328125 0.09921875 0.059375
0 0.6828125 0.38515625 0.09609375 0.05
2 0.3625 0.3453125 0.1578125 0.04765625
0 0.6796875 0.253125 0.1015625 0.05
1 0.3 0.0984375 0.17578125 0.03125
0 0.13046875 0.5859375 0.09296875 0.04609375
1 0.77109375 0.096875 0.15625 0.03125
0 0.1703125 0.07578125 0.1 0.0546875
0 0.67109375 0.1140625 0.084375 0.053125
2 0.25625 0.440625 0.409375 0.13984375
1 0.26875 0.51171875 0.15546875 0.025
0 0.67265625 0.33203125 0.0859375 0.05078125
2 0.5703125 0.28671875 0.12734375 0.0328125
2 0.5875 0.4234375 0.1015625 0.06171875
1 0.77265625 0.5109375 0.15703125 0.02578125
1 0.57109375 0.5078125 0.09453125 0.02109375
0 0.13515625 0.6609375 0.15390625 0.11875
0 0.5859375 0.4234375 0.10078125 0.05859375
0 0.73359375 0.109375 0.1484375 0.0453125