2 0.15234375 0.19375 0.1984375 0.2359375
2 0.2875 0.834375 0.075 0.1140625
2 0.68203125 0.85 0.11796875 0.1515625
2 0.82890625 0.478125 0.16640625 0.20546875
2 0.6828125 0.56484375 0.11015625 0.08828125
0 0.2171875 0.6765625 0.05078125 0.06640625
0 0.21484375 0.28203125 0.05703125 0.0734375
0 0.6421875 0.57109375 0.04609375 0.0546875
0 0.2875 0.7515625 0.05 0.06171875
2 0.8296875 0.66875 0.16796875 0.16953125
0 0.7734375 0.47109375 0.0515625 0.06171875
1 0.9109375 0.8484375 0.021875 0.0734375
1 0.5203125 0.921875 0.0984375 0.0328125
2 0.15234375 0.83359375 0.18828125 0.16953125
2 0.68046875 0.69296875 0.1125 0.16796875
1 0.1546875 0.91796875 0.09765625 0.03203125
1 0.05546875 0.19453125 0.0265625 0.128125
2 0.1921875 0.471875 0.275 0.28203125
2 0.2984375 0.3765625 0.07578125 0.1265625
2 0.53203125 0.6265625 0.1875 0.15546875
0 0.3765625 0.921875 0.05078125 0.07109375
1 0.909375 0.47890625 0.0203125 0.075
1 0.678125 0.521875 0.0578125 0.0296875
0 0.590625 0.540625 0.0515625 0.09609375
2 0.51953125 0.825 0.196875 0.20546875
1 0.54609375 0.2765625 0.02890625 0.1265625
2 0.371875 0.83359375 0.09765625 0.1140625
1 0.54765625 0.17265625 0.03125 0.115625
2 0.14453125 0.659375 0.16953125 0.0921875
2 0.11875 0.35546875 0.1234375 0.09140625
1 0.68515625 0.93046875 0.04609375 0.040625
0 0.2234375 0.7375 0.04453125 0.06171875
1 0.546875 0.2359375 0.03515625 0.2375
1 0.05546875 0.4421875 0.021875 0.12421875
1 0.5828125 0.7046875 0.05625 0.0234375