2 0.559375 0.34453125 0.19453125 0.41484375
2 0.7890625 0.70390625 0.13828125 0.221875
2 0.90703125 0.7 0.0890625 0.2046875
2 0.54765625 0.8578125 0.0640625 0.228125
2 0.62265625 0.871875 0.08046875 0.1953125
0 0.60859375 0.5171875 0.05234375 0.11015625
0 0.690625 0.5390625 0.046875 0.11328125
0 0.56171875 0.7078125 0.04140625 0.1078125
0 0.7015625 0.70703125 0.046875 0.096875
0 0.22890625 0.6359375 0.05859375 0.11640625
0 0.84453125 0.66875 0.0421875 0.08359375
0 0.62890625 0.75390625 0.046875 0.0828125
2 0.71796875 0.8921875 0.0953125 0.1484375
1 0.41953125 0.16328125 0.04921875 0.0671875