2 0.1890625 0.2515625 0.13125 0.19921875
2 0.1890625 0.5296875 0.13125 0.19609375
2 0.16328125 0.390625 0.075 0.08203125
0 0.62265625 0.375 0.04375 0.05625
2 0.3140625 0.23125 0.1234375 0.1546875
0 0.32109375 0.56953125 0.046875 0.0578125
0 0.7234375 0.2484375 0.0375 0.046875
0 0.35859375 0.2953125 0.03828125 0.04296875
0 0.21953125 0.39765625 0.0484375 0.05625
0 0.228125 0.3265625 0.04765625 0.05625
2 0.42109375 0.3109375 0.0984375 0.08203125
0 0.2796875 0.325 0.046875 0.05625
2 0.73203125 0.1953125 0.06171875 0.06640625
0 0.48984375 0.23828125 0.04140625 0.04765625
0 0.32109375 0.64609375 0.04453125 0.059375
1 0.49921875 0.66875 0.05625 0.02421875
0 0.69765625 0.38046875 0.05 0.05625
1 0.27734375 0.73828125 0.01796875 0.0765625
0 0.634375 0.11875 0.046875 0.04765625
0 0.61015625 0.5890625 0.04453125 0.05078125
1 0.44765625 0.66953125 0.05546875 0.025
1 0.30625 0.14765625 0.0640625 0.0234375
1 0.8359375 0.56875 0.02109375 0.065625
1 0.7390625 0.6234375 0.0515625 0.02109375
0 0.7859375 0.25 0.040625 0.05234375
1 0.1953125 0.62265625 0.05234375 0.02265625
2 0.6359375 0.2125 0.13359375 0.11953125
1 0.54453125 0.66875 0.04140625 0.02265625
1 0.64296875 0.81328125 0.01640625 0.07421875
2 0.80078125 0.190625 0.078125 0.075
2 0.73828125 0.5328125 0.18046875 0.18359375
1 0.196875 0.14765625 0.0546875 0.025
0 0.55234375 0.31953125 0.0390625 0.04921875
0 0.609375 0.6484375 0.04375 0.05625
2 0.54375 0.20078125 0.05546875 0.08125
0 0.22421875 0.3546875 0.0484375 0.115625
2 0.51640625 0.2015625 0.103125 0.0875