2 0.19140625 0.26796875 0.246875 0.1140625
2 0.51796875 0.4921875 0.30234375 0.19765625
2 0.2234375 0.4875 0.30703125 0.2078125
2 0.89375 0.3890625 0.13984375 0.07421875
0 0.2015625 0.3421875 0.0921875 0.046875
2 0.89140625 0.5484375 0.1375 0.084375
0 0.62890625 0.43359375 0.121875 0.04921875
0 0.2640625 0.403125 0.090625 0.0484375
2 0.82578125 0.1296875 0.26875 0.11796875
1 0.4546875 0.12890625 0.22265625 0.025
0 0.8734375 0.4421875 0.08828125 0.04453125
0 0.73828125 0.6140625 0.09921875 0.0578125
0 0.6375 0.1296875 0.08984375 0.090625
0 0.90390625 0.734375 0.09453125 0.053125
1 0.23359375 0.58984375 0.17109375 0.02890625
2 0.503125 0.26015625 0.39375 0.25390625
0 0.740625 0.52265625 0.12265625 0.0546875
1 0.0765625 0.44453125 0.0578125 0.08125
1 0.52734375 0.58828125 0.19453125 0.02890625
1 0.83046875 0.07265625 0.17109375 0.02578125
0 0.1375 0.22421875 0.0671875 0.04140625
0 0.8 0.5234375 0.075 0.0421875
2 0.834375 0.209375 0.25390625 0.26640625
1 0.73984375 0.98046875 0.05703125 0.01328125