2 0.48359375 0.2390625 0.225 0.3109375
2 0.4484375 0.56875 0.16015625 0.3296875
2 0.72109375 0.21640625 0.17109375 0.24296875
2 0.69921875 0.63828125 0.13125 0.20390625
2 0.14609375 0.4859375 0.07734375 0.14765625
2 0.56015625 0.55703125 0.0671875 0.1125
2 0.2828125 0.50625 0.0875 0.21328125
2 0.209375 0.23828125 0.21875 0.3078125
2 0.55703125 0.45390625 0.05859375 0.10078125
0 0.46875 0.43125 0.0421875 0.08125
2 0.5609375 0.671875 0.065625 0.12109375
0 0.5140625 0.5359375 0.040625 0.06328125
0 0.2203125 0.53671875 0.03828125 0.06953125
0 0.23203125 0.425 0.0375 0.0703125
0 0.14921875 0.58125 0.03046875 0.06328125
0 0.74921875 0.40234375 0.0296875 0.04921875
0 0.5171875 0.45625 0.03671875 0.05390625
0 0.51171875 0.68359375 0.04609375 0.075
0 0.5515625 0.759375 0.03671875 0.0671875
1 0.44375 0.7328125 0.07421875 0.03515625
1 0.440625 0.08125 0.06171875 0.0296875
1 0.5265625 0.08125 0.059375 0.0296875
2 0.68203125 0.44296875 0.10234375 0.190625
0 0.1953125 0.66953125 0.03984375 0.07421875
1 0.753125 0.0875 0.0765625 0.03046875
2 0.83046875 0.40625 0.05390625 0.13515625
0 0.78359375 0.5375 0.03203125 0.078125
0 0.778125 0.31015625 0.04140625 0.05546875
2 0.8234375 0.21796875 0.046875 0.240625
2 0.81171875 0.63984375 0.09609375 0.19375
0 0.196875 0.75390625 0.03671875 0.06328125
0 0.17109375 0.7546875 0.04453125 0.0671875
2 0.7140625 0.38125 0.05 0.096875
0 0.55859375 0.9234375 0.0515625 0.06015625
1 0.175 0.09296875 0.0328125 0.05859375
1 0.26015625 0.0890625 0.03046875 0.05078125
2 0.43046875 0.84296875 0.19453125 0.2203125
1 0.6953125 0.73828125 0.10859375 0.0265625
1 0.671875 0.0859375 0.0890625 0.03515625
0 0.7375 0.5265625 0.03125 0.053125