2 0.1390625 0.215625 0.121875 0.21484375
2 0.14375 0.384375 0.125 0.13359375
2 0.35390625 0.4703125 0.14609375 0.2
2 0.12109375 0.50625 0.07578125 0.115625
2 0.18203125 0.5046875 0.04375 0.12265625
2 0.35078125 0.225 0.15546875 0.29765625
2 0.5984375 0.29140625 0.1296875 0.33515625
0 0.25390625 0.4890625 0.04296875 0.071875
0 0.86796875 0.36328125 0.053125 0.08359375
0 0.75546875 0.3578125 0.04921875 0.0734375
0 0.296875 0.45859375 0.0421875 0.06875
0 0.21640625 0.49375 0.034375 0.0546875
0 0.41796875 0.70625 0.040625 0.0765625
2 0.69765625 0.453125 0.075 0.121875
2 0.240625 0.1265625 0.078125 0.09765625
0 0.69375 0.36953125 0.03671875 0.06015625
0 0.64296875 0.359375 0.05 0.07734375
0 0.18828125 0.35 0.0359375 0.05859375
0 0.29921875 0.90546875 0.03984375 0.06640625
0 0.41015625 0.27734375 0.0484375 0.07109375
0 0.1859375 0.2859375 0.04140625 0.06484375
2 0.24375 0.4375 0.08125 0.14609375
0 0.2546875 0.6 0.0421875 0.065625
2 0.38671875 0.83828125 0.146875 0.2046875
0 0.4484375 0.27890625 0.04140625 0.071875
1 0.428125 0.43125 0.02109375 0.10625
1 0.08046875 0.23828125 0.0234375 0.15859375
1 0.42734375 0.15625 0.02265625 0.1609375
0 0.14453125 0.42890625 0.03125 0.04765625
0 0.09609375 0.36640625 0.0484375 0.06484375
2 0.6984375 0.32265625 0.0828125 0.14453125
1 0.88671875 0.2859375 0.0203125 0.08515625
2 0.81328125 0.31875 0.15703125 0.3921875
2 0.3484375 0.903125 0.06796875 0.075
1 0.5359375 0.31640625 0.02578125 0.18203125
0 0.0640625 0.36796875 0.0390625 0.059375
0 0.91015625 0.36171875 0.046875 0.084375
1 0.93046875 0.5125 0.05625 0.0328125