2 0.209375 0.571875 0.30703125 0.25078125
2 0.16953125 0.31015625 0.2375 0.27734375
2 0.3546875 0.26796875 0.13125 0.1984375
2 0.86953125 0.37890625 0.1140625 0.26640625
2 0.6859375 0.70234375 0.2578125 0.2921875
0 0.4359375 0.65625 0.06484375 0.08515625
0 0.33046875 0.80625 0.06875 0.08671875
0 0.84453125 0.45 0.0671875 0.0765625
0 0.36484375 0.3984375 0.0546875 0.0734375
0 0.43515625 0.74609375 0.0671875 0.08046875
1 0.05546875 0.5625 0.03046875 0.115625
0 0.5328125 0.6078125 0.05234375 0.06171875
0 0.45078125 0.39453125 0.05 0.0640625
1 0.03671875 0.76640625 0.02734375 0.08984375
1 0.05390625 0.3140625 0.03203125 0.1203125
1 0.80859375 0.33671875 0.0375 0.16171875
2 0.16171875 0.0796875 0.240625 0.1515625
1 0.8140625 0.71328125 0.03359375 0.14921875
2 0.09375 0.88984375 0.0921875 0.09765625
2 0.65546875 0.36484375 0.3078125 0.3828125
2 0.45546875 0.26953125 0.06328125 0.190625
0 0.26015625 0.40703125 0.05859375 0.0765625
0 0.32109375 0.4828125 0.05703125 0.0734375
2 0.51875 0.72109375 0.0796875 0.24140625
0 0.334375 0.89375 0.06875 0.096875
0 0.496875 0.5953125 0.05390625 0.07109375