2 0.81953125 0.15 0.10078125 0.18359375
2 0.675 0.1828125 0.11328125 0.2453125
2 0.184375 0.328125 0.09140625 0.18984375
2 0.19921875 0.15 0.12265625 0.17109375
2 0.184375 0.59921875 0.09296875 0.19453125
2 0.3546875 0.19140625 0.0578125 0.1796875
2 0.29375 0.38125 0.0609375 0.09609375
2 0.353125 0.7890625 0.06015625 0.18671875
2 0.8 0.81796875 0.13515625 0.1390625
2 0.29296875 0.78125 0.06015625 0.18359375
0 0.60234375 0.25078125 0.0328125 0.06484375
0 0.78515625 0.20390625 0.03125 0.06953125
0 0.2140625 0.303125 0.03203125 0.06328125
2 0.1984375 0.78671875 0.12890625 0.1921875
0 0.24921875 0.565625 0.0328125 0.065625
0 0.340625 0.24765625 0.0265625 0.05546875
0 0.3421875 0.6640625 0.0328125 0.06953125
0 0.25078125 0.140625 0.0296875 0.05703125
0 0.24921875 0.265625 0.03125 0.06015625
0 0.72109375 0.10546875 0.02734375 0.06171875
0 0.284375 0.90390625 0.02890625 0.075
0 0.24921875 0.36796875 0.03203125 0.065625
2 0.29453125 0.2546875 0.0609375 0.125
0 0.21484375 0.6234375 0.0375 0.06640625
0 0.74609375 0.7890625 0.0234375 0.053125
2 0.80078125 0.3296875 0.12578125 0.18359375
2 0.75078125 0.09765625 0.03671875 0.08828125
0 0.596875 0.6734375 0.03125 0.06328125
0 0.9078125 0.69609375 0.03046875 0.06640625
2 0.29140625 0.12421875 0.0578125 0.11796875
2 0.7609375 0.7015625 0.071875 0.1375
2 0.90625 0.52421875 0.0796875 0.15
0 0.246875 0.72265625 0.03203125 0.06328125
2 0.8296875 0.68984375 0.0640625 0.1078125
0 0.8765625 0.59296875 0.0328125 0.06015625
1 0.66796875 0.8875 0.03046875 0.03046875
0 0.1203125 0.4609375 0.028125 0.05703125
0 0.246875 0.20078125 0.03046875 0.065625
1 0.696875 0.89296875 0.03125 0.03359375
1 0.64140625 0.8921875 0.03125 0.028125
2 0.940625 0.21953125 0.10546875 0.353125
1 0.13984375 0.1328125 0.01484375 0.0921875
1 0.13828125 0.59140625 0.01640625 0.11640625
2 0.3515625 0.35 0.05859375 0.14765625
2 0.421875 0.559375 0.0859375 0.190625
1 0.353125 0.8796875 0.03515625 0.0375
1 0.67734375 0.30390625 0.053125 0.034375
0 0.81875 0.61171875 0.0328125 0.05625
0 0.91484375 0.58125 0.02578125 0.0453125
2 0.56953125 0.4546875 0.090625 0.4921875
2 0.5703125 0.63515625 0.07890625 0.1578125
2 0.79765625 0.57265625 0.0875 0.11796875
1 0.503125 0.47265625 0.0140625 0.11484375