2 0.4 0.28828125 0.56328125 0.21796875
2 0.80234375 0.8765625 0.24375 0.15546875
2 0.790625 0.2734375 0.2234375 0.19140625
2 0.796875 0.51328125 0.2 0.11875
2 0.7984375 0.415625 0.2078125 0.0828125
2 0.80703125 0.61640625 0.2015625 0.08828125
2 0.32578125 0.565625 0.39921875 0.20859375
0 0.61875 0.68828125 0.13984375 0.06015625
0 0.59921875 0.18359375 0.15078125 0.0953125
0 0.646875 0.4203125 0.13046875 0.04296875
0 0.6171875 0.6 0.15859375 0.06015625
0 0.6453125 0.5234375 0.13359375 0.046875
0 0.2703125 0.4796875 0.11171875 0.04375
0 0.75 0.559375 0.10703125 0.03671875
1 0.3953125 0.66640625 0.2359375 0.02890625
2 0.26796875 0.42890625 0.3 0.06328125
0 0.6265625 0.84140625 0.14921875 0.04921875
0 0.421875 0.48515625 0.18203125 0.0546875
1 0.78203125 0.6625 0.10078125 0.021875
1 0.38515625 0.17890625 0.271875 0.028125
2 0.9515625 0.5078125 0.09609375 0.121875
1 0.79453125 0.17578125 0.17421875 0.02421875
2 0.94296875 0.84921875 0.11328125 0.06796875
2 0.9484375 0.275 0.10234375 0.190625