2 0.9109375 0.384375 0.11328125 0.296875
2 0.9109375 0.65078125 0.11171875 0.253125
2 0.81015625 0.346875 0.08984375 0.21171875
2 0.68828125 0.30078125 0.16015625 0.2984375
0 0.840625 0.41484375 0.0328125 0.08359375
2 0.7296875 0.70625 0.03984375 0.11640625
0 0.8859375 0.234375 0.03046875 0.146875
2 0.33203125 0.48828125 0.08125 0.2546875
2 0.221875 0.684375 0.0734375 0.15859375
0 0.86796875 0.5625 0.03046875 0.08046875
2 0.6609375 0.63359375 0.1 0.275
0 0.3296875 0.221875 0.03828125 0.10625
0 0.86796875 0.48828125 0.03046875 0.0765625
0 0.77578125 0.7984375 0.03125 0.08203125
0 0.32890625 0.328125 0.03046875 0.08671875
2 0.15234375 0.665625 0.0640625 0.1875
0 0.775 0.68203125 0.03125 0.08203125
2 0.2359375 0.30390625 0.09921875 0.28828125
0 0.303125 0.54921875 0.028125 0.0734375
0 0.72109375 0.5796875 0.03125 0.0796875
2 0.425 0.390625 0.09921875 0.28203125
2 0.425 0.63828125 0.10234375 0.25625
1 0.66171875 0.14921875 0.04765625 0.034375
2 0.3390625 0.68828125 0.0609375 0.13828125
0 0.1609375 0.12734375 0.03046875 0.096875
1 0.7140625 0.1484375 0.04921875 0.03359375
0 0.278125 0.42109375 0.02890625 0.075
1 0.4734375 0.69140625 0.015625 0.0875
1 0.225 0.15390625 0.04765625 0.0421875
1 0.1203125 0.51328125 0.01484375 0.0921875
1 0.3421875 0.76640625 0.03203125 0.03671875
1 0.66953125 0.76875 0.04921875 0.03359375
2 0.5453125 0.37265625 0.05859375 0.43515625
1 0.93046875 0.23984375 0.053125 0.03359375
2 0.78515625 0.5390625 0.14140625 0.1828125
1 0.82265625 0.2375 0.0515625 0.034375
0 0.7375 0.62890625 0.02109375 0.05546875
0 0.28828125 0.79375 0.0296875 0.08515625
1 0.1203125 0.26796875 0.0171875 0.1046875
0 0.59765625 0.23359375 0.0265625 0.09453125
2 0.2828125 0.65859375 0.05234375 0.1671875
1 0.91875 0.52578125 0.07890625 0.03984375
1 0.4359375 0.24296875 0.03984375 0.04453125
0 0.59609375 0.2890625 0.02890625 0.08828125
1 0.4734375 0.41328125 0.01484375 0.090625
0 0.5078125 0.47890625 0.02421875 0.078125
1 0.5390625 0.584375 0.04375 0.02890625
0 0.2046875 0.6234375 0.021875 0.046875
2 0.825 0.70703125 0.05625 0.11015625
2 0.0625 0.36171875 0.078125 0.40078125
1 0.96484375 0.67890625 0.0140625 0.11796875
1 0.44140625 0.1515625 0.04375 0.16875