2 0.296875 0.82109375 0.165625 0.1953125
2 0.77265625 0.7640625 0.1671875 0.1890625
2 0.11875 0.53515625 0.1203125 0.12734375
2 0.7390625 0.4546875 0.1 0.13671875
2 0.475 0.85625 0.2125 0.121875
2 0.94140625 0.63359375 0.07578125 0.08359375
2 0.3359375 0.5921875 0.0765625 0.0609375
2 0.4203125 0.6921875 0.090625 0.04609375
2 0.1265625 0.859375 0.15390625 0.12109375
2 0.5328125 0.42109375 0.32265625 0.190625
2 0.73828125 0.59453125 0.10546875 0.0625
2 0.915625 0.4734375 0.128125 0.175
2 0.184375 0.74609375 0.071875 0.1078125
2 0.140625 0.27421875 0.159375 0.29453125
0 0.4265625 0.7296875 0.040625 0.0359375
0 0.7375 0.640625 0.046875 0.040625
1 0.29765625 0.92265625 0.1375 0.03125
0 0.28203125 0.5796875 0.04453125 0.03671875
0 0.61640625 0.85 0.05859375 0.04609375
2 0.9171875 0.76640625 0.125 0.18359375
2 0.20859375 0.64140625 0.06640625 0.09140625
0 0.18203125 0.8140625 0.059375 0.0453125
0 0.62265625 0.30546875 0.05625 0.0453125
1 0.48046875 0.9234375 0.12265625 0.025
0 0.82890625 0.6890625 0.05078125 0.04609375
0 0.2578125 0.6390625 0.04765625 0.0375
2 0.76796875 0.54375 0.0515625 0.0390625
0 0.88671875 0.6328125 0.04765625 0.0390625
0 0.72265625 0.37265625 0.05078125 0.03984375
2 0.48515625 0.75625 0.20078125 0.078125
0 0.1296875 0.58203125 0.0453125 0.0375
0 0.52890625 0.653125 0.0578125 0.04453125
1 0.51171875 0.3234375 0.16953125 0.03046875
0 0.6171875 0.9015625 0.04765625 0.0421875
0 0.29296875 0.74296875 0.05390625 0.04765625
1 0.9171875 0.384375 0.1109375 0.0203125
0 0.1328125 0.45859375 0.0578125 0.0421875
0 0.8765625 0.68828125 0.04609375 0.04140625
1 0.7953125 0.8609375 0.10703125 0.028125
2 0.1171875 0.64296875 0.12421875 0.090625
0 0.8109375 0.478125 0.05390625 0.04296875
0 0.7296875 0.55078125 0.0375 0.0375
1 0.9125 0.85546875 0.10625 0.0265625
2 0.10390625 0.7390625 0.0953125 0.1046875
0 0.3046875 0.259375 0.05390625 0.04453125
1 0.81796875 0.38671875 0.06640625 0.01640625
0 0.30078125 0.70625 0.05234375 0.03203125
2 0.34765625 0.70078125 0.05546875 0.05859375
2 0.32109375 0.42421875 0.1171875 0.2828125
1 0.16953125 0.915625 0.05703125 0.02578125
1 0.76640625 0.38203125 0.0359375 0.01640625
0 0.85 0.55234375 0.0671875 0.04296875
1 0.3515625 0.275 0.0609375 0.02109375
2 0.13203125 0.071875 0.15625 0.1
2 0.821875 0.46640625 0.06796875 0.09140625