2 0.13359375 0.33671875 0.17265625 0.278125
2 0.31953125 0.3375 0.2015625 0.26796875
2 0.2328125 0.715625 0.125 0.20859375
2 0.8234375 0.778125 0.1203125 0.0953125
0 0.140625 0.5625 0.07265625 0.08125
0 0.72578125 0.6921875 0.08125 0.0796875
0 0.25 0.58203125 0.071875 0.07265625
0 0.25390625 0.196875 0.0703125 0.13359375
0 0.80390625 0.6984375 0.065625 0.07265625
0 0.24921875 0.43984375 0.071875 0.07421875
0 0.7203125 0.19375 0.06875 0.1375
0 0.70625 0.92890625 0.06640625 0.06640625
2 0.59140625 0.71015625 0.17109375 0.21171875
2 0.6234375 0.54140625 0.2421875 0.13125
0 0.71640625 0.8640625 0.08359375 0.075
1 0.503125 0.51953125 0.03828125 0.12734375
1 0.3515625 0.20078125 0.11484375 0.03046875
2 0.709375 0.33828125 0.3640625 0.26953125
1 0.16015625 0.19609375 0.1203125 0.03125
1 0.81875 0.196875 0.1125 0.03359375
1 0.040625 0.55703125 0.0359375 0.04765625
2 0.35703125 0.6578125 0.1203125 0.09140625
1 0.62265625 0.19296875 0.11640625 0.03671875
2 0.353125 0.76015625 0.1203125 0.12265625
0 0.31015625 0.690625 0.0515625 0.0515625
1 0.8453125 0.83046875 0.04375 0.0234375
2 0.10625 0.70703125 0.12578125 0.22421875
2 0.5921875 0.90078125 0.16953125 0.1328125
0 0.81953125 0.7578125 0.11015625 0.140625
1 0.50859375 0.890625 0.02265625 0.11484375
2 0.38984375 0.7375 0.04375 0.065625