2 0.140625 0.60234375 0.121875 0.13984375
2 0.16953125 0.75625 0.0640625 0.18671875
2 0.43671875 0.175 0.14140625 0.1796875
2 0.33828125 0.371875 0.11171875 0.31484375
2 0.146875 0.371875 0.13203125 0.3234375
2 0.453125 0.69453125 0.1109375 0.32421875
2 0.24765625 0.3703125 0.075 0.3203125
2 0.1078125 0.77890625 0.05625 0.1453125
0 0.271875 0.5609375 0.03359375 0.06484375
0 0.34765625 0.64375 0.03203125 0.0625
0 0.4109375 0.24296875 0.0390625 0.07109375
0 0.18984375 0.56171875 0.03125 0.06015625
0 0.21953125 0.87578125 0.03203125 0.06640625
0 0.39375 0.57109375 0.03984375 0.075
0 0.21328125 0.775 0.03046875 0.05703125
0 0.30703125 0.59453125 0.03359375 0.06328125
2 0.32734375 0.14765625 0.08359375 0.1328125
0 0.2671875 0.17265625 0.040625 0.07734375
2 0.30859375 0.665625 0.046875 0.09296875
2 0.3578125 0.7359375 0.10234375 0.234375
0 0.34453125 0.18515625 0.0359375 0.06875
0 0.796875 0.3 0.03359375 0.05546875
0 0.146875 0.81171875 0.02578125 0.05
0 0.67578125 0.13203125 0.02578125 0.0484375
2 0.753125 0.73984375 0.10859375 0.22109375
1 0.75625 0.0859375 0.05078125 0.0296875
1 0.80859375 0.4109375 0.021875 0.18828125
2 0.89140625 0.37265625 0.1625 0.61171875
0 0.47109375 0.33984375 0.02734375 0.05390625
1 0.50703125 0.67890625 0.01640625 0.09765625
1 0.75078125 0.85234375 0.0453125 0.03203125
2 0.45 0.428125 0.12109375 0.2140625
2 0.74609375 0.3515625 0.12421875 0.5375
1 0.0796875 0.64296875 0.01640625 0.09140625
1 0.33515625 0.85390625 0.0546875 0.0296875
1 0.07890625 0.35703125 0.01875 0.1046875
1 0.50703125 0.44453125 0.01328125 0.09140625
0 0.3078125 0.63671875 0.03984375 0.14140625