2 0.346875 0.29296875 0.1203125 0.17265625
2 0.48984375 0.2375 0.0609375 0.15625
0 0.42109375 0.296875 0.0296875 0.04375
0 0.47421875 0.296875 0.03046875 0.0421875
0 0.53984375 0.303125 0.03125 0.04375
0 0.39375 0.340625 0.03359375 0.04609375
0 0.51875 0.34453125 0.03125 0.0421875
2 0.4296875 0.2390625 0.0546875 0.15390625
1 0.33515625 0.59921875 0.090625 0.02734375
1 0.5328125 0.71875 0.08984375 0.0265625
1 0.2859375 0.51796875 0.01875 0.11484375
2 0.3453125 0.47734375 0.11953125 0.203125
0 0.42109375 0.46875 0.028125 0.0421875
0 0.28828125 0.2984375 0.0234375 0.06484375
1 0.2875 0.2984375 0.021875 0.06953125
2 0.57421875 0.41875 0.13671875 0.19921875
2 0.45390625 0.41875 0.0984375 0.16953125
1 0.64296875 0.31796875 0.059375 0.09765625
0 0.68828125 0.453125 0.025 0.05234375
2 0.68828125 0.5546875 0.078125 0.12734375