2 0.8484375 0.32421875 0.19921875 0.30703125
2 0.21640625 0.27265625 0.09453125 0.2
2 0.84609375 0.63125 0.20234375 0.253125
2 0.70859375 0.28671875 0.06875 0.10546875
2 0.15703125 0.603125 0.2203125 0.31328125
0 0.3015625 0.48359375 0.06484375 0.10625
0 0.2328125 0.49375 0.0640625 0.09921875
2 0.43125 0.659375 0.08359375 0.18984375
0 0.309375 0.1109375 0.06328125 0.11328125
0 0.77578125 0.559375 0.0625 0.096875
1 0.84609375 0.759375 0.08671875 0.040625
1 0.1640625 0.75859375 0.084375 0.0421875
0 0.77890625 0.42265625 0.0625 0.08984375
1 0.66484375 0.7578125 0.08359375 0.0390625
1 0.57421875 0.759375 0.08671875 0.040625
2 0.3265625 0.31953125 0.128125 0.22109375
1 0.82734375 0.1640625 0.0796875 0.034375
0 0.35859375 0.8109375 0.03984375 0.08984375
2 0.29765625 0.86796875 0.09296875 0.19296875
2 0.10859375 0.26484375 0.109375 0.203125
1 0.46796875 0.16328125 0.03984375 0.02890625
1 0.046875 0.47578125 0.021875 0.06328125
2 0.90078125 0.47890625 0.0765625 0.06875
1 0.62265625 0.16328125 0.08671875 0.03671875
2 0.390625 0.8671875 0.09453125 0.19453125
0 0.26640625 0.4875 0.13046875 0.10234375
2 0.1484375 0.4140625 0.16796875 0.07265625