2 0.1765625 0.2765625 0.1625 0.24453125
2 0.14375 0.44609375 0.090625 0.075
2 0.09453125 0.1046875 0.125 0.09765625
2 0.778125 0.5390625 0.12890625 0.1140625
2 0.73359375 0.67265625 0.21953125 0.1546875
0 0.7359375 0.4984375 0.0390625 0.0421875
2 0.65078125 0.4453125 0.0515625 0.06953125
0 0.28125 0.79375 0.05703125 0.05859375
0 0.81015625 0.7921875 0.0484375 0.046875
0 0.33984375 0.2375 0.0453125 0.04375
2 0.71953125 0.44765625 0.09140625 0.06796875
0 0.8046875 0.4984375 0.0375 0.03984375
0 0.22734375 0.38515625 0.053125 0.0515625
0 0.2828125 0.38984375 0.0453125 0.04609375
0 0.21171875 0.77109375 0.02265625 0.0234375
2 0.80390625 0.4515625 0.078125 0.0609375
2 0.40078125 0.2203125 0.0828125 0.1265625
2 0.44765625 0.38515625 0.18515625 0.11015625
0 0.28671875 0.7046875 0.04375 0.04765625
0 0.425 0.2296875 0.034375 0.03359375
0 0.20625 0.43203125 0.0375 0.0359375
2 0.46640625 0.278125 0.0421875 0.034375
1 0.1984375 0.91015625 0.05625 0.015625
1 0.03359375 0.0953125 0.01796875 0.05390625
1 0.13984375 0.91015625 0.05546875 0.0171875
2 0.51796875 0.27890625 0.0609375 0.03671875
2 0.16796875 0.82578125 0.13984375 0.125
1 0.55546875 0.5140625 0.021875 0.0390625
0 0.86640625 0.44140625 0.04375 0.0453125
2 0.1609375 0.7 0.11015625 0.13515625
0 0.53671875 0.4390625 0.0328125 0.04453125
2 0.49140625 0.1484375 0.03125 0.01796875