2 0.3171875 0.5953125 0.1578125 0.18984375
2 0.32265625 0.88125 0.18203125 0.15625
2 0.3796875 0.39765625 0.28203125 0.21171875
0 0.4609375 0.47578125 0.084375 0.06484375
0 0.359375 0.6640625 0.07265625 0.0546875
0 0.50078125 0.8234375 0.08671875 0.07265625
2 0.3125 0.734375 0.1625 0.0984375
0 0.425 0.58203125 0.0828125 0.06171875
1 0.74296875 0.28984375 0.16484375 0.034375
0 0.50234375 0.7328125 0.090625 0.06953125
2 0.6875 0.440625 0.3125 0.26484375
1 0.6796875 0.79453125 0.121875 0.02890625
0 0.625 0.284375 0.078125 0.11171875
1 0.38671875 0.2875 0.13203125 0.03359375
2 0.70625 0.69375 0.2828125 0.19296875
2 0.47421875 0.60859375 0.165625 0.203125
0 0.62421875 0.31640625 0.06953125 0.05859375
0 0.40859375 0.86171875 0.06640625 0.059375
1 0.85546875 0.0359375 0.0375 0.071875
0 0.434375 0.3 0.04609375 0.0421875
1 0.85546875 0.0609375 0.034375 0.059375
1 0.8578125 0.121875 0.028125 0.07578125
1 0.2296875 0.71328125 0.03359375 0.03203125