2 0.8890625 0.8078125 0.134375 0.25703125
2 0.18671875 0.3765625 0.1390625 0.203125
2 0.6796875 0.375 0.13984375 0.1953125
2 0.83828125 0.3234375 0.1796875 0.309375
2 0.7015625 0.775 0.0671875 0.13359375
2 0.31484375 0.5734375 0.12890625 0.18515625
2 0.77578125 0.821875 0.09609375 0.22421875
2 0.63984375 0.76484375 0.0640625 0.11875
2 0.875 0.5828125 0.17578125 0.18828125
2 0.42109375 0.875 0.08359375 0.121875
2 0.34375 0.378125 0.18046875 0.2046875
2 0.35234375 0.87109375 0.05234375 0.11328125
0 0.7078125 0.68203125 0.04453125 0.0671875
0 0.415625 0.79140625 0.0375 0.05546875
2 0.1421875 0.7765625 0.06640625 0.0921875
0 0.653125 0.5015625 0.0328125 0.0609375
2 0.21484375 0.73828125 0.07421875 0.1375
0 0.6359375 0.68125 0.04296875 0.0671875
0 0.76875 0.68359375 0.0453125 0.065625
2 0.28828125 0.7328125 0.0765625 0.13515625
0 0.35625 0.640625 0.03984375 0.0640625
2 0.68984375 0.8859375 0.05625 0.09609375
0 0.634375 0.85390625 0.03828125 0.06640625
1 0.8828125 0.93515625 0.06875 0.034375
1 0.95546875 0.5234375 0.021875 0.0984375
0 0.14375 0.44765625 0.04453125 0.06640625
0 0.0984375 0.7609375 0.03671875 0.05703125
0 0.66796875 0.25234375 0.0359375 0.0625
0 0.0796875 0.66171875 0.04296875 0.06796875
0 0.3453125 0.79375 0.0296875 0.0484375
0 0.1375 0.640625 0.0359375 0.05625
0 0.484375 0.7 0.04375 0.0625
2 0.36015625 0.7359375 0.0625 0.14765625
1 0.7875 0.934375 0.05703125 0.03203125
0 0.26640625 0.759375 0.0359375 0.0546875
1 0.75859375 0.934375 0.0296875 0.02578125
1 0.696875 0.93515625 0.025 0.0234375
2 0.73359375 0.78203125 0.09296875 0.1484375
1 0.46328125 0.5203125 0.01875 0.0953125
2 0.16640625 0.5765625 0.11328125 0.1921875
0 0.3125 0.76015625 0.0296875 0.04765625