2 0.29296875 0.303125 0.140625 0.22578125
2 0.14609375 0.30078125 0.15078125 0.2234375
2 0.61484375 0.39609375 0.09375 0.1859375
2 0.14296875 0.52890625 0.1546875 0.21875
2 0.46640625 0.33671875 0.20078125 0.29296875
2 0.6171875 0.25078125 0.09375 0.11328125
2 0.840625 0.90078125 0.1171875 0.17734375
0 0.38828125 0.16640625 0.04921875 0.0765625
2 0.29375 0.4921875 0.14453125 0.1578125
0 0.31015625 0.54453125 0.05390625 0.07578125
0 0.3125 0.6703125 0.05234375 0.07890625
0 0.33828125 0.38984375 0.0453125 0.0671875
1 0.28203125 0.18984375 0.06953125 0.03359375
1 0.5109375 0.1921875 0.06015625 0.03125
0 0.590625 0.32578125 0.040625 0.05859375
0 0.26796875 0.5515625 0.03671875 0.05078125
1 0.4484375 0.1921875 0.0625 0.03203125
1 0.128125 0.1890625 0.0671875 0.03359375
0 0.68359375 0.4234375 0.0578125 0.06171875
0 0.840625 0.79140625 0.0390625 0.05546875
1 0.1265625 0.6359375 0.07578125 0.0359375
2 0.8359375 0.60078125 0.10390625 0.06796875
1 0.4015625 0.63984375 0.0609375 0.0296875
0 0.19453125 0.39140625 0.0484375 0.05859375
0 0.60546875 0.46796875 0.04140625 0.059375
1 0.78359375 0.71953125 0.02109375 0.07734375
0 0.82109375 0.5453125 0.04296875 0.0578125
0 0.1953125 0.49609375 0.046875 0.05390625
1 0.66171875 0.3625 0.0203125 0.04609375
2 0.51953125 0.56484375 0.29921875 0.153125
1 0.49921875 0.6421875 0.0640625 0.03046875
1 0.6625 0.55703125 0.01875 0.075
1 0.24375 0.6390625 0.03125 0.021875
2 0.25546875 0.60390625 0.06484375 0.06796875
0 0.2421875 0.4453125 0.04453125 0.05390625
0 0.76328125 0.78125 0.05 0.05234375
1 0.1796875 0.6390625 0.02421875 0.0296875
2 0.8421875 0.71953125 0.121875 0.1765625
2 0.32421875 0.60625 0.078125 0.071875
2 0.8484375 0.4765625 0.11953125 0.171875
0 0.25546875 0.59921875 0.06484375 0.075