2 0.80546875 0.1953125 0.32578125 0.1578125
2 0.79765625 0.33984375 0.33125 0.13046875
2 0.803125 0.46953125 0.33203125 0.13359375
2 0.81875 0.68671875 0.32109375 0.08828125
2 0.81953125 0.59140625 0.325 0.10703125
2 0.18984375 0.08046875 0.31171875 0.1484375
0 0.215625 0.14375 0.096875 0.053125
2 0.50234375 0.38671875 0.275 0.13203125
0 0.62734375 0.675 0.0953125 0.04609375
0 0.565625 0.43984375 0.08046875 0.03984375
2 0.47890625 0.075 0.221875 0.10546875
0 0.47734375 0.55390625 0.09609375 0.05078125
0 0.67265625 0.2265625 0.096875 0.04609375
0 0.67578125 0.42578125 0.1 0.046875
2 0.20859375 0.4765625 0.31953125 0.125
0 0.6765625 0.340625 0.10390625 0.0484375
0 0.703125 0.5265625 0.08671875 0.04453125
0 0.32421875 0.0765625 0.0953125 0.04609375
1 0.96640625 0.209375 0.04921875 0.071875
1 0.9703125 0.32734375 0.0515625 0.07578125
1 0.96796875 0.46328125 0.05390625 0.06875
1 0.97734375 0.6703125 0.03671875 0.05625
2 0.87578125 0.0734375 0.1609375 0.0890625
1 0.1109375 0.16015625 0.12265625 0.02734375
1 0.4796875 0.01640625 0.10859375 0.02109375
1 0.978125 0.59921875 0.04296875 0.0671875
1 0.65703125 0.78359375 0.040625 0.0640625
2 0.50625 0.49453125 0.278125 0.08515625
1 0.04296875 0.38515625 0.04921875 0.06875
2 0.8171875 0.80546875 0.33125 0.15078125
1 0.0421875 0.19609375 0.04921875 0.0640625
2 0.20703125 0.253125 0.321875 0.17890625
1 0.03828125 0.2484375 0.05 0.059375
1 0.13671875 0.54140625 0.0609375 0.021875
2 0.0609375 0.72109375 0.10625 0.059375
0 0.3890625 0.43046875 0.065625 0.0296875
0 0.19140625 0.08125 0.30546875 0.15078125
2 0.58203125 0.49453125 0.12890625 0.0796875