2 0.2578125 0.30390625 0.175 0.1671875
2 0.85703125 0.45078125 0.10625 0.13046875
2 0.34453125 0.13125 0.128125 0.16796875
2 0.615625 0.53359375 0.1375 0.1453125
2 0.25390625 0.44140625 0.1921875 0.11015625
2 0.25234375 0.5734375 0.18984375 0.1609375
0 0.57421875 0.45703125 0.0484375 0.1078125
0 0.83046875 0.36171875 0.046875 0.06015625
1 0.171875 0.28828125 0.03046875 0.1046875
0 0.74765625 0.36328125 0.05 0.06171875
2 0.25625 0.1015625 0.0453125 0.10234375
0 0.29765625 0.0734375 0.04609375 0.05078125
1 0.41015625 0.17421875 0.025 0.0640625
0 0.7875 0.54296875 0.0609375 0.06171875
0 0.42890625 0.85 0.05703125 0.06875
1 0.409375 0.31484375 0.02734375 0.096875
2 0.203125 0.096875 0.06171875 0.11171875
2 0.44765625 0.4984375 0.19453125 0.22109375
1 0.5953125 0.82734375 0.1234375 0.03515625
0 0.14765625 0.18203125 0.06171875 0.0609375
2 0.3265625 0.7109375 0.0546875 0.05546875
0 0.3265625 0.45703125 0.05625 0.0546875
1 0.15625 0.4640625 0.0296875 0.07109375
1 0.63671875 0.459375 0.08828125 0.028125
0 0.25078125 0.7375 0.1921875 0.17578125
1 0.4671875 0.384375 0.09140625 0.03359375
0 0.3734375 0.78125 0.0578125 0.09140625
2 0.36796875 0.7203125 0.04609375 0.05234375
1 0.15703125 0.734375 0.02578125 0.1015625
2 0.24921875 0.740625 0.190625 0.175
0 0.32890625 0.25546875 0.053125 0.05625
1 0.1578125 0.58046875 0.02421875 0.09921875
2 0.3265625 0.53515625 0.059375 0.06015625
0 0.42734375 0.76328125 0.05234375 0.05703125
2 0.740625 0.49296875 0.10546875 0.21796875
0 0.42421875 0.2421875 0.05625 0.0453125
0 0.38046875 0.240625 0.05625 0.0515625
2 0.79921875 0.678125 0.221875 0.3453125
1 0.71171875 0.3828125 0.0375 0.02265625
1 0.875 0.384375 0.05546875 0.02109375
2 0.42734375 0.7625 0.0546875 0.05859375
2 0.23125 0.184375 0.1203125 0.06328125
1 0.3453125 0.3265625 0.01953125 0.103125
1 0.72890625 0.825 0.08515625 0.03828125
1 0.78828125 0.3859375 0.0421875 0.0234375
2 0.59375 0.715625 0.18671875 0.221875
2 0.4234375 0.66953125 0.15546875 0.1328125