2 0.29375 0.609375 0.3359375 0.2296875
2 0.584375 0.78125 0.234375 0.1609375
2 0.2453125 0.3609375 0.2671875 0.259375
2 0.79921875 0.1296875 0.2203125 0.1765625
2 0.215625 0.7984375 0.215625 0.14296875
0 0.1765625 0.6875 0.0828125 0.0703125
2 0.57734375 0.46015625 0.23046875 0.446875
0 0.5828125 0.175 0.09375 0.08125
0 0.1640625 0.2421875 0.05390625 0.06328125
0 0.50546875 0.2953125 0.08671875 0.07265625
0 0.74453125 0.765625 0.08984375 0.078125
0 0.50390625 0.65234375 0.0796875 0.0734375
1 0.584375 0.221875 0.10546875 0.03515625
0 0.82109375 0.2421875 0.04921875 0.05625
0 0.7671875 0.9140625 0.090625 0.0859375
2 0.59375 0.12265625 0.2 0.17109375
1 0.10078125 0.64296875 0.053125 0.16015625
0 0.509375 0.771875 0.07421875 0.078125
1 0.72109375 0.22421875 0.18671875 0.03984375
1 0.275 0.22578125 0.1828125 0.0328125