2 0.30703125 0.309375 0.1546875 0.27578125
2 0.55546875 0.31171875 0.11875 0.2765625
2 0.440625 0.27265625 0.11875 0.3296875
2 0.83828125 0.31328125 0.125 0.27421875
2 0.8359375 0.67578125 0.1359375 0.2140625
2 0.66484375 0.3078125 0.11328125 0.26640625
2 0.7484375 0.275 0.05703125 0.20078125
2 0.10078125 0.38984375 0.06796875 0.1078125
0 0.1671875 0.29765625 0.03359375 0.0640625
0 0.171875 0.63515625 0.03515625 0.0765625
0 0.18984375 0.36484375 0.0328125 0.06640625
0 0.5671875 0.4140625 0.0453125 0.0859375
0 0.83203125 0.80546875 0.034375 0.075
0 0.7390625 0.40078125 0.0359375 0.0734375
2 0.109375 0.25390625 0.084375 0.153125
2 0.19296875 0.25 0.078125 0.153125
0 0.79453125 0.40859375 0.0390625 0.07421875
2 0.7296875 0.71875 0.08203125 0.13203125
0 0.796875 0.4828125 0.03828125 0.07265625
0 0.71171875 0.8109375 0.034375 0.0671875
1 0.55625 0.17109375 0.065625 0.04140625
2 0.84921875 0.51015625 0.11796875 0.13125
0 0.43984375 0.409375 0.071875 0.075
0 0.2140625 0.56796875 0.0359375 0.0671875
1 0.3890625 0.8453125 0.04453125 0.0359375
0 0.69140625 0.39296875 0.0390625 0.08515625
1 0.665625 0.84765625 0.03515625 0.028125
1 0.65625 0.17109375 0.059375 0.034375
1 0.2265625 0.7859375 0.0203125 0.09609375
1 0.30390625 0.16953125 0.0640625 0.03984375
2 0.52890625 0.7984375 0.115625 0.234375
1 0.56328125 0.9109375 0.03671875 0.0296875
1 0.90078125 0.665625 0.0203125 0.13671875
1 0.496875 0.91328125 0.03828125 0.03125
1 0.53046875 0.9109375 0.03671875 0.0296875
1 0.40703125 0.10234375 0.040625 0.03359375
0 0.24921875 0.40546875 0.03046875 0.053125
1 0.2828125 0.84375 0.0671875 0.03984375
2 0.63046875 0.72109375 0.10546875 0.26171875
1 0.828125 0.16953125 0.06171875 0.03515625
1 0.47421875 0.103125 0.03828125 0.0359375
2 0.1484375 0.5015625 0.1609375 0.12890625
2 0.2140625 0.5671875 0.0359375 0.0703125
1 0.89765625 0.50703125 0.01484375 0.0515625
1 0.44140625 0.1046875 0.04296875 0.0328125
1 0.13203125 0.61484375 0.0515625 0.03046875
1 0.115625 0.16640625 0.0328125 0.0265625
1 0.609375 0.55546875 0.04609375 0.05390625
1 0.5453125 0.5734375 0.03359375 0.053125
1 0.19609375 0.16640625 0.02890625 0.03125