2 0.25390625 0.61953125 0.1703125 0.2421875
2 0.6546875 0.29375 0.134375 0.20625
2 0.21640625 0.26796875 0.09921875 0.15078125
2 0.7921875 0.328125 0.14609375 0.2765625
0 0.7375 0.4296875 0.04375 0.0609375
0 0.684375 0.534375 0.0390625 0.0578125
0 0.3546875 0.46328125 0.046875 0.0609375
0 0.140625 0.159375 0.0453125 0.075
0 0.6375 0.41953125 0.0390625 0.065625
0 0.21875 0.36875 0.040625 0.0640625
2 0.3 0.3765625 0.0765625 0.059375
0 0.2921875 0.428125 0.03515625 0.06015625
0 0.1421875 0.52578125 0.04140625 0.0671875
0 0.7375 0.4953125 0.040625 0.059375
0 0.2484375 0.31484375 0.03828125 0.05546875
0 0.60546875 0.77109375 0.04609375 0.07265625
0 0.35546875 0.6125 0.0453125 0.1109375
2 0.690625 0.6453125 0.06015625 0.18125
2 0.89921875 0.39921875 0.075 0.209375
0 0.31953125 0.52265625 0.040625 0.06171875
0 0.30078125 0.76875 0.04609375 0.07265625
2 0.1328125 0.35 0.0953125 0.3109375
2 0.89921875 0.24609375 0.07265625 0.10546875
1 0.7984375 0.7453125 0.0640625 0.034375
1 0.24140625 0.74609375 0.0796875 0.0375
1 0.40234375 0.184375 0.0796875 0.0328125
2 0.51875 0.3046875 0.13046875 0.184375
2 0.79296875 0.603125 0.1515625 0.2734375
1 0.40078125 0.83984375 0.0828125 0.034375
0 0.95390625 0.240625 0.04375 0.0625
1 0.2171875 0.184375 0.040625 0.028125
1 0.79140625 0.184375 0.07265625 0.0296875
1 0.6515625 0.184375 0.065625 0.028125
1 0.93828125 0.375 0.0234375 0.07890625
1 0.08359375 0.42109375 0.0234375 0.06875
0 0.9546875 0.45234375 0.04375 0.06328125
0 0.35078125 0.78984375 0.03984375 0.06328125
1 0.4859375 0.84140625 0.07265625 0.0328125
1 0.86953125 0.703125 0.025 0.04765625
2 0.3015625 0.2390625 0.06953125 0.09921875
2 0.009375 0.88671875 0.0171875 0.07734375