2 0.40859375 0.22109375 0.0828125 0.325
2 0.08515625 0.22421875 0.14140625 0.32890625
2 0.071875 0.5640625 0.11796875 0.34765625
2 0.40703125 0.64765625 0.08046875 0.1890625
2 0.28828125 0.1984375 0.15859375 0.275
2 0.69921875 0.4828125 0.05546875 0.11015625
2 0.18125 0.253125 0.04765625 0.1421875
0 0.41640625 0.35 0.034375 0.08515625
0 0.35546875 0.14453125 0.0328125 0.07578125
0 0.46328125 0.32265625 0.034375 0.084375
0 0.14453125 0.140625 0.034375 0.0734375
0 0.1140625 0.4828125 0.0390625 0.08671875
2 0.40703125 0.46640625 0.0796875 0.17109375
0 0.165625 0.77890625 0.03671875 0.0921875
2 0.16640625 0.68203125 0.075 0.12578125
0 0.74609375 0.375 0.0296875 0.0640625
0 0.16171875 0.5828125 0.040625 0.09453125
0 0.178125 0.35625 0.03359375 0.0828125
0 0.41640625 0.52109375 0.03359375 0.08046875
0 0.4828125 0.721875 0.03125 0.07578125
0 0.68828125 0.38515625 0.0296875 0.07265625
2 0.18125 0.128125 0.04765625 0.128125
1 0.309375 0.059375 0.0578125 0.04453125
0 0.13671875 0.33359375 0.0328125 0.09296875
1 0.2625 0.74375 0.0578125 0.0375
1 0.40546875 0.05859375 0.05703125 0.0375
1 0.08125 0.74296875 0.053125 0.03828125
1 0.4078125 0.74453125 0.02734375 0.03203125
2 0.284375 0.56953125 0.1640625 0.3484375
1 0.31875 0.74453125 0.0515625 0.03515625
2 0.9265625 0.48046875 0.0828125 0.14609375
0 0.40703125 0.475 0.06875 0.1671875