2 0.7828125 0.5 0.2 0.13515625
2 0.18671875 0.61953125 0.15625 0.134375
2 0.34140625 0.61015625 0.15546875 0.153125
2 0.18828125 0.45625 0.15703125 0.09296875
2 0.80859375 0.62890625 0.159375 0.12109375
0 0.7046875 0.51015625 0.05234375 0.03515625
2 0.55703125 0.5796875 0.28046875 0.21796875
0 0.81015625 0.55234375 0.08671875 0.03203125
0 0.64453125 0.6734375 0.09140625 0.03203125
0 0.70546875 0.6265625 0.05234375 0.06015625
1 0.884375 0.4984375 0.03203125 0.059375
0 0.44140625 0.4578125 0.0453125 0.0359375
0 0.49765625 0.6734375 0.0890625 0.03203125
2 0.43203125 0.42265625 0.14140625 0.03828125
2 0.31484375 0.45546875 0.09609375 0.09375
0 0.6640625 0.45 0.0515625 0.03203125
2 0.59453125 0.440625 0.17578125 0.06015625
0 0.39921875 0.5203125 0.0421875 0.0296875
1 0.19375 0.690625 0.08203125 0.01796875
0 0.31171875 0.48828125 0.0390625 0.0296875
1 0.1046875 0.48125 0.02578125 0.05546875
0 0.659375 0.421875 0.0515625 0.03671875
2 0.35 0.51953125 0.11328125 0.03671875
1 0.31640625 0.40546875 0.04140625 0.01796875
0 0.39609375 0.453125 0.03046875 0.025
1 0.340625 0.68984375 0.08203125 0.01640625
0 0.5109375 0.42265625 0.03203125 0.02578125
1 0.78359375 0.6921875 0.05859375 0.01328125
1 0.84375 0.69296875 0.06796875 0.0140625
2 0.70390625 0.3015625 0.365625 0.23828125
1 0.8875 0.62421875 0.02421875 0.08828125
1 0.8890625 0.34296875 0.0234375 0.02734375
1 0.8875 0.29765625 0.02109375 0.02578125
1 0.646875 0.69296875 0.08671875 0.01484375