2 0.2921875 0.3703125 0.153125 0.13828125
2 0.4390625 0.36953125 0.146875 0.13046875
2 0.66796875 0.36796875 0.14375 0.13203125
2 0.38359375 0.5078125 0.321875 0.1390625
2 0.63828125 0.55390625 0.20078125 0.10546875
0 0.6234375 0.51171875 0.0421875 0.0296875
2 0.55546875 0.33203125 0.0890625 0.05390625
0 0.396875 0.315625 0.0484375 0.0375
0 0.5234375 0.559375 0.04453125 0.0296875
0 0.34453125 0.425 0.04765625 0.0328125
0 0.24609375 0.45625 0.05546875 0.03203125
0 0.4578125 0.56484375 0.0703125 0.02421875
1 0.63671875 0.60625 0.0734375 0.01796875
0 0.49453125 0.4171875 0.0453125 0.028125
0 0.3859375 0.4171875 0.0453125 0.028125
0 0.6171875 0.41796875 0.0453125 0.028125
1 0.21484375 0.36796875 0.02421875 0.04609375
0 0.57890625 0.45390625 0.04375 0.03046875
1 0.740625 0.54296875 0.02421875 0.0359375
1 0.740625 0.38125 0.025 0.04921875
2 0.53359375 0.38359375 0.0453125 0.046875
0 0.575 0.390625 0.03828125 0.02734375
0 0.7171875 0.48125 0.053125 0.03515625
1 0.7421875 0.48046875 0.02109375 0.040625
1 0.28359375 0.58046875 0.0734375 0.01875
0 0.5734375 0.29921875 0.0390625 0.01796875
1 0.5734375 0.29921875 0.03828125 0.015625
2 0.64609375 0.46796875 0.1859375 0.06328125