2 0.1671875 0.171875 0.203125 0.1546875
2 0.16484375 0.5625 0.2015625 0.1484375
2 0.1140625 0.7796875 0.10703125 0.09453125
2 0.21796875 0.73203125 0.1046875 0.18359375
0 0.24453125 0.22109375 0.0578125 0.05703125
2 0.16640625 0.27890625 0.06875 0.06015625
0 0.303125 0.2890625 0.05390625 0.05859375
2 0.3171875 0.37421875 0.09765625 0.12421875
2 0.16796875 0.36796875 0.20546875 0.12734375
0 0.096875 0.2265625 0.0484375 0.0515625
0 0.24296875 0.61171875 0.05625 0.053125
0 0.62734375 0.6234375 0.06171875 0.05703125
0 0.1015625 0.85390625 0.05859375 0.0703125
2 0.115625 0.66484375 0.103125 0.05625
0 0.1828125 0.7078125 0.04765625 0.0453125
2 0.10390625 0.278125 0.0671875 0.05859375
2 0.43203125 0.88125 0.1453125 0.08359375
0 0.21953125 0.275 0.0546875 0.05
1 0.0640625 0.1546875 0.03203125 0.12265625
1 0.0640625 0.37890625 0.02578125 0.08359375
1 0.59921875 0.54609375 0.03125 0.10078125
1 0.0625 0.55390625 0.02890625 0.13359375
0 0.24609375 0.27734375 0.05703125 0.05390625
0 0.2890625 0.76328125 0.05625 0.05
0 0.303125 0.85703125 0.05703125 0.06796875
0 0.30234375 0.80390625 0.05546875 0.0578125
1 0.3 0.4421875 0.05703125 0.021875
2 0.1171875 0.71015625 0.09921875 0.046875
1 0.59921875 0.71953125 0.02890625 0.1234375
1 0.55546875 0.83671875 0.07109375 0.02421875
2 0.48046875 0.7546875 0.23515625 0.15546875
2 0.478125 0.65546875 0.24140625 0.30625
1 0.4671875 0.92265625 0.05 0.01875
0 0.23828125 0.24921875 0.0703125 0.109375