2 0.24140625 0.65625 0.32421875 0.15625
2 0.24453125 0.34609375 0.31328125 0.22265625
2 0.7453125 0.6453125 0.3296875 0.17890625
2 0.50546875 0.88046875 0.3171875 0.10234375
2 0.66640625 0.396875 0.5078125 0.1828125
0 0.35703125 0.603125 0.10078125 0.04453125
2 0.775 0.52890625 0.26171875 0.0625
0 0.440625 0.521875 0.10234375 0.04453125
0 0.625 0.58046875 0.1 0.04375
1 0.25078125 0.23359375 0.1921875 0.028125
0 0.4921875 0.69453125 0.06875 0.03359375
1 0.778125 0.73828125 0.2046875 0.025
0 0.4578125 0.6703125 0.11328125 0.0515625
2 0.296875 0.51875 0.21953125 0.115625
2 0.209375 0.76953125 0.253125 0.06328125
2 0.55546875 0.69453125 0.0703125 0.06953125
2 0.4484375 0.7828125 0.21484375 0.08671875
0 0.4734375 0.28203125 0.0875 0.04296875
0 0.3046875 0.9 0.07890625 0.0421875
2 0.1625 0.5421875 0.13828125 0.06796875
1 0.7125 0.30234375 0.21953125 0.02265625