2 0.58515625 0.6046875 0.16953125 0.21171875
2 0.165625 0.6109375 0.16171875 0.21015625
2 0.2046875 0.2734375 0.23828125 0.26171875
2 0.8125 0.71015625 0.15703125 0.17265625
2 0.39609375 0.3015625 0.15 0.14609375
2 0.85703125 0.5421875 0.07265625 0.06640625
2 0.81484375 0.37109375 0.15 0.278125
2 0.70390625 0.63359375 0.07421875 0.07265625
2 0.28828125 0.53828125 0.0703125 0.0640625
2 0.37265625 0.49921875 0.09453125 0.15703125
2 0.62421875 0.27109375 0.23984375 0.259375
0 0.75625 0.20390625 0.0375 0.04765625
0 0.6578125 0.5640625 0.03671875 0.0546875
0 0.76875 0.61640625 0.05859375 0.0421875
1 0.58125 0.71328125 0.1140625 0.03046875
0 0.23125 0.4953125 0.046875 0.0359375
1 0.8234375 0.23359375 0.1171875 0.021875
0 0.3125 0.31484375 0.0390625 0.05078125
1 0.61328125 0.14140625 0.12890625 0.0296875
0 0.33046875 0.20625 0.03359375 0.0484375
0 0.8125 0.55703125 0.0265625 0.04296875
0 0.703125 0.67578125 0.05078125 0.028125
2 0.8203125 0.18359375 0.1515625 0.1046875
1 0.40625 0.23046875 0.0953125 0.02265625
2 0.44453125 0.1578125 0.053125 0.05
2 0.70546875 0.696875 0.06328125 0.06328125
1 0.1890625 0.140625 0.12578125 0.02578125
0 0.29609375 0.49921875 0.03359375 0.025
1 0.73671875 0.74765625 0.02421875 0.07109375
1 0.85859375 0.640625 0.05078125 0.01875