2 0.640625 0.19609375 0.2875 0.246875
2 0.2078125 0.5265625 0.30625 0.29453125
2 0.5390625 0.61640625 0.12578125 0.1203125
2 0.28515625 0.20859375 0.465625 0.29453125
0 0.40390625 0.03984375 0.09453125 0.07109375
0 0.41171875 0.58984375 0.10859375 0.08125
0 0.4140625 0.7046875 0.10234375 0.08671875
0 0.3203125 0.4359375 0.09375 0.0609375
0 0.55546875 0.528125 0.09921875 0.07421875
0 0.434375 0.80234375 0.0984375 0.06875
0 0.4703125 0.38515625 0.084375 0.05625
0 0.6484375 0.45703125 0.08359375 0.05703125
0 0.6421875 0.52421875 0.103125 0.07265625
2 0.69453125 0.37734375 0.18671875 0.115625
2 0.55390625 0.390625 0.11171875 0.14765625
2 0.4390625 0.91328125 0.18046875 0.16328125
1 0.66796875 0.6734375 0.096875 0.02734375
1 0.14375 0.671875 0.16640625 0.03359375
1 0.62734375 0.0703125 0.1125 0.028125
1 0.0640625 0.6390625 0.04609375 0.07734375
1 0.23359375 0.06953125 0.23203125 0.02890625
0 0.54140625 0.6 0.125 0.15859375
2 0.6890625 0.59609375 0.196875 0.15
0 0.17265625 0.82734375 0.34453125 0.3453125
0 0.55 0.3859375 0.11171875 0.15