2 0.8296875 0.2578125 0.1859375 0.32265625
2 0.82578125 0.54296875 0.17890625 0.26953125
2 0.1765625 0.30625 0.159375 0.25703125
2 0.6453125 0.38984375 0.1 0.1734375
2 0.15078125 0.565625 0.10546875 0.2484375
2 0.3453125 0.2453125 0.1859375 0.26328125
2 0.37109375 0.659375 0.1375 0.2078125
2 0.64765625 0.55 0.0953125 0.1515625
2 0.228125 0.609375 0.0515625 0.13984375
2 0.48984375 0.4328125 0.10703125 0.25625
2 0.48984375 0.64296875 0.11015625 0.14140625
0 0.28125 0.71015625 0.040625 0.0859375
2 0.5703125 0.57109375 0.0578125 0.10859375
0 0.22109375 0.3984375 0.0359375 0.0765625
0 0.61328125 0.4484375 0.03359375 0.0609375
0 0.2359375 0.51875 0.03125 0.06953125
0 0.56484375 0.6546875 0.03828125 0.07578125
0 0.19140625 0.503125 0.03203125 0.0625
0 0.453125 0.27890625 0.03515625 0.0703125
0 0.28046875 0.5734375 0.0421875 0.07734375
0 0.5828125 0.49140625 0.03203125 0.06171875
0 0.5859375 0.34375 0.03203125 0.06171875
1 0.3609375 0.7671875 0.06953125 0.04609375
2 0.18203125 0.06953125 0.05234375 0.1390625
2 0.0296875 0.1453125 0.059375 0.28515625
2 0.27890625 0.6046875 0.0515625 0.15234375
1 0.69140625 0.5546875 0.015625 0.0921875
1 0.80234375 0.675 0.10390625 0.05078125
0 0.525 0.34296875 0.034375 0.0625
2 0.56640625 0.42109375 0.053125 0.22109375
1 0.63984375 0.303125 0.05625 0.02890625
1 0.43203125 0.1671875 0.01953125 0.08203125
2 0.48359375 0.7546875 0.071875 0.0640625
1 0.3578125 0.1078125 0.115625 0.0453125