2 0.25 0.675 0.08984375 0.1109375
2 0.41796875 0.56953125 0.059375 0.0453125
2 0.34296875 0.69609375 0.1 0.05625
0 0.31640625 0.5671875 0.06640625 0.04609375
0 0.53828125 0.52890625 0.06953125 0.04375
0 0.36171875 0.52578125 0.0703125 0.04609375
2 0.53671875 0.640625 0.2828125 0.17578125
0 0.29140625 0.428125 0.0703125 0.05234375
2 0.47890625 0.50703125 0.1734375 0.08671875
0 0.43359375 0.1640625 0.07109375 0.0640625
0 0.33359375 0.64140625 0.0828125 0.059375
2 0.61953125 0.50703125 0.1046875 0.08515625
0 0.4296875 0.61640625 0.06875 0.05078125
0 0.3453125 0.77578125 0.03984375 0.02734375
1 0.5296875 0.734375 0.1046875 0.02734375
2 0.25625 0.56796875 0.08828125 0.05859375
1 0.290625 0.14375 0.1046875 0.0234375
2 0.24921875 0.765625 0.09609375 0.05625