2 0.19765625 0.61015625 0.21640625 0.21796875
2 0.70390625 0.81796875 0.50859375 0.3140625
2 0.2734375 0.325 0.36328125 0.33828125
1 0.94140625 0.89140625 0.07890625 0.1328125
0 0.565625 0.17890625 0.13203125 0.06328125
1 0.265625 0.159375 0.18125 0.0328125
1 0.44375 0.60234375 0.05859375 0.1125
1 0.7453125 0.16171875 0.23671875 0.03671875
0 0.3625 0.72890625 0.121875 0.0703125
2 0.05078125 0.9703125 0.1015625 0.05625
1 0.31875 0.5984375 0.06484375 0.075
2 0.1796875 0.91328125 0.20703125 0.16484375
0 0.32265625 0.59921875 0.06875 0.07421875
0 0.525 0.66875 0.13046875 0.04453125