2 0.53515625 0.23828125 0.121875 0.15390625
2 0.7640625 0.465625 0.1328125 0.2984375
2 0.29375 0.23203125 0.22734375 0.14765625
2 0.40390625 0.38515625 0.178125 0.13515625
2 0.76640625 0.23984375 0.1265625 0.1484375
2 0.61328125 0.509375 0.09609375 0.2109375
0 0.5296875 0.45234375 0.04921875 0.06328125
0 0.503125 0.17578125 0.065625 0.03515625
0 0.6125 0.60390625 0.06953125 0.0328125
0 0.58125 0.29765625 0.0390625 0.02890625
0 0.5796875 0.42109375 0.04609375 0.03203125
0 0.48046875 0.3375 0.04375 0.03046875
0 0.425 0.29375 0.04609375 0.0390625
0 0.7796875 0.603125 0.071875 0.03125
2 0.64921875 0.2390625 0.103125 0.153125
1 0.30703125 0.38671875 0.0265625 0.05078125
0 0.39765625 0.4359375 0.07109375 0.02578125
1 0.428125 0.1546875 0.04140625 0.01640625
1 0.17890625 0.2328125 0.01328125 0.115625
1 0.24296875 0.31328125 0.04375 0.01328125
1 0.30078125 0.153125 0.0421875 0.01328125
1 0.6625 0.1546875 0.0421875 0.01640625
0 0.675 0.359375 0.04765625 0.06015625
0 0.8265625 0.24921875 0.0328125 0.05546875
0 0.82109375 0.40703125 0.04765625 0.05
0 0.64453125 0.2578125 0.0453125 0.0484375
2 0.4359375 0.23125 0.05703125 0.14609375
0 0.39296875 0.28984375 0.04140625 0.0296875
2 0.596875 0.36015625 0.2 0.0890625