2 0.3140625 0.2453125 0.3859375 0.28359375
2 0.69609375 0.5609375 0.4109375 0.3671875
2 0.7 0.240625 0.38828125 0.28125
2 0.21640625 0.62734375 0.215625 0.20859375
2 0.32421875 0.790625 0.134375 0.1390625
0 0.44453125 0.58984375 0.103125 0.08359375
2 0.2203125 0.44140625 0.1984375 0.1234375
0 0.2734375 0.53125 0.09609375 0.065625
0 0.54375 0.34375 0.10859375 0.08046875
0 0.26015625 0.071875 0.11875 0.084375
0 0.540625 0.4484375 0.11328125 0.07265625
0 0.434375 0.75390625 0.1 0.0828125
0 0.2796875 0.58359375 0.0921875 0.06796875
1 0.7203125 0.38203125 0.31171875 0.0390625
0 0.43046875 0.80703125 0.10234375 0.07578125
1 0.3953125 0.0984375 0.16484375 0.034375
1 0.20078125 0.72734375 0.11953125 0.0359375
0 0.26171875 0.61171875 0.1296875 0.153125
0 0.32578125 0.79140625 0.13359375 0.13984375