2 0.82890625 0.57109375 0.14375 0.2046875
0 0.73203125 0.43046875 0.05546875 0.0875
0 0.7203125 0.16015625 0.05 0.071875
2 0.38984375 0.81953125 0.0609375 0.1015625
2 0.8015625 0.27578125 0.2015625 0.36796875
0 0.7375 0.58125 0.05078125 0.07890625
0 0.11796875 0.4859375 0.05703125 0.09375
0 0.35625 0.559375 0.05234375 0.078125
2 0.390625 0.9234375 0.059375 0.10234375
0 0.73046875 0.703125 0.0515625 0.0828125
0 0.3625 0.09921875 0.05703125 0.1671875
2 0.3796875 0.70546875 0.08515625 0.128125
2 0.16484375 0.3109375 0.25234375 0.42421875
0 0.73203125 0.6421875 0.05078125 0.2
2 0.4640625 0.3078125 0.259375 0.42421875