2 0.33203125 0.74921875 0.2609375 0.1375
2 0.17421875 0.3765625 0.24296875 0.31328125
2 0.378125 0.3796875 0.17734375 0.309375
2 0.86875 0.75390625 0.11953125 0.1453125
2 0.60546875 0.34140625 0.16875 0.24765625
2 0.1296875 0.60546875 0.14296875 0.15078125
2 0.1296875 0.746875 0.15390625 0.1453125
0 0.765625 0.67578125 0.08203125 0.0875
2 0.60546875 0.65625 0.16875 0.35625
0 0.7828125 0.7796875 0.0734375 0.07421875
0 0.26015625 0.5 0.06875 0.07578125
1 0.36328125 0.21640625 0.1171875 0.04375
0 0.7265625 0.1828125 0.0671875 0.0828125
2 0.8078125 0.3828125 0.24609375 0.3296875
0 0.659375 0.25859375 0.06484375 0.078125
0 0.32421875 0.50078125 0.065625 0.0765625
0 0.2890625 0.6453125 0.075 0.075
1 0.83984375 0.2171875 0.1359375 0.04140625
0 0.17421875 0.65390625 0.05859375 0.0625
0 0.2609375 0.18515625 0.0671875 0.0765625
1 0.60234375 0.83046875 0.10625 0.0453125
0 0.76640625 0.86328125 0.078125 0.09140625
1 0.1453125 0.21875 0.1265625 0.04140625
1 0.621875 0.21484375 0.1296875 0.03984375
0 0.23046875 0.640625 0.06640625 0.07890625
1 0.86171875 0.83125 0.05390625 0.0296875
2 0.74765625 0.5828125 0.1203125 0.09140625
2 0.7671875 0.8625 0.06953125 0.08359375