2 0.6296875 0.453125 0.25703125 0.2984375
2 0.7421875 0.75703125 0.21015625 0.1328125
2 0.859375 0.45078125 0.22734375 0.2984375
2 0.90546875 0.759375 0.11796875 0.13359375
0 0.71796875 0.659375 0.08125 0.08203125
2 0.09609375 0.89453125 0.11640625 0.14296875
0 0.2703125 0.2625 0.07421875 0.0890625
0 0.121875 0.80234375 0.059375 0.0625
2 0.6078125 0.75546875 0.06875 0.13671875
0 0.7171875 0.56484375 0.0765625 0.084375
0 0.78359375 0.56640625 0.06875 0.0828125
1 0.6890625 0.29453125 0.115625 0.03984375
0 0.81796875 0.6625 0.06640625 0.0703125
1 0.884375 0.2953125 0.109375 0.04296875
2 0.2125 0.1625 0.19453125 0.26953125
1 0.415625 0.296875 0.1453125 0.0421875
1 0.1796875 0.2953125 0.125 0.04765625
2 0.903125 0.64765625 0.1359375 0.103125
1 0.04296875 0.696875 0.0453125 0.15859375
2 0.44140625 0.76640625 0.05625 0.11796875
2 0.221875 0.89765625 0.146875 0.140625
2 0.52265625 0.76640625 0.11171875 0.1140625
1 0.04140625 0.8484375 0.03203125 0.05
1 0.23203125 0.9640625 0.08984375 0.0234375
2 0.24296875 0.70703125 0.37578125 0.23125
1 0.709375 0.83984375 0.1171875 0.03828125
2 0.47734375 0.765625 0.12421875 0.10703125
1 0.9109375 0.82421875 0.0828125 0.02421875