2 0.8015625 0.22421875 0.203125 0.22734375
2 0.59453125 0.6125 0.1921875 0.2359375
2 0.5953125 0.228125 0.1953125 0.234375
2 0.80234375 0.61171875 0.2046875 0.23359375
2 0.84140625 0.41796875 0.12265625 0.146875
1 0.79765625 0.72890625 0.10546875 0.03359375
0 0.7578125 0.41875 0.06796875 0.06328125
1 0.2 0.72734375 0.09140625 0.03203125
1 0.59453125 0.72734375 0.11015625 0.03515625
1 0.11328125 0.44375 0.03203125 0.11328125
2 0.41640625 0.18828125 0.1546875 0.16015625
0 0.7390625 0.3046875 0.0796875 0.0828125
2 0.22265625 0.19140625 0.21640625 0.165625
1 0.28203125 0.72734375 0.08828125 0.02890625
0 0.43828125 0.60078125 0.07109375 0.0859375
1 0.19609375 0.10546875 0.06328125 0.02265625
0 0.43828125 0.7625 0.07421875 0.084375
1 0.8015625 0.109375 0.10625 0.02578125
0 0.53515625 0.30625 0.0734375 0.08125
2 0.1609375 0.3078125 0.07734375 0.07421875
0 0.53671875 0.52578125 0.078125 0.08671875
1 0.403125 0.10703125 0.06640625 0.02578125
0 0.7359375 0.52890625 0.0734375 0.07578125
1 0.596875 0.10859375 0.1078125 0.0296875
2 0.3125 0.21796875 0.0578125 0.0609375
2 0.4359375 0.64765625 0.1203125 0.16015625
2 0.43359375 0.29921875 0.11640625 0.0703125
2 0.43828125 0.7625 0.07265625 0.0828125
0 0.3125 0.21796875 0.06015625 0.0609375
2 0.97421875 0.18203125 0.0515625 0.2578125
2 0.07734375 0.7625 0.0828125 0.0515625