2 0.15546875 0.62890625 0.240625 0.14609375
2 0.83515625 0.31953125 0.284375 0.16015625
2 0.478125 0.76171875 0.13828125 0.15546875
0 0.4578125 0.6625 0.08515625 0.05703125
2 0.84375 0.49609375 0.28203125 0.196875
2 0.27890625 0.44609375 0.4828125 0.203125
0 0.3484375 0.7203125 0.1203125 0.07421875
2 0.1625 0.80703125 0.23671875 0.08515625
0 0.87109375 0.7046875 0.08359375 0.05703125
0 0.6640625 0.659375 0.10234375 0.075
2 0.34609375 0.79609375 0.1375 0.08828125
0 0.315625 0.65703125 0.0921875 0.05625
2 0.7640625 0.79296875 0.46015625 0.22734375
2 0.28671875 0.228125 0.4828125 0.2265625
0 0.61015625 0.19609375 0.10078125 0.05859375
0 0.23515625 0.675 0.08046875 0.05234375
0 0.35 0.87265625 0.10859375 0.08125
0 0.4703125 0.303125 0.1109375 0.0609375
2 0.1609375 0.7328125 0.23828125 0.07265625
0 0.609375 0.2609375 0.0984375 0.07578125
1 0.040625 0.95078125 0.03984375 0.0875
2 0.771875 0.64140625 0.128125 0.09453125
2 0.75703125 0.1265625 0.421875 0.2
1 0.88515625 0.234375 0.12109375 0.0265625