2 0.8796875 0.22265625 0.13046875 0.35625
2 0.88671875 0.66328125 0.1203125 0.28125
2 0.17734375 0.61015625 0.115625 0.4
2 0.3796875 0.1375 0.14765625 0.16953125
2 0.0734375 0.61484375 0.09296875 0.40078125
2 0.06875 0.31015625 0.08671875 0.20390625
2 0.9 0.46015625 0.08984375 0.13515625
2 0.3796875 0.490625 0.14765625 0.5578125
2 0.10703125 0.134375 0.14765625 0.15625
2 0.20859375 0.1375 0.0546875 0.16484375
2 0.27109375 0.665625 0.07265625 0.1515625
2 0.64453125 0.225 0.1390625 0.3265625
2 0.54140625 0.103125 0.065625 0.11171875
2 0.1328125 0.32734375 0.03671875 0.18125
0 0.70390625 0.80390625 0.034375 0.16640625
0 0.2 0.440625 0.03046875 0.084375
0 0.165625 0.246875 0.03046875 0.07578125
0 0.52578125 0.3140625 0.0328125 0.078125
0 0.83046875 0.3640625 0.03125 0.08125
0 0.32265625 0.253125 0.03203125 0.08984375
0 0.134375 0.55703125 0.03671875 0.0890625
0 0.0953125 0.18828125 0.02890625 0.06953125
0 0.1625 0.31953125 0.02890625 0.07265625
0 0.58671875 0.275 0.03515625 0.08359375
0 0.2171875 0.7671875 0.0328125 0.09375
0 0.49453125 0.3140625 0.03046875 0.08359375
0 0.83984375 0.559375 0.03125 0.084375
0 0.55625 0.19296875 0.03203125 0.084375
0 0.84609375 0.4875 0.03125 0.07421875
0 0.19921875 0.2453125 0.0296875 0.08203125
2 0.5421875 0.26484375 0.06484375 0.22109375
1 0.3546875 0.04765625 0.065625 0.040625
0 0.8078125 0.56015625 0.03359375 0.08515625
2 0.1953125 0.3125 0.0859375 0.203125
1 0.88125 0.8046875 0.06796875 0.04453125
0 0.3203125 0.62890625 0.03203125 0.08359375
0 0.27578125 0.7859375 0.03359375 0.08515625
1 0.178125 0.80390625 0.05234375 0.0421875
2 0.76640625 0.66171875 0.09609375 0.29453125
1 0.759375 0.8046875 0.0578125 0.04140625
1 0.06875 0.8109375 0.075 0.04921875
1 0.634375 0.040625 0.06328125 0.03984375
1 0.50859375 0.21875 0.01640625 0.11484375
1 0.58671875 0.80625 0.04765625 0.040625
0 0.32265625 0.840625 0.02890625 0.07265625
1 0.946875 0.46640625 0.0140625 0.06875
1 0.13671875 0.04453125 0.03671875 0.03515625
1 0.73984375 0.0359375 0.03515625 0.028125
1 0.84765625 0.0359375 0.06328125 0.04140625
1 0.62734375 0.8015625 0.046875 0.040625
0 0.54140625 0.26640625 0.06484375 0.21796875
1 0.66171875 0.80078125 0.05703125 0.0421875