2 0.80625 0.421875 0.2984375 0.2765625
0 0.7 0.6359375 0.0703125 0.09453125
0 0.44375 0.70546875 0.06953125 0.1046875
0 0.6875 0.52265625 0.0765625 0.1015625
2 0.49765625 0.421875 0.24765625 0.27734375
1 0.04375 0.5546875 0.0296875 0.071875
2 0.5296875 0.79921875 0.1 0.1171875
2 0.425 0.803125 0.11484375 0.11171875
2 0.153125 0.81015625 0.0640625 0.09375
0 0.7546875 0.7796875 0.0625 0.07890625
0 0.315625 0.2828125 0.07734375 0.19296875
2 0.65625 0.80859375 0.15703125 0.1296875
2 0.2875 0.928125 0.09375 0.11875
1 0.178125 0.28046875 0.10390625 0.04140625
1 0.0453125 0.778125 0.0265625 0.06875
2 0.30078125 0.7625 0.13359375 0.1828125
1 0.48515625 0.278125 0.10234375 0.03984375
2 0.80546875 0.7515625 0.1390625 0.1859375
0 0.2109375 0.70859375 0.05625 0.06953125
1 0.80703125 0.27734375 0.14375 0.0375
2 0.19140625 0.71328125 0.08984375 0.090625
2 0.31640625 0.278125 0.07578125 0.2
1 0.834375 0.86953125 0.053125 0.03515625
0 0.2203125 0.18046875 0.2765625 0.18125
0 0.315625 0.3328125 0.0703125 0.09921875