2 0.246875 0.5484375 0.0515625 0.1046875
2 0.21015625 0.6671875 0.04765625 0.1765625
2 0.27265625 0.6796875 0.07734375 0.15625
2 0.125 0.64296875 0.05078125 0.2234375
0 0.290625 0.5734375 0.03046875 0.06328125
2 0.59609375 0.3328125 0.14921875 0.2578125
0 0.2578125 0.62734375 0.028125 0.06640625
0 0.3359375 0.78203125 0.034375 0.07265625
0 0.16640625 0.78046875 0.034375 0.07265625
2 0.66171875 0.68046875 0.0515625 0.13046875
2 0.8609375 0.59921875 0.2015625 0.27734375
0 0.6515625 0.42890625 0.03203125 0.06796875
0 0.6203125 0.56484375 0.03203125 0.07109375
2 0.93046875 0.41875 0.05703125 0.07734375
2 0.57734375 0.6203125 0.11875 0.27109375
2 0.74609375 0.32265625 0.14375 0.259375
0 0.07578125 0.77890625 0.0359375 0.071875
2 0.096875 0.36015625 0.146875 0.34765625
0 0.0875 0.5578125 0.03125 0.065625
0 0.209375 0.16328125 0.034375 0.065625
0 0.078125 0.6296875 0.0359375 0.07265625
2 0.06171875 0.675 0.07578125 0.15234375
0 0.67109375 0.58515625 0.03125 0.05859375
2 0.88984375 0.278125 0.13828125 0.1625
0 0.70703125 0.64921875 0.0375 0.0796875
0 0.9765625 0.278125 0.0328125 0.075
0 0.7078125 0.78203125 0.03671875 0.08203125
1 0.5921875 0.75546875 0.0421875 0.03046875
0 0.38671875 0.7921875 0.0390625 0.078125
0 0.83359375 0.27421875 0.03046875 0.06484375
1 0.56171875 0.75625 0.025 0.0296875
1 0.66796875 0.75546875 0.01953125 0.0265625
2 0.86640625 0.38984375 0.06015625 0.13046875
2 0.384375 0.46640625 0.20234375 0.56171875
1 0.75078125 0.18984375 0.040625 0.02421875
1 0.6015625 0.1890625 0.03984375 0.02734375
2 0.74765625 0.2515625 0.14296875 0.11875
1 0.8578125 0.7890625 0.0484375 0.04296875
0 0.42421875 0.7890625 0.03671875 0.07734375
2 0.21875 0.28984375 0.071875 0.203125
2 0.896875 0.34140625 0.1203125 0.09140625
1 0.88828125 0.77734375 0.021875 0.04921875
1 0.91015625 0.75 0.0265625 0.03046875