2 0.5953125 0.70078125 0.21015625 0.2078125
2 0.30703125 0.6953125 0.16875 0.2109375
2 0.309375 0.38828125 0.16796875 0.24140625
2 0.58984375 0.38515625 0.415625 0.215625
2 0.278125 0.553125 0.0984375 0.09453125
0 0.55625 0.62265625 0.0546875 0.06015625
0 0.36328125 0.62109375 0.05859375 0.0625
0 0.3625 0.484375 0.06171875 0.0640625
0 0.4625 0.73984375 0.06875 0.071875
0 0.34453125 0.56328125 0.06796875 0.0625
0 0.62578125 0.55078125 0.0625 0.06875
2 0.3078125 0.85234375 0.17578125 0.10703125
1 0.33671875 0.2671875 0.09375 0.03125
1 0.62265625 0.80546875 0.1015625 0.03203125
1 0.33046875 0.8 0.090625 0.0328125
2 0.74765625 0.64765625 0.109375 0.16875
0 0.45546875 0.82890625 0.06796875 0.075
1 0.50859375 0.27109375 0.1421875 0.03046875
1 0.69765625 0.27578125 0.0984375 0.02890625
2 0.74921875 0.77578125 0.1078125 0.11484375
2 0.72890625 0.54609375 0.16015625 0.11015625
0 0.61640625 0.253125 0.05859375 0.0546875
0 0.30234375 0.55703125 0.15390625 0.08125