2 0.29609375 0.415625 0.253125 0.24453125
2 0.76171875 0.60390625 0.25 0.21328125
0 0.79921875 0.81640625 0.07890625 0.14921875
0 0.71015625 0.67890625 0.075 0.06796875
0 0.565625 0.7359375 0.07421875 0.06640625
0 0.39609375 0.6109375 0.07890625 0.06875
2 0.2890625 0.6140625 0.25 0.16328125
1 0.16640625 0.59765625 0.04453125 0.13046875
1 0.78515625 0.4953125 0.16640625 0.04140625
2 0.40859375 0.74921875 0.25703125 0.11875
1 0.57890625 0.28984375 0.1703125 0.03828125
0 0.7203125 0.45078125 0.08125 0.07421875
0 0.30625 0.7203125 0.0546875 0.05078125
1 0.17109375 0.39765625 0.053125 0.178125
2 0.7859375 0.3859375 0.18671875 0.21484375
2 0.221875 0.75546875 0.13046875 0.109375