2 0.33203125 0.76640625 0.31796875 0.14765625
2 0.31484375 0.59765625 0.2953125 0.18984375
2 0.88515625 0.8625 0.1375 0.13359375
2 0.40078125 0.8921875 0.190625 0.0796875
2 0.75546875 0.4296875 0.140625 0.09453125
2 0.89453125 0.428125 0.14140625 0.09453125
2 0.128125 0.89921875 0.10546875 0.08671875
0 0.23125 0.87890625 0.0890625 0.0515625
0 0.528125 0.2796875 0.09609375 0.0578125
0 0.44140625 0.82109375 0.1046875 0.06171875
0 0.57890625 0.8328125 0.09765625 0.06484375
0 0.4359375 0.6546875 0.11015625 0.0640625
1 0.63828125 0.153125 0.0515625 0.1125
2 0.6875 0.309375 0.10703125 0.0765625
2 0.8328125 0.31171875 0.18046875 0.1
2 0.38046875 0.1484375 0.51171875 0.1875
2 0.12109375 0.76015625 0.1140625 0.1328125
1 0.06640625 0.76484375 0.05 0.115625
1 0.06484375 0.609375 0.0453125 0.10625
1 0.0625 0.35390625 0.06171875 0.1609375
1 0.6359375 0.3140625 0.04296875 0.065625
2 0.19375 0.98359375 0.19296875 0.0296875
2 0.7203125 0.83984375 0.203125 0.1703125
0 0.53203125 0.88515625 0.07578125 0.03671875
1 0.890625 0.47421875 0.11640625 0.01484375
1 0.7578125 0.375 0.13515625 0.02734375
2 0.55625 0.9140625 0.12421875 0.03359375
2 0.55078125 0.8859375 0.11015625 0.0453125
2 0.88828125 0.7609375 0.12265625 0.06875
2 0.8359375 0.5765625 0.27109375 0.2390625