2 0.575 0.459375 0.1078125 0.18203125
2 0.8890625 0.46171875 0.0765625 0.18671875
2 0.84296875 0.225 0.09140625 0.29140625
2 0.1328125 0.27890625 0.0890625 0.18125
2 0.70078125 0.46171875 0.08203125 0.18359375
2 0.484375 0.27734375 0.184375 0.1765625
2 0.2765625 0.4640625 0.0796875 0.1890625
2 0.5453125 0.80859375 0.075 0.13046875
2 0.8359375 0.4625 0.034375 0.1765625
2 0.2375 0.81484375 0.06875 0.13359375
0 0.77890625 0.79140625 0.03515625 0.090625
2 0.11015625 0.46328125 0.1328125 0.18671875
0 0.1953125 0.52421875 0.03125 0.06328125
0 0.7765625 0.52421875 0.03359375 0.07265625
0 0.51015625 0.51796875 0.034375 0.0625
0 0.80703125 0.4671875 0.02890625 0.0609375
0 0.1890625 0.1484375 0.03515625 0.075
0 0.0734375 0.3078125 0.03671875 0.06875
2 0.7546875 0.28359375 0.10390625 0.17109375
0 0.37421875 0.5890625 0.03203125 0.07734375
0 0.4859375 0.790625 0.03515625 0.08125
0 0.228125 0.4640625 0.03359375 0.06953125
0 0.51171875 0.578125 0.03125 0.0625
0 0.378125 0.28671875 0.03515625 0.11484375
0 0.23046875 0.32265625 0.03046875 0.065625
0 0.16484375 0.5296875 0.03125 0.06796875
1 0.75390625 0.1953125 0.065625 0.0359375
2 0.2390625 0.13828125 0.07109375 0.12578125
2 0.18125 0.65625 0.1765625 0.1875
2 0.828125 0.65703125 0.11171875 0.21484375
1 0.1375 0.1859375 0.0609375 0.0296875
2 0.4015625 0.4609375 0.103125 0.1828125
1 0.54765625 0.86640625 0.03671875 0.0296875
1 0.353125 0.45703125 0.01875 0.1640625
2 0.2328125 0.52421875 0.05390625 0.07109375
1 0.446875 0.1875 0.0640625 0.0296875
1 0.54453125 0.07734375 0.034375 0.03046875
2 0.24375 0.24453125 0.05703125 0.09921875
0 0.1890625 0.3546875 0.02109375 0.0375
1 0.121875 0.55625 0.05390625 0.03125
2 0.55390625 0.6 0.053125 0.10859375
0 0.165625 0.575 0.02890625 0.08515625
2 0.121875 0.8265625 0.1640625 0.1171875
2 0.5359375 0.21328125 0.08984375 0.296875
1 0.6046875 0.55859375 0.0265625 0.02890625
1 0.0703125 0.559375 0.03515625 0.02890625
1 0.0859375 0.23671875 0.0140625 0.1046875
2 0.4296875 0.64375 0.078125 0.21328125