2 0.73125 0.32890625 0.315625 0.19140625
2 0.8 0.54140625 0.16484375 0.11328125
2 0.825 0.89296875 0.23359375 0.09296875
2 0.2703125 0.590625 0.3796875 0.21640625
0 0.6140625 0.39296875 0.09140625 0.06953125
0 0.53828125 0.51328125 0.09296875 0.0640625
0 0.4140625 0.72890625 0.0859375 0.06015625
2 0.64765625 0.52421875 0.14453125 0.0796875
2 0.7359375 0.76953125 0.31328125 0.14296875
0 0.68984375 0.40625 0.078125 0.05703125
2 0.73125 0.4578125 0.3046875 0.0671875
2 0.2625 0.76953125 0.36328125 0.1453125
0 0.76171875 0.621875 0.0875 0.0640625
0 0.68046875 0.89453125 0.08828125 0.06015625
0 0.61796875 0.72734375 0.0828125 0.0578125
1 0.084375 0.52109375 0.0453125 0.08203125
0 0.5296875 0.7890625 0.08671875 0.0625
0 0.52265625 0.86015625 0.08046875 0.06015625
0 0.5296875 0.6359375 0.109375 0.06875
0 0.52421875 0.2109375 0.08125 0.0515625
1 0.234375 0.2234375 0.06796875 0.0234375
1 0.33125 0.84453125 0.10390625 0.025
1 0.36796875 0.22578125 0.20703125 0.03046875
2 0.33359375 0.8109375 0.12734375 0.0625
2 0.728125 0.62734375 0.31171875 0.13203125
2 0.734375 0.4546875 0.315625 0.06328125
1 0.64140625 0.22734375 0.10625 0.02578125
2 0.33671875 0.3578125 0.496875 0.259375