2 0.35546875 0.3578125 0.41015625 0.23359375
2 0.78359375 0.4640625 0.2421875 0.47578125
2 0.6015625 0.38671875 0.11640625 0.3109375
2 0.82578125 0.7734375 0.15546875 0.1609375
0 0.65078125 0.85078125 0.078125 0.2015625
0 0.58828125 0.575 0.0625 0.1015625
0 0.69921875 0.65625 0.08125 0.11015625
0 0.51640625 0.34375 0.06640625 0.08046875
1 0.78359375 0.221875 0.15546875 0.0609375
1 0.5953125 0.22265625 0.109375 0.05546875
0 0.73203125 0.7625 0.065625 0.08125
1 0.14140625 0.35703125 0.03671875 0.1796875
0 0.50390625 0.7421875 0.090625 0.09921875
0 0.33828125 0.66484375 0.40390625 0.3828125
0 0.15625 0.52890625 0.11640625 0.0921875
2 0.1421875 0.52890625 0.140625 0.0921875
0 0.7171875 0.728125 0.07734375 0.16171875
2 0.34140625 0.659375 0.39453125 0.38515625