2 0.184375 0.515625 0.18359375 0.15546875
2 0.16484375 0.67890625 0.14296875 0.1703125
2 0.77109375 0.59921875 0.1609375 0.325
2 0.7546875 0.12734375 0.18828125 0.159375
2 0.75546875 0.2859375 0.18828125 0.16328125
2 0.27578125 0.7046875 0.08046875 0.1140625
1 0.0921875 0.63671875 0.03515625 0.08671875
1 0.72578125 0.43125 0.09765625 0.03203125
1 0.09375 0.16171875 0.0390625 0.08359375
2 0.3125 0.553125 0.07265625 0.07109375
1 0.09453125 0.24609375 0.03828125 0.07890625
1 0.52890625 0.4328125 0.0984375 0.03203125
0 0.35859375 0.78359375 0.05 0.05
1 0.090625 0.5421875 0.03515625 0.090625
1 0.85234375 0.15625 0.03671875 0.0796875
1 0.853125 0.25078125 0.03515625 0.078125
2 0.24921875 0.85078125 0.315625 0.17578125
0 0.21328125 0.61484375 0.05390625 0.04296875
0 0.3375 0.69453125 0.059375 0.04609375
2 0.43203125 0.1296875 0.0921875 0.15625
2 0.32890625 0.478125 0.10390625 0.08203125
1 0.721875 0.76640625 0.10390625 0.03515625
0 0.25390625 0.57265625 0.0484375 0.04765625
1 0.85625 0.55390625 0.03984375 0.08984375
1 0.21953125 0.43359375 0.0984375 0.02890625
1 0.32890625 0.4328125 0.090625 0.02734375
0 0.31796875 0.60859375 0.04765625 0.0484375
1 0.6328125 0.76640625 0.09375 0.02890625
0 0.34140625 0.2265625 0.05546875 0.05390625
2 0.2375 0.2078125 0.28671875 0.32578125
0 0.396875 0.61015625 0.05 0.05
2 0.41953125 0.5125 0.1171875 0.1546875
1 0.8578125 0.6375 0.0375 0.0875
0 0.3984375 0.48984375 0.06015625 0.04453125
2 0.3328125 0.1796875 0.0984375 0.05
1 0.54140625 0.7671875 0.09375 0.02890625
1 0.1875 0.9453125 0.15859375 0.03671875
0 0.4390625 0.41796875 0.0515625 0.046875
0 0.43046875 0.22578125 0.05625 0.053125
2 0.584375 0.59609375 0.20703125 0.3296875
2 0.52109375 0.20625 0.278125 0.3265625
0 0.43515625 0.78671875 0.053125 0.05390625
0 0.63671875 0.41796875 0.05390625 0.046875