2 0.31640625 0.60546875 0.1640625 0.08828125
2 0.88359375 0.696875 0.20390625 0.1328125
2 0.215625 0.475 0.37265625 0.17265625
2 0.88515625 0.809375 0.20078125 0.09609375
0 0.490625 0.184375 0.1046875 0.06015625
2 0.259375 0.90859375 0.27578125 0.08984375
2 0.1578125 0.24296875 0.2390625 0.06328125
2 0.21328125 0.29921875 0.37109375 0.17421875
0 0.35234375 0.35703125 0.1125 0.05390625
0 0.1359375 0.67265625 0.09296875 0.05625
2 0.78203125 0.30546875 0.40234375 0.1828125
2 0.2109375 0.74921875 0.38203125 0.20078125
1 0.8546875 0.2046875 0.134375 0.0265625
2 0.68671875 0.5234375 0.53515625 0.19765625
2 0.13515625 0.60703125 0.20859375 0.08515625
0 0.35546875 0.5328125 0.11015625 0.05390625
1 0.028125 0.484375 0.04140625 0.084375
0 0.66796875 0.878125 0.096875 0.05859375
2 0.66796875 0.68671875 0.2546875 0.109375
1 0.028125 0.31171875 0.046875 0.08359375
0 0.3546875 0.678125 0.11015625 0.05703125
1 0.72734375 0.2046875 0.1375 0.02890625
0 0.47421875 0.878125 0.10703125 0.0609375
1 0.603125 0.2046875 0.13203125 0.0265625
0 0.43359375 0.9203125 0.096875 0.0515625
1 0.0265625 0.7453125 0.04453125 0.0890625
0 0.746875 0.70546875 0.1046875 0.0546875
0 0.44140625 0.61640625 0.10859375 0.0515625
1 0.884375 0.8578125 0.06875 0.02109375
0 0.83515625 0.73515625 0.09921875 0.05390625
2 0.15078125 0.415625 0.2546875 0.05625
0 0.58671875 0.71171875 0.09921875 0.05625
1 0.38828125 0.53046875 0.05078125 0.06015625
0 0.45 0.89765625 0.10859375 0.078125
1 0.55078125 0.71171875 0.05546875 0.06015625
0 0.31953125 0.60546875 0.16796875 0.0875