2 0.5265625 0.340625 0.8359375 0.35859375
2 0.703125 0.56328125 0.4296875 0.103125
2 0.23984375 0.88828125 0.2953125 0.175
0 0.4328125 0.58359375 0.184375 0.0546875
2 0.72890625 0.6609375 0.40625 0.10625
0 0.45390625 0.85390625 0.1828125 0.04921875
0 0.65390625 0.16796875 0.19296875 0.11171875
0 0.31171875 0.73125 0.2 0.06484375
0 0.30625 0.6359375 0.19765625 0.06484375
1 0.35546875 0.1671875 0.41328125 0.03515625
0 0.62265625 0.5953125 0.1671875 0.05546875
1 0.66328125 0.71015625 0.1265625 0.02265625
0 0.24453125 0.88828125 0.296875 0.1796875
0 0.71171875 0.65546875 0.44375 0.1125
0 0.6828125 0.57265625 0.3375 0.09140625