2 0.78203125 0.54921875 0.15703125 0.11171875
2 0.38046875 0.12109375 0.171875 0.11640625
2 0.77734375 0.25390625 0.16015625 0.18046875
2 0.54609375 0.54765625 0.15703125 0.11171875
2 0.92734375 0.6796875 0.1046875 0.1296875
2 0.78125 0.38515625 0.153125 0.07421875
2 0.5859375 0.228125 0.21640625 0.13359375
2 0.81171875 0.69765625 0.1109375 0.09921875
0 0.728125 0.5203125 0.0515625 0.03046875
2 0.53828125 0.4703125 0.0859375 0.04765625
0 0.54921875 0.50625 0.046875 0.02890625
0 0.67421875 0.38984375 0.0484375 0.028125
2 0.73515625 0.46015625 0.05859375 0.05859375
2 0.38671875 0.25703125 0.17578125 0.10859375
0 0.80390625 0.15703125 0.03828125 0.02890625
0 0.6578125 0.56640625 0.06796875 0.0359375
1 0.9796875 0.684375 0.02890625 0.040625
2 0.9421875 0.2375 0.115625 0.14375
0 0.4359375 0.16953125 0.05859375 0.03359375
0 0.95078125 0.50703125 0.04453125 0.028125
0 0.72734375 0.68515625 0.06640625 0.0375
2 0.9421875 0.34609375 0.115625 0.0703125
0 0.67109375 0.13359375 0.06875 0.05
1 0.57578125 0.15 0.13359375 0.0296875
0 0.9328125 0.1578125 0.03671875 0.02421875
0 0.6765625 0.46484375 0.03671875 0.02421875
0 0.4515625 0.12734375 0.03984375 0.02265625
0 0.728125 0.59375 0.05078125 0.0265625
1 0.5515625 0.60859375 0.09921875 0.0203125
0 0.66796875 0.62734375 0.05703125 0.0375
1 0.42578125 0.06015625 0.06875 0.01328125
0 0.95234375 0.36796875 0.0484375 0.02890625
1 0.75234375 0.15703125 0.09921875 0.03203125
1 0.7015625 0.2421875 0.02265625 0.0453125
2 0.93984375 0.54609375 0.1203125 0.1140625
2 0.8078125 0.45859375 0.0890625 0.05625
2 0.53203125 0.6875 0.1703125 0.13125