2 0.8515625 0.25703125 0.16953125 0.2765625
2 0.34375 0.40625 0.10078125 0.13828125
2 0.31796875 0.228125 0.1453125 0.215625
2 0.20625 0.22734375 0.07890625 0.21875
2 0.696875 0.25234375 0.14921875 0.27265625
2 0.859375 0.6328125 0.1515625 0.22109375
2 0.2484375 0.609375 0.16328125 0.27421875
2 0.1171875 0.22265625 0.1046875 0.225
2 0.6453125 0.66796875 0.08359375 0.15
2 0.88203125 0.46328125 0.10390625 0.12734375
0 0.80703125 0.553125 0.04609375 0.07578125
0 0.79453125 0.36484375 0.0484375 0.07890625
0 0.14609375 0.29765625 0.05078125 0.07109375
0 0.2296875 0.5 0.04375 0.0703125
0 0.36953125 0.29765625 0.0515625 0.071875
0 0.8828125 0.37421875 0.04453125 0.0640625
0 0.30859375 0.56796875 0.05234375 0.0765625
0 0.58828125 0.0828125 0.05234375 0.08203125
2 0.23046875 0.40390625 0.13359375 0.13203125
0 0.278125 0.44140625 0.04296875 0.05703125
0 0.6828125 0.36484375 0.0484375 0.0765625
0 0.134375 0.375 0.05 0.08359375
0 0.6265625 0.565625 0.04765625 0.071875
1 0.8625 0.11484375 0.07265625 0.03671875
1 0.16328125 0.4953125 0.0234375 0.1046875
0 0.715625 0.92578125 0.04375 0.071875
1 0.9375 0.334375 0.02421875 0.05234375
1 0.31640625 0.11484375 0.0515625 0.03203125
1 0.975 0.3375 0.015625 0.06171875
0 0.14765625 0.56953125 0.04765625 0.06640625
2 0.46171875 0.6125 0.2609375 0.2015625
1 0.9734375 0.24296875 0.01484375 0.06171875
1 0.76640625 0.89375 0.03125 0.028125
1 0.6921875 0.11484375 0.0703125 0.034375
1 0.86484375 0.74296875 0.0703125 0.0375
1 0.97578125 0.5203125 0.01328125 0.06171875
0 0.140625 0.33828125 0.05 0.15
1 0.97578125 0.42890625 0.0140625 0.0609375
1 0.97421875 0.1515625 0.01484375 0.0609375
1 0.11640625 0.11171875 0.02734375 0.02890625
1 0.975 0.70625 0.01328125 0.05703125
1 0.2515625 0.7421875 0.05625 0.0328125
1 0.65859375 0.89375 0.0328125 0.03046875
1 0.02890625 0.146875 0.0140625 0.06015625
2 0.73203125 0.690625 0.10390625 0.2328125
1 0.48515625 0.1171875 0.121875 0.03203125