2 0.715625 0.47734375 0.10390625 0.1921875
2 0.7171875 0.6546875 0.10390625 0.15703125
2 0.515625 0.21015625 0.1234375 0.38203125
2 0.3921875 0.61875 0.121875 0.22265625
2 0.15234375 0.2734375 0.04609375 0.1359375
2 0.79921875 0.65 0.06796875 0.18046875
2 0.0640625 0.77265625 0.08828125 0.11484375
2 0.47734375 0.64765625 0.0484375 0.15390625
2 0.6078125 0.73671875 0.0640625 0.30703125
2 0.20703125 0.1984375 0.078125 0.3375
2 0.10390625 0.11171875 0.0546875 0.1609375
0 0.190625 0.4296875 0.0296875 0.06640625
0 0.86796875 0.7609375 0.0265625 0.065625
0 0.55390625 0.9171875 0.03359375 0.08359375
2 0.38984375 0.1359375 0.1140625 0.23203125
0 0.753125 0.49375 0.02890625 0.05625
2 0.51953125 0.8328125 0.03828125 0.1125
0 0.1421875 0.41640625 0.028125 0.06796875
0 0.55390625 0.815625 0.03515625 0.08203125
0 0.22890625 0.4359375 0.025 0.05234375
2 0.04765625 0.13046875 0.05625 0.13203125
0 0.26484375 0.3859375 0.03359375 0.0703125
2 0.72265625 0.30390625 0.11875 0.16015625
2 0.8484375 0.2890625 0.11796875 0.259375
0 0.51875 0.75703125 0.02890625 0.0546875
0 0.08671875 0.125 0.02421875 0.0546875
0 0.484375 0.55 0.02265625 0.053125
0 0.86640625 0.4546875 0.0265625 0.0671875
2 0.2 0.58984375 0.09453125 0.265625
2 0.06875 0.53359375 0.11796875 0.37890625
0 0.4421875 0.7015625 0.0234375 0.04375
2 0.3890625 0.38203125 0.11171875 0.215625
2 0.87265625 0.13828125 0.0640625 0.05546875
0 0.14453125 0.1078125 0.0296875 0.053125
2 0.80703125 0.47265625 0.06484375 0.08046875
0 0.46875 0.54140625 0.03046875 0.0578125
0 0.275 0.5 0.05078125 0.11015625
2 0.86953125 0.06484375 0.0765625 0.0890625
1 0.4015625 0.0171875 0.046875 0.02578125
1 0.3921875 0.73046875 0.04765625 0.025
1 0.19609375 0.0234375 0.06015625 0.03125
2 0.22421875 0.55078125 0.04296875 0.184375
0 0.7953125 0.490625 0.01875 0.04140625
1 0.61953125 0.88984375 0.02578125 0.0234375
0 0.46640625 0.4390625 0.0265625 0.053125
2 0.790625 0.540625 0.05 0.053125
1 0.59765625 0.88828125 0.02890625 0.025
1 0.90703125 0.32265625 0.0125 0.11328125