2 0.59453125 0.6796875 0.140625 0.3203125
2 0.87265625 0.68828125 0.14453125 0.34765625
2 0.41015625 0.46640625 0.06015625 0.09375
2 0.76640625 0.7515625 0.07421875 0.12890625
2 0.2984375 0.4125 0.07421875 0.22265625
2 0.22109375 0.471875 0.06796875 0.10859375
2 0.7 0.753125 0.06796875 0.12890625
0 0.77265625 0.84375 0.046875 0.08515625
0 0.36640625 0.48046875 0.0328125 0.05390625
0 0.22109375 0.55625 0.040625 0.07109375
0 0.7734375 0.6546875 0.04921875 0.07578125
0 0.7125 0.659375 0.04296875 0.06953125
0 0.42265625 0.27265625 0.04375 0.065625
0 0.81953125 0.4265625 0.046875 0.06796875
0 0.35234375 0.378125 0.04375 0.06640625
0 0.81875 0.58515625 0.04140625 0.06328125
0 0.64765625 0.584375 0.0390625 0.0609375
2 0.875 0.29921875 0.13828125 0.2671875
0 0.31328125 0.60546875 0.0421875 0.06875
0 0.3171875 0.3234375 0.03203125 0.05625
1 0.59453125 0.85859375 0.07890625 0.0453125
0 0.38046875 0.1265625 0.0390625 0.06640625
1 0.87578125 0.1515625 0.06875 0.0453125
1 0.0296875 0.1671875 0.0171875 0.04453125
0 0.93046875 0.3984375 0.03125 0.05390625
2 0.3875 0.27890625 0.10703125 0.240625
2 0.5046875 0.33359375 0.1265625 0.3375
2 0.43046875 0.6859375 0.1875 0.34609375
1 0.8765625 0.8609375 0.07578125 0.03984375
1 0.02890625 0.253125 0.01640625 0.04375
1 0.028125 0.340625 0.01640625 0.0453125
1 0.4078125 0.1484375 0.03203125 0.03359375
1 0.40078125 0.859375 0.06328125 0.03671875
1 0.52890625 0.15234375 0.046875 0.03046875
1 0.95078125 0.5921875 0.0171875 0.046875
1 0.29921875 0.52265625 0.0453125 0.034375
0 0.1765625 0.23828125 0.03359375 0.06484375
2 0.87265625 0.44375 0.15859375 0.1296875
2 0.29375 0.2296875 0.0734375 0.146875
1 0.95234375 0.434375 0.0171875 0.046875
2 0.83125 0.48203125 0.0609375 0.0609375
1 0.06171875 0.20234375 0.05625 0.02265625
0 0.2140625 0.04296875 0.0421875 0.0671875
1 0.81015625 0.83984375 0.0296875 0.0609375
1 0.4390625 0.86015625 0.08125 0.034375