2 0.3375 0.76015625 0.2125 0.20546875
2 0.66171875 0.3890625 0.22890625 0.30234375
2 0.66796875 0.7015625 0.2234375 0.328125
0 0.4921875 0.190625 0.09140625 0.11328125
0 0.41015625 0.7328125 0.07890625 0.08828125
0 0.1421875 0.9046875 0.0859375 0.10234375
0 0.5890625 0.58046875 0.07578125 0.0796875
1 0.78515625 0.6734375 0.0515625 0.171875
1 0.659375 0.23203125 0.11875 0.05859375
1 0.18125 0.23203125 0.1109375 0.05390625
0 0.2046875 0.76171875 0.0828125 0.1
1 0.33125 0.23203125 0.15390625 0.05390625
0 0.58828125 0.49296875 0.0890625 0.090625
1 0.78125 0.475 0.0421875 0.07109375
2 0.49375 0.76484375 0.1109375 0.20234375
2 0.19765625 0.75859375 0.0953125 0.12890625
2 0.1359375 0.7546875 0.19453125 0.21640625
0 0.3703125 0.45234375 0.33828125 0.425