2 0.7171875 0.32890625 0.23515625 0.140625
2 0.740625 0.46875 0.18125 0.1390625
2 0.79921875 0.0828125 0.07578125 0.0890625
2 0.7734375 0.23359375 0.11953125 0.0515625
2 0.69609375 0.56640625 0.08828125 0.053125
2 0.265625 0.26484375 0.1625 0.14921875
0 0.575 0.6984375 0.0515625 0.0421875
2 0.7859375 0.565625 0.08984375 0.05546875
0 0.67421875 0.45234375 0.053125 0.03671875
0 0.6203125 0.21640625 0.046875 0.034375
0 0.73984375 0.0796875 0.0546875 0.03828125
2 0.6671875 0.64296875 0.09765625 0.08359375
0 0.44453125 0.321875 0.04921875 0.03515625
2 0.55390625 0.2234375 0.09375 0.0609375
0 0.5921875 0.6125 0.053125 0.0421875
0 0.62578125 0.38125 0.0515625 0.0359375
0 0.85859375 0.79765625 0.05078125 0.03515625
0 0.7703125 0.26953125 0.040625 0.0296875
0 0.58359375 0.0796875 0.04140625 0.034375
2 0.7484375 0.8984375 0.290625 0.140625
2 0.771875 0.18359375 0.11015625 0.03515625
0 0.7 0.184375 0.03828125 0.02734375
2 0.68515625 0.0765625 0.16015625 0.05625
0 0.5421875 0.79375 0.05625 0.0390625
0 0.6328125 0.571875 0.04609375 0.0328125
0 0.24921875 0.325 0.08046875 0.0296875
0 0.57421875 0.38203125 0.04921875 0.03671875
2 0.421875 0.2625 0.1609375 0.146875
2 0.76875 0.6359375 0.10546875 0.08203125
2 0.66328125 0.1640625 0.11015625 0.07734375
1 0.83671875 0.34921875 0.02578125 0.053125
1 0.17890625 0.2703125 0.0234375 0.06171875
0 0.70078125 0.23984375 0.03671875 0.0296875
0 0.78984375 0.5265625 0.0390625 0.0265625
0 0.7015625 0.6375 0.0375 0.02734375
1 0.83515625 0.471875 0.025 0.0515625
0 0.20859375 0.609375 0.03984375 0.03125
1 0.17890625 0.42578125 0.0265625 0.06953125
2 0.56171875 0.6390625 0.11328125 0.08671875
1 0.40859375 0.1890625 0.09765625 0.01796875
1 0.22734375 0.65 0.021875 0.05625
2 0.57734375 0.453125 0.146875 0.1015625
2 0.540625 0.10703125 0.1203125 0.1609375
0 0.57109375 0.17578125 0.04453125 0.03515625
2 0.2953125 0.68359375 0.059375 0.0734375
1 0.26796875 0.728125 0.078125 0.0171875
1 0.6015625 0.3328125 0.01953125 0.06640625
2 0.95 0.90078125 0.0953125 0.11953125
2 0.409375 0.64453125 0.159375 0.16328125
0 0.209375 0.57734375 0.034375 0.0296875
1 0.1796875 0.4890625 0.025 0.0671875
2 0.115625 0.45859375 0.121875 0.15
1 0.32890625 0.728125 0.04921875 0.01328125