2 0.146875 0.2734375 0.16796875 0.37890625
0 0.4109375 0.34453125 0.0890625 0.13359375
2 0.3046875 0.375 0.15234375 0.17734375
0 0.16796875 0.5109375 0.09921875 0.134375
1 0.95390625 0.68984375 0.053125 0.22421875
0 0.203125 0.7421875 0.096875 0.1421875
1 0.7375 0.253125 0.04609375 0.1953125
2 0.853125 0.2625 0.21171875 0.34296875
0 0.80546875 0.38125 0.10078125 0.14296875
2 0.56015625 0.2765625 0.32265625 0.38046875
0 0.5703125 0.6296875 0.0390625 0.05390625
2 0.3 0.190625 0.146875 0.1859375
2 0.44375 0.775 0.23984375 0.2625