2 0.26640625 0.69453125 0.06015625 0.13125
2 0.378125 0.36796875 0.18984375 0.28203125
2 0.6734375 0.5875 0.11640625 0.12578125
0 0.3734375 0.59453125 0.0515625 0.08828125
2 0.3765625 0.75234375 0.15234375 0.24921875
0 0.21875 0.6828125 0.04453125 0.06171875
0 0.52890625 0.5484375 0.0375 0.06875
0 0.52265625 0.178125 0.05 0.07890625
2 0.521875 0.36328125 0.09453125 0.0921875
0 0.64453125 0.4953125 0.04765625 0.0796875
0 0.7671875 0.56015625 0.05 0.07109375
0 0.8078125 0.30703125 0.05703125 0.10234375
0 0.31484375 0.8296875 0.04140625 0.0625
2 0.89765625 0.21796875 0.1265625 0.29296875
2 0.6234375 0.2859375 0.103125 0.14921875
1 0.9609375 0.56953125 0.01796875 0.08203125
1 0.63984375 0.8859375 0.10078125 0.053125
0 0.596875 0.55703125 0.0421875 0.065625
0 0.5953125 0.3921875 0.0453125 0.078125
0 0.44609375 0.18828125 0.05 0.12578125
1 0.96015625 0.24140625 0.0203125 0.08125
2 0.26640625 0.81953125 0.06171875 0.11484375
2 0.1765625 0.43125 0.22109375 0.4125
1 0.38203125 0.88203125 0.08515625 0.04296875
2 0.52265625 0.2703125 0.09765625 0.1109375
2 0.48984375 0.79765625 0.065625 0.11328125
0 0.4484375 0.24375 0.0453125 0.078125
1 0.14296875 0.8859375 0.09375 0.0296875
0 0.71484375 0.16328125 0.04296875 0.06484375
1 0.38359375 0.209375 0.08515625 0.040625
2 0.85625 0.54609375 0.20703125 0.2078125
2 0.71171875 0.2625 0.07109375 0.11640625
2 0.6390625 0.77421875 0.190625 0.23984375
1 0.6234375 0.20546875 0.053125 0.03125
1 0.96015625 0.31875 0.0203125 0.08515625
0 0.49375 0.89453125 0.05703125 0.08359375
0 0.59140625 0.67890625 0.0484375 0.05859375
2 0.65625 0.43984375 0.14296875 0.17109375
2 0.70546875 0.33359375 0.065625 0.08515625
1 0.26484375 0.8796875 0.04296875 0.0328125