2 0.20625 0.7828125 0.20625 0.2453125
2 0.58046875 0.190625 0.1609375 0.1625
2 0.39765625 0.18828125 0.2015625 0.16171875
2 0.521875 0.72109375 0.19609375 0.1
2 0.20546875 0.6171875 0.20625 0.09921875
2 0.82734375 0.15078125 0.13671875 0.08359375
2 0.47890625 0.390625 0.1296875 0.0609375
2 0.78203125 0.25390625 0.23515625 0.1265625
2 0.8203125 0.7234375 0.153125 0.10078125
2 0.71015625 0.15 0.1046875 0.0796875
0 0.6265625 0.25078125 0.065625 0.0484375
2 0.77890625 0.421875 0.23359375 0.20625
2 0.67734375 0.71953125 0.12734375 0.090625
0 0.68125 0.60859375 0.059375 0.04140625
0 0.68359375 0.29296875 0.065625 0.04765625
2 0.7859375 0.5875 0.225 0.134375
1 0.89375 0.55703125 0.03203125 0.05625
0 0.4671875 0.25078125 0.06328125 0.05
0 0.48125 0.34375 0.059375 0.0453125
0 0.58359375 0.65625 0.059375 0.046875
0 0.4453125 0.6140625 0.0578125 0.04453125
1 0.89375 0.24375 0.03359375 0.07578125
0 0.7234375 0.203125 0.04453125 0.03359375
0 0.521875 0.5703125 0.065625 0.05
0 0.37890625 0.7875 0.0515625 0.03515625
0 0.80234375 0.78828125 0.06875 0.05
1 0.3 0.1875 0.0296875 0.075
1 0.803125 0.10703125 0.0640625 0.01796875
1 0.8921875 0.4296875 0.03828125 0.0765625
1 0.8921875 0.36640625 0.03359375 0.06640625
0 0.33046875 0.6375 0.06171875 0.04296875
1 0.596875 0.10859375 0.0953125 0.0203125
2 0.35703125 0.390625 0.1296875 0.0671875
1 0.29765625 0.33046875 0.03125 0.0484375
1 0.10234375 0.62890625 0.03203125 0.06640625
0 0.33671875 0.7875 0.05078125 0.03515625
0 0.36875 0.384375 0.06953125 0.053125
0 0.58984375 0.69140625 0.0515625 0.03515625
0 0.1015625 0.69375 0.03671875 0.0453125
2 0.36875 0.315625 0.13046875 0.09140625
0 0.2453125 0.92890625 0.07734375 0.04765625
1 0.78203125 0.52109375 0.2 0.01796875