2 0.40859375 0.35390625 0.34765625 0.18671875
2 0.76640625 0.6265625 0.38828125 0.21015625
2 0.77109375 0.3953125 0.38671875 0.26484375
2 0.1296875 0.49921875 0.22578125 0.10703125
0 0.525 0.26328125 0.10703125 0.0984375
0 0.471875 0.753125 0.10546875 0.059375
2 0.1296875 0.3140625 0.21640625 0.08984375
0 0.18359375 0.3765625 0.09609375 0.05625
0 0.47109375 0.6609375 0.09765625 0.05625
2 0.321875 0.51328125 0.175 0.08125
0 0.6125 0.58046875 0.10546875 0.05
0 0.53046875 0.42109375 0.0984375 0.053125
1 0.65859375 0.73046875 0.17734375 0.03125
1 0.72109375 0.26015625 0.2265625 0.0328125
0 0.3671875 0.6140625 0.10390625 0.04921875
0 0.271875 0.884375 0.12109375 0.053125
0 0.26953125 0.4984375 0.09375 0.0453125
1 0.3828125 0.26171875 0.184375 0.03046875
2 0.2046875 0.640625 0.409375 0.184375
0 0.4453125 0.49765625 0.09453125 0.0453125
2 0.121875 0.9140625 0.21484375 0.1328125
1 0.30078125 0.73046875 0.18984375 0.03125
2 0.609375 0.5421875 0.0671875 0.03515625
0 0.31640625 0.5125 0.17421875 0.07578125
0 0.4140625 0.3609375 0.340625 0.1890625
1 0.18671875 0.26171875 0.0875 0.02890625