2 0.2390625 0.309375 0.0984375 0.18046875
2 0.2390625 0.44609375 0.1 0.0859375
2 0.6625 0.29765625 0.096875 0.15625
2 0.3046875 0.27265625 0.03515625 0.10703125
2 0.5703125 0.53046875 0.2875 0.246875
0 0.4859375 0.34375 0.0390625 0.05
0 0.54453125 0.3421875 0.034375 0.04609375
2 0.53046875 0.3109375 0.05390625 0.1859375
2 0.58671875 0.26953125 0.0546875 0.0953125
0 0.2734375 0.4265625 0.0328125 0.0453125
0 0.3375 0.471875 0.0328125 0.04140625
0 0.5671875 0.771875 0.05078125 0.04765625
2 0.37265625 0.55 0.109375 0.15390625
2 0.41640625 0.2640625 0.17890625 0.26875
2 0.2546875 0.5578125 0.1328125 0.1421875
0 0.6640625 0.42109375 0.0359375 0.04765625
2 0.38984375 0.46796875 0.0734375 0.03359375
1 0.71640625 0.56484375 0.01875 0.0734375
0 0.675 0.6390625 0.04765625 0.04609375
0 0.52109375 0.21875 0.02578125 0.04296875
0 0.30546875 0.46953125 0.028125 0.04453125
1 0.1859375 0.29609375 0.01484375 0.0625
0 0.61484375 0.7265625 0.0265625 0.06796875
1 0.571875 0.21328125 0.0296875 0.01875
1 0.41796875 0.72109375 0.0203125 0.075
1 0.446875 0.13046875 0.06953125 0.02265625
1 0.1859375 0.42421875 0.0125 0.03828125
0 0.30546875 0.23125 0.02734375 0.04296875
0 0.4703125 0.77578125 0.034375 0.04609375
0 0.30546875 0.3453125 0.02734375 0.0421875
2 0.53125 0.38515625 0.0546875 0.03671875
1 0.37890625 0.12890625 0.0703125 0.0203125
1 0.7140625 0.29609375 0.015625 0.06328125
0 0.18515625 0.425 0.015625 0.0375