2 0.6546875 0.78671875 0.2328125 0.22421875
2 0.22109375 0.6234375 0.2578125 0.53203125
0 0.45390625 0.8953125 0.103125 0.18046875
2 0.2078125 0.23046875 0.28828125 0.30546875
0 0.75 0.7546875 0.07421875 0.07578125
0 0.51171875 0.78125 0.09375 0.10703125
2 0.846875 0.7859375 0.16015625 0.22265625
0 0.3046875 0.2671875 0.08671875 0.09921875
2 0.4609375 0.34453125 0.2265625 0.521875
1 0.34609375 0.646875 0.04296875 0.11171875
0 0.37421875 0.2703125 0.0875 0.1109375
1 0.20859375 0.08828125 0.23984375 0.0484375
1 0.215625 0.39140625 0.175 0.04609375
1 0.340625 0.1359375 0.03203125 0.0890625
1 0.75625 0.0875 0.14921875 0.0390625
1 0.38515625 0.084375 0.08515625 0.0359375
1 0.92109375 0.16484375 0.03203125 0.07421875
1 0.56484375 0.2109375 0.053125 0.2390625
1 0.4640625 0.5765625 0.0984375 0.05078125
1 0.0703125 0.2390625 0.0640625 0.3046875