2 0.8765625 0.5390625 0.1546875 0.2890625
2 0.1109375 0.51484375 0.1484375 0.30390625
2 0.81953125 0.22109375 0.15390625 0.32265625
2 0.2921875 0.59296875 0.065625 0.14296875
0 0.24453125 0.4421875 0.04296875 0.07890625
2 0.0828125 0.7734375 0.090625 0.22421875
0 0.36640625 0.24921875 0.0390625 0.08203125
0 0.165625 0.259375 0.04375 0.0828125
0 0.27890625 0.3234375 0.04453125 0.08046875
2 0.63125 0.33203125 0.0640625 0.13359375
0 0.14609375 0.765625 0.04609375 0.08984375
2 0.29609375 0.44765625 0.071875 0.1625
0 0.2375 0.69765625 0.0453125 0.1
0 0.75625 0.33125 0.04375 0.08359375
0 0.81796875 0.43984375 0.040625 0.0734375
0 0.16640625 0.47734375 0.04609375 0.0828125
0 0.353125 0.4203125 0.0390625 0.0828125
0 0.35 0.165625 0.0375 0.07109375
0 0.678125 0.33359375 0.04140625 0.07734375
0 0.24375 0.58671875 0.0421875 0.07578125
2 0.11171875 0.20078125 0.153125 0.3109375
1 0.57890625 0.6671875 0.0671875 0.046875
1 0.70234375 0.0515625 0.06875 0.03828125
2 0.5921875 0.16328125 0.1453125 0.21171875
1 0.8015625 0.61484375 0.01953125 0.10078125
2 0.34296875 0.12890625 0.15859375 0.1453125
1 0.225 0.04609375 0.0625 0.03671875
1 0.6078125 0.053125 0.04609375 0.03515625
2 0.340625 0.29140625 0.153125 0.16640625
1 0.14609375 0.04921875 0.06875 0.040625
2 0.4046875 0.52890625 0.14921875 0.29296875
1 0.78671875 0.05 0.0296875 0.04140625
1 0.41953125 0.340625 0.015625 0.0515625
2 0.6578125 0.521875 0.278125 0.29140625
1 0.753125 0.66796875 0.08671875 0.03828125