2 0.321875 0.28984375 0.1484375 0.1375
2 0.2984375 0.4453125 0.0984375 0.17578125
2 0.62265625 0.27734375 0.1703125 0.11640625
0 0.334375 0.40859375 0.03203125 0.040625
0 0.3625 0.33828125 0.03359375 0.0453125
2 0.4296875 0.28984375 0.06328125 0.13203125
2 0.47578125 0.30078125 0.03125 0.12265625
0 0.5984375 0.3421875 0.0296875 0.04140625
0 0.69140625 0.30546875 0.04609375 0.0515625
0 0.3828125 0.5171875 0.028125 0.03984375
0 0.3625 0.4484375 0.0296875 0.04140625
0 0.6515625 0.5171875 0.059375 0.046875
0 0.5078125 0.27265625 0.03515625 0.05234375
0 0.41484375 0.3375 0.02734375 0.03828125
0 0.47734375 0.3796875 0.03046875 0.03671875
2 0.41640625 0.465625 0.13515625 0.13359375
0 0.54921875 0.278125 0.0328125 0.04140625
0 0.25390625 0.33046875 0.03046875 0.05
0 0.57734375 0.21875 0.02890625 0.03828125
0 0.30625 0.51796875 0.0421875 0.0359375
0 0.55859375 0.6578125 0.053125 0.040625
0 0.5078125 0.6578125 0.053125 0.04296875
1 0.4125 0.2140625 0.0296875 0.028125
1 0.57734375 0.21484375 0.03046875 0.03046875
2 0.53671875 0.5203125 0.16875 0.3171875
2 0.66171875 0.434375 0.09765625 0.215625