2 0.8125 0.2375 0.13046875 0.31484375
2 0.67890625 0.2 0.13515625 0.2421875
2 0.8109375 0.6953125 0.13359375 0.2765625
2 0.14375 0.73359375 0.0765625 0.20234375
2 0.78203125 0.47109375 0.075 0.165625
2 0.38125 0.76015625 0.1296875 0.14453125
2 0.85 0.47421875 0.059375 0.1671875
0 0.72421875 0.2875 0.0453125 0.078125
0 0.7640625 0.35078125 0.0515625 0.0734375
0 0.76328125 0.5953125 0.05390625 0.075
2 0.38515625 0.61484375 0.1375 0.14453125
0 0.30234375 0.615625 0.04765625 0.0703125
0 0.72890625 0.4875 0.04609375 0.07109375
0 0.2953125 0.721875 0.05 0.08203125
0 0.8375 0.36953125 0.034375 0.05625
1 0.18671875 0.3765625 0.01953125 0.115625
2 0.38359375 0.3046875 0.14140625 0.4671875
1 0.18828125 0.1890625 0.02265625 0.15390625
0 0.16171875 0.60703125 0.03828125 0.06796875
2 0.22578125 0.79140625 0.07890625 0.08359375
0 0.63203125 0.67734375 0.04765625 0.06953125
1 0.6125 0.184375 0.02734375 0.15
0 0.1640625 0.4640625 0.04375 0.0671875
0 0.23515625 0.73203125 0.0375 0.0578125
1 0.40703125 0.8328125 0.03984375 0.02890625
1 0.359375 0.83359375 0.04140625 0.025
0 0.29453125 0.86796875 0.046875 0.0734375
1 0.70859375 0.078125 0.03046875 0.03046875
1 0.609375 0.7609375 0.01640625 0.0890625
1 0.6109375 0.4046875 0.02109375 0.1734375
1 0.76328125 0.83125 0.03359375 0.0234375
0 0.5875 0.67421875 0.04140625 0.0703125
1 0.88046875 0.4640625 0.01796875 0.05625
1 0.384375 0.07734375 0.08515625 0.02734375
1 0.81015625 0.83125 0.07734375 0.025
1 0.809375 0.0796875 0.09140625 0.03046875
1 0.453125 0.4640625 0.01796875 0.05234375
0 0.809375 0.6953125 0.13828125 0.28125
1 0.2328125 0.83359375 0.0390625 0.0296875
2 0.23046875 0.40390625 0.08046875 0.1796875
1 0.8515625 0.4734375 0.0609375 0.16484375
1 0.1875 0.27890625 0.0171875 0.06171875
0 0.20859375 0.4640625 0.0484375 0.0671875