2 0.4390625 0.66640625 0.24296875 0.22734375
2 0.22265625 0.69140625 0.196875 0.140625
2 0.22890625 0.59140625 0.1953125 0.06796875
2 0.6984375 0.7171875 0.37890625 0.32421875
2 0.225 0.82265625 0.2015625 0.121875
0 0.3609375 0.73203125 0.08828125 0.05625
0 0.59921875 0.5890625 0.09140625 0.06015625
0 0.35546875 0.58203125 0.07578125 0.04921875
0 0.35078125 0.53203125 0.07265625 0.04296875
0 0.28125 0.74296875 0.07734375 0.0421875
0 0.41171875 0.8140625 0.121875 0.07578125
0 0.55234375 0.1546875 0.12109375 0.06484375
0 0.4109375 0.91328125 0.11796875 0.0734375
0 0.29296875 0.05546875 0.10390625 0.0875
2 0.2296875 0.5171875 0.19375 0.0796875
2 0.28984375 0.325 0.32421875 0.25078125
1 0.3546875 0.18515625 0.140625 0.0203125
2 0.07890625 0.659375 0.07734375 0.2015625
1 0.7453125 0.8828125 0.15 0.02109375