2 0.36796875 0.365625 0.14765625 0.1390625
2 0.36953125 0.159375 0.146875 0.15703125
2 0.36640625 0.88203125 0.1453125 0.13359375
2 0.36796875 0.6796875 0.14375 0.153125
2 0.73203125 0.78828125 0.10859375 0.121875
2 0.48515625 0.65859375 0.09140625 0.109375
2 0.559375 0.934375 0.07265625 0.1
2 0.82890625 0.76640625 0.08515625 0.0921875
2 0.575 0.43984375 0.09140625 0.05625
2 0.40625 0.2671875 0.075 0.059375
2 0.33203125 0.78828125 0.07734375 0.0609375
0 0.703125 0.17109375 0.0421875 0.040625
0 0.42265625 0.31640625 0.03984375 0.03984375
2 0.40625 0.790625 0.07265625 0.05625
0 0.70078125 0.68984375 0.0421875 0.040625
2 0.33359375 0.26640625 0.0734375 0.0578125
0 0.82421875 0.70078125 0.04453125 0.0421875
0 0.20078125 0.57890625 0.0421875 0.04453125
0 0.33984375 0.22265625 0.03515625 0.03203125
0 0.42265625 0.21328125 0.04609375 0.03828125
0 0.46171875 0.27421875 0.04140625 0.040625
0 0.56875 0.48828125 0.04609375 0.0484375
0 0.42109375 0.83828125 0.04140625 0.03984375
0 0.42265625 0.73359375 0.04296875 0.04140625
0 0.25703125 0.40234375 0.03515625 0.0359375
0 0.50390625 0.69453125 0.04453125 0.04375
0 0.56640625 0.39140625 0.04609375 0.046875
1 0.365625 0.5984375 0.065625 0.02265625
1 0.796875 0.25234375 0.01796875 0.05859375
0 0.3390625 0.74296875 0.0375 0.034375
1 0.87109375 0.646875 0.02578125 0.084375
1 0.3671875 0.43203125 0.0625 0.01796875
0 0.69296875 0.74375 0.0359375 0.0359375
1 0.68359375 0.121875 0.0171875 0.0421875
0 0.46171875 0.79296875 0.040625 0.0375
2 0.8484375 0.2421875 0.07265625 0.1171875
0 0.54921875 0.89609375 0.0375 0.03828125
2 0.71328125 0.415625 0.16484375 0.09609375
0 0.575 0.853125 0.0421875 0.0390625
1 0.63046875 0.5984375 0.065625 0.021875
2 0.73203125 0.92421875 0.10703125 0.12109375
1 0.4796875 0.59921875 0.04375 0.01953125
2 0.60390625 0.68359375 0.15078125 0.1609375
2 0.775 0.65703125 0.19140625 0.121875
1 0.73828125 0.7234375 0.04140625 0.0203125
0 0.26953125 0.80703125 0.04296875 0.04296875
2 0.8359375 0.83671875 0.08671875 0.0375
2 0.26953125 0.80703125 0.040625 0.0421875
2 0.63671875 0.95625 0.0828125 0.0515625
1 0.73671875 0.2015625 0.06484375 0.0171875
1 0.06796875 0.42265625 0.02109375 0.01171875
2 0.15625 0.36953125 0.109375 0.09453125