2 0.7859375 0.678125 0.121875 0.09453125
2 0.6578125 0.13828125 0.17109375 0.1265625
2 0.39921875 0.209375 0.11484375 0.12578125
2 0.6609375 0.23671875 0.17265625 0.071875
2 0.63671875 0.71875 0.1765625 0.13671875
2 0.18984375 0.24453125 0.0796875 0.05859375
2 0.7859375 0.43671875 0.06484375 0.071875
2 0.73984375 0.3171875 0.09140625 0.0671875
2 0.09375 0.24609375 0.1203125 0.06015625
2 0.2890625 0.209375 0.11328125 0.125
0 0.7640625 0.109375 0.04921875 0.0359375
2 0.34765625 0.34375 0.22734375 0.121875
0 0.665625 0.28671875 0.04140625 0.03046875
0 0.646875 0.79921875 0.04609375 0.03828125
0 0.675 0.33359375 0.0421875 0.03125
0 0.52421875 0.634375 0.04765625 0.0359375
0 0.2109375 0.17734375 0.05625 0.0359375
0 0.7890625 0.740625 0.04140625 0.0328125
0 0.7671875 0.36875 0.05078125 0.03828125
0 0.80703125 0.13046875 0.046875 0.03671875
0 0.5296875 0.6859375 0.04765625 0.0296875
0 0.25703125 0.0546875 0.0484375 0.03828125
0 0.3125 0.04140625 0.05390625 0.040625
2 0.66328125 0.4109375 0.16015625 0.11875
0 0.2578125 0.54921875 0.04609375 0.03671875
0 0.83984375 0.3859375 0.040625 0.0328125
0 0.11484375 0.20546875 0.03984375 0.0296875
2 0.19765625 0.45859375 0.07265625 0.04140625
0 0.83125 0.23125 0.0359375 0.02734375
2 0.13125 0.09453125 0.10234375 0.0328125
0 0.73984375 0.45703125 0.03515625 0.0234375
0 0.25234375 0.371875 0.04765625 0.03359375
1 0.03203125 0.1859375 0.025 0.0625
0 0.43359375 0.15859375 0.03515625 0.025
0 0.70078125 0.80234375 0.0453125 0.0328125
1 0.4578125 0.2078125 0.0234375 0.05
0 0.81875 0.59375 0.0546875 0.04140625
2 0.63046875 0.31328125 0.1125 0.07578125
1 0.03125 0.36875 0.025 0.06171875
0 0.24453125 0.4515625 0.03125 0.02421875
1 0.4578125 0.34140625 0.02265625 0.05
1 0.84921875 0.68203125 0.02265625 0.03671875
0 0.2609375 0.49453125 0.04765625 0.03359375
0 0.82109375 0.55546875 0.05625 0.0390625
0 0.246875 0.2453125 0.04375 0.0265625
2 0.140625 0.14921875 0.15234375 0.13359375
0 0.30234375 0.459375 0.040625 0.02890625
2 0.378125 0.44296875 0.12578125 0.06875
0 0.6125 0.26015625 0.05390625 0.034375
2 0.85625 0.43515625 0.075 0.06875
0 0.80390625 0.30078125 0.0328125 0.025
2 0.09609375 0.43984375 0.121875 0.075
1 0.1875 0.0359375 0.0171875 0.02265625
1 0.7671875 0.5140625 0.04921875 0.01640625
2 0.42890625 0.1125 0.0515625 0.07109375
1 0.7953125 0.4734375 0.04375 0.01328125
1 0.78828125 0.06953125 0.04140625 0.0125
0 0.26328125 0.0125 0.04609375 0.02421875
1 0.096875 0.47890625 0.07734375 0.0140625
0 0.8453125 0.30390625 0.0453125 0.03125
1 0.5046875 0.5140625 0.04765625 0.015625
1 0.634375 0.47734375 0.04453125 0.0109375
2 0.24375 0.50546875 0.10078125 0.05234375
1 0.6234375 0.07421875 0.04765625 0.0125
2 0.62890625 0.58515625 0.37890625 0.1234375
1 0.75234375 0.4140625 0.01484375 0.0328125
2 0.30625 0.11328125 0.153125 0.0703125
2 0.59609375 0.45078125 0.03359375 0.04375
0 0.27421875 0.41875 0.0515625 0.03359375
0 0.5921875 0.428125 0.02890625 0.01796875
2 0.2765625 0.428125 0.0734375 0.05546875
1 0.55234375 0.7578125 0.01640625 0.046875
1 0.70546875 0.07109375 0.040625 0.0125
1 0.66875 0.07109375 0.0421875 0.01171875
0 0.83671875 0.559375 0.03515625 0.03359375