2 0.23046875 0.371875 0.2625 0.14296875
2 0.20234375 0.18046875 0.1859375 0.1390625
2 0.37890625 0.18046875 0.19375 0.1390625
2 0.15703125 0.86875 0.1296875 0.15234375
2 0.31171875 0.60703125 0.07265625 0.06953125
2 0.48359375 0.409375 0.07109375 0.07109375
2 0.17265625 0.7453125 0.14453125 0.09296875
2 0.159375 0.27578125 0.0984375 0.0515625
2 0.6078125 0.184375 0.20703125 0.12109375
2 0.5890625 0.275 0.05390625 0.05859375
0 0.3125 0.28515625 0.05703125 0.0375
0 0.4359375 0.2640625 0.05390625 0.03828125
0 0.37109375 0.6578125 0.06640625 0.04296875
0 0.25703125 0.2640625 0.0515625 0.0328125
2 0.19296875 0.60546875 0.17421875 0.075
2 0.2234375 0.67109375 0.25 0.0625
0 0.4234375 0.4015625 0.05703125 0.03359375
0 0.06875 0.815625 0.059375 0.03828125
2 0.29453125 0.7609375 0.1125 0.0640625
1 0.85859375 0.384375 0.0453125 0.0828125
0 0.3703125 0.62265625 0.06171875 0.03515625
1 0.38984375 0.10546875 0.10546875 0.02109375
1 0.21328125 0.10703125 0.103125 0.01953125
2 0.19375 0.49921875 0.196875 0.11953125
1 0.10078125 0.3625 0.03984375 0.07421875
1 0.85859375 0.1703125 0.0453125 0.0796875
2 0.40625 0.86953125 0.375 0.15234375
0 0.54921875 0.39375 0.06015625 0.0375
0 0.07265625 0.66015625 0.05859375 0.03515625
2 0.296875 0.71953125 0.10546875 0.034375
1 0.5609375 0.103125 0.109375 0.0203125
0 0.23046875 0.275 0.05625 0.03125
0 0.2625 0.75078125 0.0578125 0.0328125
0 0.48203125 0.778125 0.06484375 0.04140625
2 0.5640625 0.4125 0.09765625 0.07890625
1 0.73203125 0.44765625 0.1890625 0.01875
0 0.56328125 0.41171875 0.09453125 0.078125
2 0.353125 0.509375 0.184375 0.12890625
2 0.52578125 0.52578125 0.165625 0.14140625
2 0.78046875 0.18203125 0.14765625 0.15078125