2 0.08515625 0.65859375 0.12109375 0.30546875
2 0.928125 0.49609375 0.11328125 0.2671875
2 0.084375 0.34921875 0.11953125 0.3015625
2 0.44140625 0.6171875 0.0671875 0.15625
2 0.440625 0.29375 0.0703125 0.190625
2 0.44375 0.75546875 0.06640625 0.1265625
0 0.171875 0.15546875 0.03125 0.07890625
0 0.83203125 0.48984375 0.034375 0.0734375
0 0.88515625 0.4796875 0.034375 0.071875
0 0.39140625 0.3078125 0.03125 0.075
0 0.3609375 0.15625 0.03203125 0.07890625
0 0.21171875 0.5390625 0.0296875 0.07578125
0 0.64375 0.48203125 0.034375 0.075
0 0.35546875 0.28203125 0.0296875 0.06875
2 0.596875 0.5 0.12265625 0.26640625
0 0.08046875 0.475 0.05078125 0.0640625
1 0.05859375 0.190625 0.040625 0.03203125
2 0.35234375 0.67578125 0.11640625 0.27265625
2 0.4390625 0.46328125 0.0625 0.146875
0 0.39453125 0.42578125 0.02890625 0.06640625
1 0.0984375 0.18984375 0.04296875 0.03515625
2 0.16796875 0.578125 0.0640625 0.13203125
0 0.30625 0.54140625 0.0265625 0.0703125
0 0.48984375 0.75 0.0328125 0.071875
1 0.2609375 0.18828125 0.0421875 0.03046875
1 0.08125 0.82265625 0.06328125 0.04140625
1 0.1375 0.1921875 0.0421875 0.03125
2 0.83671875 0.578125 0.07265625 0.1125
1 0.534375 0.4984375 0.015625 0.12265625
2 0.375 0.43828125 0.0671875 0.20546875
1 0.4765625 0.29140625 0.01640625 0.078125
1 0.22109375 0.19140625 0.0390625 0.03125
1 0.35859375 0.821875 0.0515625 0.0421875
2 0.24140625 0.35234375 0.19765625 0.3109375
0 0.21484375 0.84921875 0.03125 0.07890625
1 0.984375 0.49296875 0.01484375 0.11875
2 0.7203125 0.50546875 0.1234375 0.259375
1 0.02578125 0.571875 0.015625 0.0578125
0 0.1921875 0.59609375 0.0171875 0.04609375