2 0.2140625 0.796875 0.3296875 0.2625
2 0.75234375 0.3625 0.23515625 0.29375
2 0.81015625 0.728125 0.17265625 0.15703125
2 0.5046875 0.35 0.26171875 0.26484375
2 0.58203125 0.72578125 0.121875 0.15703125
2 0.68203125 0.725 0.08515625 0.15
0 0.3171875 0.2171875 0.07421875 0.1734375
0 0.34375 0.70703125 0.078125 0.09140625
0 0.5703125 0.61640625 0.07421875 0.08125
0 0.46171875 0.471875 0.0765625 0.084375
2 0.2125 0.44140625 0.31484375 0.453125
0 0.67265625 0.6140625 0.06640625 0.07734375
0 0.415625 0.79921875 0.08203125 0.18125
2 0.803125 0.57890625 0.18203125 0.14609375
1 0.765625 0.2109375 0.1640625 0.04453125
1 0.05234375 0.778125 0.04296875 0.20859375
0 0.678125 0.48359375 0.07109375 0.11328125
1 0.4984375 0.2125 0.17734375 0.04296875
0 0.68671875 0.5421875 0.06953125 0.0875
1 0.1859375 0.21875 0.21875 0.03984375
0 0.68046875 0.58515625 0.06953125 0.14453125
2 0.8640625 0.853125 0.06875 0.0953125
0 0.41484375 0.84453125 0.071875 0.09453125