2 0.2484375 0.2359375 0.1453125 0.25703125
2 0.6375 0.23671875 0.1375 0.2609375
2 0.921875 0.58515625 0.1140625 0.2734375
2 0.10078125 0.23515625 0.15234375 0.24921875
2 0.14375 0.628125 0.075 0.16484375
2 0.37578125 0.24921875 0.1140625 0.26875
2 0.82890625 0.62265625 0.05625 0.15546875
2 0.37734375 0.5828125 0.11015625 0.26953125
2 0.06640625 0.6296875 0.08046875 0.17265625
2 0.2234375 0.6234375 0.05703125 0.16328125
0 0.14375 0.50703125 0.034375 0.08671875
2 0.6 0.634375 0.05859375 0.1703125
0 0.7828125 0.50625 0.03671875 0.08984375
2 0.2875 0.6265625 0.0671875 0.175
2 0.80625 0.41328125 0.1046875 0.0984375
2 0.7796875 0.2359375 0.16171875 0.2578125
0 0.04609375 0.32734375 0.03671875 0.09140625
0 0.58984375 0.325 0.03359375 0.084375
2 0.72421875 0.584375 0.07109375 0.0859375
0 0.0890625 0.5796875 0.03359375 0.08671875
0 0.6421875 0.6578125 0.03515625 0.08515625
0 0.8390625 0.32578125 0.03359375 0.08359375
0 0.87421875 0.5890625 0.0296875 0.075
1 0.43359375 0.28125 0.01875 0.16015625
0 0.875 0.65859375 0.02734375 0.07578125
1 0.34296875 0.10078125 0.03984375 0.0359375
1 0.646875 0.1015625 0.06015625 0.0390625
1 0.11015625 0.1078125 0.07890625 0.04296875
1 0.27265625 0.096875 0.04375 0.0375
2 0.9203125 0.26875 0.11484375 0.32109375
0 0.87421875 0.50234375 0.03203125 0.08359375
1 0.46328125 0.0984375 0.05546875 0.0390625
1 0.05390625 0.72265625 0.04765625 0.03203125
1 0.59765625 0.71796875 0.05 0.03515625
1 0.39375 0.725 0.04765625 0.0421875
2 0.659375 0.62421875 0.065625 0.1609375
0 0.87421875 0.5453125 0.0296875 0.1484375
1 0.859375 0.21953125 0.01640625 0.2015625
1 0.43515625 0.5375 0.01875 0.178125
2 0.9875 0.24296875 0.02421875 0.30703125