2 0.38671875 0.40859375 0.20078125 0.3109375
2 0.1703125 0.28125 0.2234375 0.43046875
2 0.38671875 0.14140625 0.19453125 0.15234375
0 0.384375 0.61640625 0.08125 0.14921875
2 0.90859375 0.40390625 0.14765625 0.7578125
0 0.265625 0.1375 0.07109375 0.11796875
0 0.24609375 0.49375 0.084375 0.1640625
0 0.86171875 0.596875 0.0828125 0.15546875
0 0.10703125 0.86796875 0.09140625 0.16171875
2 0.66015625 0.4484375 0.29375 0.66953125
0 0.053125 0.6265625 0.04609375 0.07890625
0 0.05625 0.41796875 0.040625 0.075
1 0.8265625 0.3625 0.053125 0.33359375
1 0.05078125 0.33515625 0.0375 0.12421875
0 0.0921875 0.21484375 0.06015625 0.1
2 0.43671875 0.2296875 0.09375 0.06015625
1 0.30625 0.8421875 0.1625 0.05546875
0 0.6609375 0.440625 0.265625 0.6234375