2 0.3359375 0.33203125 0.16171875 0.3515625
2 0.5671875 0.35703125 0.096875 0.13046875
2 0.56953125 0.22734375 0.1015625 0.125
2 0.33671875 0.63046875 0.16171875 0.2421875
2 0.20234375 0.2984375 0.1078125 0.29453125
0 0.496875 0.78046875 0.05625 0.0953125
0 0.3953125 0.5484375 0.04609375 0.071875
0 0.48984375 0.12265625 0.0546875 0.0921875
0 0.21796875 0.12265625 0.05546875 0.09296875
0 0.39453125 0.42890625 0.046875 0.0703125
0 0.53984375 0.26328125 0.040625 0.06328125
2 0.4671875 0.27890625 0.10078125 0.23359375
0 0.215625 0.78046875 0.05703125 0.09609375
0 0.49921875 0.23515625 0.04765625 0.07421875
1 0.15078125 0.36484375 0.0265625 0.1
0 0.49765625 0.65625 0.05234375 0.0796875
0 0.44921875 0.59765625 0.040625 0.06484375
1 0.71875 0.1515625 0.06015625 0.03359375
1 0.34609375 0.74921875 0.090625 0.03828125
2 0.65 0.39140625 0.05703125 0.075
2 0.73125 0.26171875 0.21953125 0.21328125
1 0.8421875 0.29921875 0.021875 0.08984375
1 0.73828125 0.7484375 0.084375 0.03828125
1 0.84140625 0.5203125 0.02734375 0.0984375
1 0.34140625 0.153125 0.07890625 0.03515625
0 0.44140625 0.68515625 0.05703125 0.134375
1 0.1515625 0.5375 0.02421875 0.08984375
1 0.84140625 0.60234375 0.02734375 0.10078125
2 0.20234375 0.58828125 0.1109375 0.32890625
1 0.84140625 0.359375 0.01953125 0.053125
2 0.44140625 0.68671875 0.05703125 0.13671875
2 0.69609375 0.5546875 0.28984375 0.3921875