2 0.66875 0.715625 0.2109375 0.3171875
2 0.8890625 0.72890625 0.134375 0.3453125
2 0.10859375 0.26015625 0.13671875 0.18125
2 0.79609375 0.7828125 0.05625 0.1765625
2 0.10625 0.44453125 0.13046875 0.1890625
2 0.78671875 0.2703125 0.32578125 0.1765625
0 0.08125 0.3765625 0.05 0.0765625
2 0.540625 0.4703125 0.06015625 0.103125
2 0.2453125 0.25 0.109375 0.16796875
0 0.67109375 0.51171875 0.0546875 0.1078125
0 0.80078125 0.509375 0.059375 0.11171875
2 0.23984375 0.4328125 0.11171875 0.17578125
0 0.0828125 0.5703125 0.0484375 0.07890625
0 0.91328125 0.50546875 0.046875 0.07578125
2 0.31015625 0.43671875 0.07578125 0.15625
2 0.42734375 0.30546875 0.171875 0.22109375
0 0.49140625 0.54921875 0.040625 0.08671875
0 0.4890625 0.459375 0.0375 0.04921875
0 0.10859375 0.44140625 0.12734375 0.18828125
2 0.4109375 0.47109375 0.1203125 0.10703125
2 0.50234375 0.79921875 0.11953125 0.140625
0 0.49140625 0.48359375 0.0375 0.05859375
0 0.46875 0.6578125 0.03671875 0.0609375
0 0.01875 0.58828125 0.034375 0.06796875
1 0.01640625 0.059375 0.03046875 0.0296875