2 0.234375 0.3671875 0.25 0.2546875
2 0.23125 0.6484375 0.253125 0.23515625
0 0.625 0.21328125 0.09375 0.0765625
0 0.31796875 0.44453125 0.1046875 0.06953125
0 0.6484375 0.9359375 0.09765625 0.0625
2 0.63359375 0.37890625 0.578125 0.26484375
0 0.321875 0.596875 0.0953125 0.0671875
1 0.2453125 0.240625 0.16640625 0.04453125
0 0.6203125 0.7859375 0.0953125 0.084375
0 0.4609375 0.6296875 0.09765625 0.0609375
1 0.7734375 0.2390625 0.1890625 0.040625
1 0.49609375 0.23828125 0.17578125 0.03515625
2 0.78046875 0.63203125 0.23125 0.18203125
2 0.4328125 0.70390625 0.14609375 0.10078125
0 0.63515625 0.61796875 0.09140625 0.0625
2 0.9484375 0.575 0.10234375 0.16015625
2 0.95234375 0.70390625 0.08984375 0.09921875
1 0.83828125 0.759375 0.06171875 0.028125
1 0.2296875 0.75859375 0.1453125 0.0375
2 0.78671875 0.91484375 0.21875 0.1296875
0 0.6234375 0.69375 0.090625 0.0859375
0 0.48515625 0.8171875 0.0609375 0.04609375
2 0.48984375 0.54375 0.1390625 0.053125
2 0.6359375 0.61796875 0.08828125 0.06484375