2 0.6578125 0.5640625 0.1546875 0.08671875
2 0.65078125 0.3140625 0.1453125 0.08828125
2 0.66484375 0.38671875 0.11015625 0.05390625
2 0.415625 0.490625 0.2078125 0.1484375
2 0.65078125 0.46171875 0.14609375 0.09609375
0 0.55078125 0.428125 0.034375 0.04921875
0 0.5953125 0.340625 0.0359375 0.03984375
1 0.7296875 0.31328125 0.01953125 0.071875
1 0.73125 0.46640625 0.0203125 0.07265625
0 0.63359375 0.49765625 0.034375 0.0484375
1 0.73046875 0.3921875 0.01484375 0.040625
0 0.5 0.41875 0.0328125 0.046875
2 0.59453125 0.38828125 0.03203125 0.0546875
0 0.5609375 0.48359375 0.05703125 0.0375
0 0.47421875 0.3515625 0.04765625 0.04140625
2 0.4453125 0.38125 0.06640625 0.05859375