2 0.46640625 0.315625 0.184375 0.0984375
2 0.6328125 0.5 0.165625 0.13515625
0 0.578125 0.44921875 0.046875 0.0328125
0 0.53984375 0.34921875 0.04375 0.0296875
0 0.5828125 0.3484375 0.03984375 0.02734375
0 0.57890625 0.3171875 0.03984375 0.0328125
1 0.40234375 0.56796875 0.13203125 0.015625
2 0.49296875 0.40078125 0.2265625 0.06484375
2 0.65625 0.4046875 0.1125 0.05703125
1 0.7203125 0.50859375 0.0296875 0.05625
1 0.1984375 0.41015625 0.02578125 0.05078125
1 0.45234375 0.26484375 0.06875 0.0140625
2 0.60234375 0.29921875 0.078125 0.06015625
0 0.66015625 0.42109375 0.04609375 0.03359375
2 0.37421875 0.49921875 0.36171875 0.13359375
1 0.721875 0.39921875 0.01875 0.02734375
1 0.65 0.28203125 0.01796875 0.02421875
1 0.61953125 0.56875 0.09765625 0.0140625
1 0.65 0.3421875 0.01796875 0.0265625
2 0.2890625 0.35 0.16875 0.16171875
1 0.51015625 0.43515625 0.075 0.01171875
2 0.6203125 0.34765625 0.040625 0.03984375