2 0.75546875 0.61640625 0.09921875 0.265625
2 0.7328125 0.2921875 0.13671875 0.19921875
2 0.23828125 0.26796875 0.06484375 0.13828125
2 0.6 0.2984375 0.134375 0.19765625
2 0.2109375 0.63359375 0.11875 0.24140625
2 0.2125 0.4046875 0.11640625 0.1578125
2 0.475 0.29453125 0.1171875 0.196875
2 0.771875 0.44453125 0.06171875 0.096875
2 0.29921875 0.29453125 0.06015625 0.19453125
2 0.1796875 0.2484375 0.05859375 0.10390625
2 0.365625 0.296875 0.071875 0.20234375
0 0.725 0.44453125 0.0390625 0.07578125
0 0.22890625 0.15859375 0.03671875 0.0703125
0 0.2875 0.43515625 0.0359375 0.071875
0 0.25390625 0.36484375 0.0328125 0.06171875
0 0.178125 0.32890625 0.034375 0.06171875
0 0.6875 0.36328125 0.0390625 0.065625
1 0.37890625 0.75390625 0.059375 0.040625
0 0.678125 0.78125 0.0375 0.08125
0 0.3109375 0.35625 0.0359375 0.0640625
0 0.51640625 0.3609375 0.0375 0.0609375
0 0.82421875 0.6703125 0.03203125 0.06875
0 0.4578125 0.77734375 0.03515625 0.07265625
1 0.59921875 0.1875 0.0625 0.0390625
2 0.346875 0.5734375 0.15625 0.33828125
1 0.76328125 0.75234375 0.05703125 0.0375
0 0.55234375 0.3640625 0.03671875 0.06171875
1 0.73046875 0.184375 0.0609375 0.0359375
0 0.134375 0.3890625 0.03203125 0.0609375
0 0.25390625 0.5515625 0.0328125 0.06171875
1 0.57109375 0.7515625 0.05234375 0.0421875
1 0.3265625 0.75546875 0.0578125 0.0359375
1 0.296875 0.18671875 0.0421875 0.0296875
2 0.7234375 0.6734375 0.04296875 0.07890625
0 0.7234375 0.67265625 0.04453125 0.07734375
1 0.46953125 0.18828125 0.0515625 0.03359375
2 0.10546875 0.325 0.0859375 0.2421875
2 0.88125 0.80703125 0.05234375 0.0921875
1 0.67734375 0.87578125 0.075 0.053125
2 0.57421875 0.5828125 0.0953125 0.28828125
2 0.4046875 0.434375 0.040625 0.06171875
1 0.80625 0.44375 0.01640625 0.065625