2 0.41328125 0.684375 0.13359375 0.22890625
2 0.12890625 0.68046875 0.1609375 0.2203125
2 0.09765625 0.48984375 0.09296875 0.1546875
2 0.41796875 0.3484375 0.12734375 0.1546875
0 0.30078125 0.82890625 0.0453125 0.08671875
0 0.08828125 0.22421875 0.04609375 0.08515625
0 0.2875 0.64375 0.0453125 0.07890625
0 0.365625 0.6421875 0.04296875 0.0765625
2 0.41328125 0.50078125 0.14140625 0.1375
0 0.32265625 0.234375 0.04375 0.08125
2 0.0984375 0.3359375 0.090625 0.15
0 0.08046875 0.38203125 0.03671875 0.06484375
0 0.16875 0.528125 0.0453125 0.0796875
0 0.28359375 0.23125 0.03984375 0.08046875
1 0.19296875 0.26171875 0.05078125 0.03046875
1 0.0515625 0.4578125 0.015625 0.08671875
1 0.403125 0.8015625 0.078125 0.0390625
1 0.23515625 0.7984375 0.0375 0.034375
2 0.67578125 0.37734375 0.10390625 0.196875
2 0.1875 0.34609375 0.08671875 0.1640625
2 0.2390625 0.68203125 0.065625 0.225
2 0.29765625 0.35625 0.12265625 0.17109375
1 0.48125 0.36171875 0.01796875 0.0875
1 0.12578125 0.7953125 0.07421875 0.03671875
1 0.378125 0.26328125 0.03984375 0.02734375
1 0.0515625 0.16640625 0.0203125 0.1578125
2 0.76484375 0.51875 0.0578125 0.11796875
0 0.0984375 0.33125 0.090625 0.1546875
1 0.41640625 0.2640625 0.05 0.02890625
1 0.45546875 0.26328125 0.0390625 0.025
1 0.81171875 0.5890625 0.03203125 0.02578125