2 0.3078125 0.5375 0.1203125 0.21015625
2 0.6234375 0.20859375 0.134375 0.27109375
2 0.4984375 0.21015625 0.10703125 0.27890625
2 0.5890625 0.7265625 0.0796875 0.1546875
2 0.49765625 0.653125 0.10625 0.30546875
2 0.4796875 0.4328125 0.06640625 0.14921875
2 0.1125 0.72421875 0.05859375 0.15625
2 0.175 0.7265625 0.071875 0.171875
2 0.3234375 0.725 0.08984375 0.1671875
0 0.53359375 0.52890625 0.0328125 0.078125
0 0.525 0.42421875 0.034375 0.06875
0 0.5328125 0.309375 0.03515625 0.0859375
0 0.5921875 0.30703125 0.03671875 0.0875
2 0.58046875 0.57421875 0.05859375 0.15703125
0 0.2625 0.4703125 0.034375 0.07734375
0 0.659375 0.8375 0.0359375 0.10078125
0 0.56640625 0.52421875 0.028125 0.06484375
0 0.22265625 0.67734375 0.02890625 0.06640625
0 0.6609375 0.684375 0.0390625 0.08984375
0 0.93359375 0.37109375 0.0421875 0.08515625
0 0.61484375 0.759375 0.03203125 0.07109375
0 0.38515625 0.7015625 0.03359375 0.0765625
0 0.09296875 0.36875 0.02578125 0.05703125
2 0.0359375 0.159375 0.07109375 0.31796875
0 0.153125 0.678125 0.03046875 0.06875
1 0.91484375 0.27734375 0.01875 0.1109375
1 0.36796875 0.5421875 0.01796875 0.115625
0 0.06171875 0.425 0.02734375 0.0703125
0 0.22734375 0.6234375 0.0296875 0.09609375
1 0.50390625 0.8015625 0.05078125 0.03515625
1 0.9140625 0.6828125 0.01796875 0.11484375
2 0.14453125 0.540625 0.1234375 0.1984375
1 0.50234375 0.0703125 0.0453125 0.03046875
1 0.7421875 0.803125 0.05 0.03046875
0 0.328125 0.3734375 0.03984375 0.09140625
1 0.9140625 0.58046875 0.01875 0.12421875
0 0.20703125 0.2125 0.2015625 0.27421875
2 0.0390625 0.39921875 0.071875 0.140625
0 0.04765625 0.41328125 0.0546875 0.1078125
2 0.2078125 0.20234375 0.2 0.24921875
1 0.8609375 0.80234375 0.0453125 0.02734375
1 0.8703125 0.20546875 0.04375 0.034375
2 0.43125 0.828125 0.02265625 0.05703125
2 0.6109375 0.753125 0.0390625 0.08359375
1 0.571875 0.8046875 0.03203125 0.0296875
0 0.58046875 0.5734375 0.0578125 0.15546875
2 0.82421875 0.29140625 0.1796875 0.1546875
1 0.6046875 0.80234375 0.03046875 0.0328125