2 0.296875 0.39765625 0.28046875 0.1875
2 0.49921875 0.21171875 0.11875 0.07578125
2 0.5015625 0.11171875 0.1203125 0.1140625
0 0.36484375 0.19453125 0.05546875 0.05625
0 0.24609375 0.20703125 0.0625 0.05625
0 0.41328125 0.33125 0.065625 0.0578125
0 0.69765625 0.8984375 0.0671875 0.06640625
0 0.47109375 0.26953125 0.05546875 0.053125
2 0.609375 0.21875 0.0765625 0.0625
0 0.47578125 0.50859375 0.06875 0.071875
0 0.4109375 0.27578125 0.06484375 0.05390625
2 0.36015625 0.1140625 0.16640625 0.11953125
1 0.81171875 0.196875 0.0375 0.0984375
0 0.51015625 0.89765625 0.06484375 0.0625
1 0.68828125 0.0546875 0.0671875 0.02265625
0 0.41328125 0.1484375 0.05546875 0.046875
2 0.35859375 0.240625 0.1578125 0.13125
0 0.1203125 0.78515625 0.08515625 0.07421875
1 0.734375 0.4859375 0.0859375 0.02421875
0 0.11171875 0.7109375 0.05703125 0.06953125
0 0.47734375 0.43359375 0.06484375 0.06015625
1 0.284375 0.4859375 0.11640625 0.0296875
1 0.70390625 0.4859375 0.16171875 0.02890625
2 0.32109375 0.74921875 0.315625 0.2515625
2 0.6546875 0.74765625 0.346875 0.253125
2 0.690625 0.1125 0.246875 0.10234375