2 0.79296875 0.53046875 0.16953125 0.16328125
2 0.18828125 0.79765625 0.1078125 0.11640625
2 0.8265625 0.6890625 0.109375 0.1625
2 0.621875 0.53828125 0.1765625 0.1828125
0 0.26875 0.86171875 0.06328125 0.1
2 0.6515625 0.79921875 0.2421875 0.125
0 0.67421875 0.88359375 0.0640625 0.0671875
2 0.415625 0.7546875 0.128125 0.21796875
0 0.67578125 0.5890625 0.0640625 0.05703125
0 0.709375 0.76015625 0.0625 0.06171875
1 0.13359375 0.51640625 0.04140625 0.1046875
2 0.825 0.81171875 0.10625 0.0828125
0 0.73984375 0.58828125 0.06015625 0.05703125
0 0.31171875 0.421875 0.06328125 0.06171875
1 0.534375 0.79609375 0.03984375 0.10546875
1 0.60546875 0.44765625 0.1140625 0.03203125
1 0.809375 0.44375 0.11328125 0.03515625
0 0.75 0.675 0.0640625 0.0546875
0 0.26484375 0.79375 0.05625 0.0484375
1 0.209375 0.44765625 0.1078125 0.02890625
2 0.31015625 0.5484375 0.3328125 0.18828125
1 0.415625 0.446875 0.11484375 0.03203125
1 0.4234375 0.8609375 0.0796875 0.02734375
0 0.3375 0.78984375 0.08046875 0.07578125
1 0.82265625 0.85546875 0.04765625 0.0296875
0 0.14375 0.37578125 0.0390625 0.0421875
2 0.340625 0.7921875 0.08125 0.08125
0 0.04296875 0.2953125 0.06796875 0.05703125
0 0.825 0.69140625 0.11171875 0.16171875
0 0.4015625 0.39140625 0.065625 0.0546875