2 0.1984375 0.26640625 0.3 0.2671875
2 0.1640625 0.584375 0.2265625 0.38828125
2 0.6546875 0.32265625 0.37890625 0.3609375
2 0.31328125 0.6953125 0.08203125 0.16484375
2 0.7890625 0.6234375 0.3140625 0.23984375
2 0.52734375 0.72734375 0.13671875 0.11171875
0 0.61484375 0.61796875 0.0828125 0.09921875
2 0.41328125 0.2953125 0.11484375 0.21796875
0 0.39140625 0.81171875 0.07265625 0.1125
0 0.25234375 0.4421875 0.07265625 0.09453125
0 0.80859375 0.4359375 0.08203125 0.10234375
0 0.3234375 0.35703125 0.06875 0.1078125
2 0.89453125 0.3078125 0.1078125 0.340625
2 0.6375 0.54140625 0.08671875 0.07578125
0 0.5890625 0.80234375 0.0546875 0.0625
2 0.85625 0.75 0.15625 0.0734375