2 0.51015625 0.54140625 0.246875 0.2203125
2 0.35625 0.49375 0.06171875 0.12890625
2 0.25859375 0.66640625 0.26328125 0.3296875
2 0.83828125 0.4921875 0.21640625 0.3265625
2 0.4890625 0.2671875 0.1984375 0.32890625
2 0.76484375 0.2171875 0.36875 0.22421875
0 0.2953125 0.534375 0.05390625 0.07265625
2 0.30625 0.16328125 0.15625 0.11796875
0 0.3203125 0.24765625 0.0453125 0.0671875
2 0.18359375 0.21953125 0.090625 0.23828125
0 0.6765625 0.35625 0.05546875 0.0796875
0 0.36328125 0.30703125 0.04921875 0.06875
0 0.3640625 0.409375 0.0421875 0.059375
0 0.43515625 0.403125 0.0578125 0.0765625
2 0.30859375 0.2796875 0.15859375 0.11953125
0 0.6703125 0.59765625 0.06015625 0.078125
0 0.66953125 0.67734375 0.06015625 0.09296875
2 0.6859375 0.496875 0.1 0.1421875
0 0.109375 0.40625 0.0640625 0.071875
1 0.81875 0.328125 0.24765625 0.034375
2 0.109375 0.40625 0.06328125 0.07265625
0 0.309375 0.27578125 0.12734375 0.11796875
2 0.23515625 0.41953125 0.19921875 0.17109375