2 0.85625 0.26171875 0.1421875 0.20703125
2 0.70859375 0.696875 0.15 0.1546875
2 0.21953125 0.63984375 0.1265625 0.29140625
2 0.22265625 0.325 0.13046875 0.321875
2 0.67109375 0.553125 0.0703125 0.1296875
2 0.75 0.38125 0.06796875 0.21171875
2 0.56328125 0.6390625 0.1453125 0.25078125
2 0.74609375 0.55703125 0.07578125 0.13515625
2 0.57890625 0.2328125 0.1875 0.13125
0 0.4015625 0.24296875 0.03671875 0.06171875
2 0.4515625 0.234375 0.06796875 0.13203125
0 0.2671875 0.4546875 0.0359375 0.071875
0 0.46171875 0.428125 0.03125 0.06484375
0 0.61953125 0.6796875 0.0375 0.06796875
0 0.4640625 0.8046875 0.040625 0.08203125
1 0.234375 0.15859375 0.06015625 0.034375
0 0.46328125 0.6890625 0.0359375 0.07734375
2 0.35703125 0.69296875 0.11796875 0.17265625
1 0.3640625 0.15703125 0.05859375 0.0359375
0 0.39765625 0.45390625 0.0359375 0.0703125
1 0.35546875 0.778125 0.0609375 0.03671875
0 0.39921875 0.528125 0.0359375 0.078125
2 0.3546875 0.3296875 0.1265625 0.321875
2 0.8546875 0.56796875 0.13828125 0.43125
1 0.0578125 0.471875 0.01875 0.096875
0 0.728125 0.46015625 0.0328125 0.06328125
1 0.734375 0.784375 0.04375 0.0296875
0 0.8734375 0.8125 0.0390625 0.06796875
1 0.0984375 0.15625 0.04765625 0.02890625
0 0.6953125 0.28203125 0.03515625 0.08671875
2 0.4515625 0.3515625 0.06953125 0.09921875
1 0.73671875 0.25 0.04296875 0.0328125
1 0.5703125 0.77734375 0.0453125 0.03359375
2 0.35703125 0.2390625 0.11796875 0.14140625
1 0.2296875 0.77578125 0.04921875 0.03671875
0 0.84140625 0.81328125 0.03828125 0.06640625
0 0.7234375 0.5234375 0.0296875 0.05546875
1 0.47265625 0.9265625 0.0515625 0.0234375
0 0.146875 0.390625 0.0390625 0.065625
0 0.10546875 0.8140625 0.040625 0.07265625
1 0.05859375 0.25546875 0.0140625 0.078125
0 0.69609375 0.23203125 0.0359375 0.09140625
1 0.59765625 0.83984375 0.04140625 0.01875
2 0.446875 0.53046875 0.0765625 0.19609375
1 0.6515625 0.84140625 0.04375 0.02109375
1 0.3609375 0.19609375 0.0953125 0.1125
1 0.7734375 0.8390625 0.0578125 0.021875