2 0.87421875 0.640625 0.184375 0.2609375
2 0.50546875 0.38984375 0.10390625 0.1765625
2 0.1171875 0.3953125 0.1375 0.08125
0 0.409375 0.53984375 0.065625 0.1015625
0 0.425 0.66796875 0.05859375 0.08203125
0 0.81015625 0.5640625 0.053125 0.08046875
0 0.2203125 0.6734375 0.0515625 0.07109375
0 0.40859375 0.82109375 0.0640625 0.10234375
2 0.6203125 0.5796875 0.11953125 0.2125
2 0.1234375 0.50546875 0.16171875 0.153125
2 0.12109375 0.6828125 0.1609375 0.20390625
2 0.621875 0.73359375 0.11953125 0.0984375
0 0.48125 0.6515625 0.05078125 0.07890625
1 0.04453125 0.484375 0.02734375 0.115625
0 0.76484375 0.103125 0.0609375 0.103125
1 0.25078125 0.78046875 0.1 0.04296875
2 0.50078125 0.6984375 0.10625 0.15859375
1 0.04140625 0.665625 0.0234375 0.11015625
0 0.4828125 0.50859375 0.05390625 0.08046875
0 0.73125 0.6875 0.06328125 0.09609375
1 0.0453125 0.25625 0.0296875 0.11640625
1 0.46875 0.14296875 0.065625 0.0375
2 0.50390625 0.5515625 0.1046875 0.13671875
0 0.70390625 0.6 0.05859375 0.0796875
2 0.22109375 0.2546875 0.37890625 0.21640625
1 0.27734375 0.14140625 0.06796875 0.034375
2 0.7015625 0.50859375 0.0390625 0.0953125
0 0.50390625 0.54921875 0.1046875 0.14296875
1 0.96484375 0.575 0.025 0.11328125
1 0.83984375 0.14375 0.07109375 0.046875
0 0.73046875 0.8140625 0.05859375 0.0953125
0 0.6140625 0.8203125 0.053125 0.08828125
0 0.503125 0.69609375 0.1046875 0.1625
2 0.90625 0.0625 0.15 0.11875
1 0.60703125 0.1484375 0.07578125 0.03984375
2 0.6515625 0.5140625 0.0640625 0.08046875
1 0.8890625 0.8296875 0.06328125 0.0234375