2 0.48046875 0.5890625 0.075 0.10859375
2 0.66640625 0.17578125 0.11171875 0.10390625
0 0.44609375 0.16328125 0.034375 0.034375
0 0.6296875 0.7890625 0.03828125 0.04375
0 0.62421875 0.184375 0.0390625 0.0390625
0 0.55 0.73046875 0.02578125 0.0296875
2 0.5515625 0.68515625 0.07265625 0.071875
0 0.1828125 0.09609375 0.04140625 0.04375
2 0.559375 0.15390625 0.09609375 0.05859375
0 0.48515625 0.7859375 0.04375 0.04375
0 0.57265625 0.8046875 0.0359375 0.0375
2 0.57578125 0.85859375 0.0734375 0.07421875
2 0.17421875 0.32109375 0.10078125 0.1390625
2 0.48515625 0.153125 0.053125 0.06328125
2 0.6921875 0.834375 0.15703125 0.1359375
2 0.684375 0.575 0.1296875 0.0765625
0 0.4234375 0.69609375 0.03671875 0.0359375
0 0.2484375 0.16328125 0.03828125 0.040625
0 0.7453125 0.2265625 0.03046875 0.02890625
1 0.28125 0.7140625 0.02421875 0.0578125
0 0.63359375 0.59296875 0.03046875 0.03125
0 0.30703125 0.571875 0.034375 0.03515625
2 0.50078125 0.7609375 0.090625 0.08203125
2 0.36796875 0.5640625 0.14453125 0.059375
0 0.42265625 0.61328125 0.0359375 0.0390625
2 0.484375 0.8265625 0.09140625 0.04609375
2 0.68359375 0.69140625 0.171875 0.14140625
0 0.4109375 0.42109375 0.03125 0.03671875
0 0.4625 0.7328125 0.0234375 0.0265625
2 0.3515625 0.1859375 0.1765625 0.13203125
0 0.79140625 0.69375 0.040625 0.04296875
0 0.1953125 0.2140625 0.0296875 0.03515625
0 0.65 0.6265625 0.03046875 0.0328125
0 0.64140625 0.3328125 0.03203125 0.034375
0 0.484375 0.86953125 0.04140625 0.05390625
2 0.6671875 0.26484375 0.0859375 0.05390625
2 0.178125 0.1765625 0.10546875 0.10390625
2 0.240625 0.2203125 0.0546875 0.05859375
0 0.74609375 0.32734375 0.025 0.028125
2 0.4921875 0.6546875 0.0453125 0.03125
2 0.70703125 0.37890625 0.16171875 0.12578125
2 0.7484375 0.27734375 0.06484375 0.07890625
2 0.75390625 0.17265625 0.0671875 0.1125
1 0.578125 0.9046875 0.025 0.02734375
2 0.690625 0.29609375 0.0390625 0.03671875
1 0.2046875 0.81640625 0.09765625 0.0234375
1 0.54609375 0.10859375 0.0234375 0.0203125
2 0.68515625 0.64921875 0.159375 0.0703125
2 0.4609375 0.6953125 0.03671875 0.0578125
0 0.54609375 0.109375 0.0234375 0.02265625
1 0.44921875 0.46875 0.025 0.03359375
1 0.4609375 0.47109375 0.02578125 0.02890625
2 0.590625 0.609375 0.05390625 0.0640625
2 0.7515625 0.58125 0.0375 0.065625