2 0.334375 0.778125 0.259375 0.44375
2 0.7234375 0.58671875 0.13125 0.31796875
2 0.33984375 0.34453125 0.2640625 0.44375
0 0.62890625 0.809375 0.053125 0.1453125
2 0.06484375 0.51484375 0.1234375 0.959375
2 0.8359375 0.8546875 0.0765625 0.26875
0 0.18359375 0.48125 0.06875 0.15234375
2 0.72109375 0.26171875 0.1390625 0.325
0 0.54140625 0.68515625 0.0484375 0.115625
0 0.43984375 0.628125 0.05390625 0.1375
1 0.79375 0.2796875 0.02109375 0.2546875
0 0.6359375 0.64765625 0.0421875 0.10625
1 0.21015625 0.6984375 0.03671875 0.27734375
2 0.63125 0.2734375 0.24921875 0.34296875
1 0.57421875 0.99140625 0.0359375 0.0171875