2 0.77265625 0.34765625 0.228125 0.4578125
2 0.84375 0.68828125 0.09140625 0.22734375
2 0.6078125 0.228125 0.1015625 0.22890625
1 0.215625 0.771875 0.03046875 0.18828125
2 0.3484375 0.7453125 0.2625 0.3375
2 0.72578125 0.69140625 0.14921875 0.23125
0 0.5078125 0.75546875 0.04609375 0.1
0 0.68046875 0.51015625 0.0625 0.125
0 0.6765625 0.2375 0.05703125 0.096875
0 0.63359375 0.6265625 0.05703125 0.11015625
0 0.4578125 0.6640625 0.0609375 0.12109375
1 0.221875 0.2859375 0.03203125 0.25703125
0 0.19609375 0.46171875 0.05234375 0.11484375
1 0.89609375 0.425 0.03203125 0.2390625
0 0.7765625 0.63203125 0.0515625 0.1046875
0 0.6109375 0.7375 0.0625 0.13046875
0 0.6125 0.86796875 0.0578125 0.128125
2 0.5234375 0.88203125 0.06796875 0.1765625
2 0.39140625 0.340625 0.33515625 0.471875
0 0.2421875 0.46640625 0.0578125 0.10703125
2 0.2421875 0.465625 0.05859375 0.11015625