2 0.81875 0.41171875 0.24921875 0.328125
0 0.21953125 0.2328125 0.0578125 0.19140625
2 0.8140625 0.7421875 0.2546875 0.3375
2 0.26796875 0.49453125 0.2421875 0.5265625
2 0.50625 0.72109375 0.065625 0.08203125
0 0.36015625 0.61640625 0.0640625 0.115625
0 0.71875 0.62734375 0.05859375 0.10390625
2 0.51015625 0.83203125 0.08125 0.16015625
0 0.715625 0.51640625 0.06328125 0.10546875
0 0.43828125 0.6421875 0.0546875 0.103125
0 0.43515625 0.79609375 0.0546875 0.1125
2 0.59375 0.8015625 0.1109375 0.22578125
1 0.603125 0.228125 0.09609375 0.06171875
1 0.946875 0.3859375 0.03046875 0.1828125
0 0.5640625 0.7296875 0.04921875 0.09296875
1 0.946875 0.740625 0.028125 0.18203125
2 0.53828125 0.4328125 0.309375 0.3625
0 0.44609375 0.97734375 0.0484375 0.04453125
2 0.5203125 0.959375 0.10625 0.08125
1 0.296875 0.228125 0.0984375 0.046875
2 0.97265625 0.7484375 0.0546875 0.32578125
2 0.60859375 0.9609375 0.0640625 0.07421875
1 0.959375 0.740625 0.0484375 0.27421875
2 0.671875 0.79453125 0.04140625 0.18515625
2 0.42734375 0.72265625 0.08828125 0.07421875