2 0.75234375 0.12421875 0.25859375 0.21015625
2 0.4296875 0.1234375 0.2109375 0.20703125
2 0.415625 0.6453125 0.18515625 0.259375
2 0.821875 0.69453125 0.13515625 0.1671875
2 0.45625 0.4328125 0.265625 0.16640625
2 0.6953125 0.7015625 0.13125 0.1328125
0 0.49296875 0.19453125 0.08125 0.07734375
0 0.6 0.6890625 0.08046875 0.06484375
0 0.66328125 0.1984375 0.07734375 0.06796875
0 0.6015625 0.5703125 0.0796875 0.06171875
2 0.57890625 0.08359375 0.09765625 0.12265625
2 0.690625 0.56171875 0.128125 0.125
1 0.88515625 0.3703125 0.0484375 0.1203125
0 0.475 0.55390625 0.07734375 0.06171875
1 0.88359375 0.14296875 0.0421875 0.10859375
0 0.5875 0.80234375 0.075 0.07890625
1 0.32578125 0.1421875 0.040625 0.103125
0 0.7890625 0.63203125 0.07109375 0.0625
1 0.3296875 0.64921875 0.0421875 0.10078125
0 0.28984375 0.409375 0.06953125 0.0640625
1 0.32890625 0.309375 0.04140625 0.12109375
0 0.23671875 0.66875 0.06640625 0.0859375
2 0.58125 0.36953125 0.1171875 0.11640625
2 0.74921875 0.4296875 0.23359375 0.1515625
2 0.23671875 0.671875 0.06484375 0.0765625