2 0.55703125 0.1203125 0.1296875 0.1984375
2 0.40859375 0.315625 0.11015625 0.1875
2 0.83828125 0.1234375 0.1296875 0.19609375
2 0.8390625 0.315625 0.1296875 0.19296875
2 0.13671875 0.31484375 0.18046875 0.18046875
2 0.1140625 0.096875 0.13359375 0.15
2 0.825 0.56796875 0.14453125 0.19609375
2 0.31796875 0.3140625 0.08203125 0.1921875
2 0.390625 0.12109375 0.140625 0.19921875
2 0.24921875 0.12109375 0.146875 0.20078125
2 0.6984375 0.1421875 0.1578125 0.246875
2 0.5484375 0.76640625 0.11328125 0.15390625
1 0.37890625 0.021875 0.05625 0.02265625
2 0.7875 0.7890625 0.06484375 0.0890625
2 0.55625 0.3140625 0.13203125 0.196875
1 0.1296875 0.0203125 0.05390625 0.02109375
2 0.71015625 0.80625 0.08671875 0.06640625
0 0.76484375 0.1453125 0.03046875 0.04375
2 0.5484375 0.54140625 0.10703125 0.14609375
0 0.65546875 0.68046875 0.028125 0.03671875
0 0.76328125 0.60234375 0.02890625 0.0359375
0 0.5625 0.70703125 0.02734375 0.04140625
2 0.6328125 0.74921875 0.06875 0.1796875
0 0.346875 0.34765625 0.0328125 0.04296875
1 0.575 0.0203125 0.03671875 0.01953125
0 0.81015625 0.64765625 0.0296875 0.04453125
0 0.39453125 0.2375 0.02734375 0.04140625
2 0.77265625 0.70390625 0.0359375 0.0828125
1 0.46171875 0.10625 0.0171875 0.05703125
0 0.3 0.421875 0.028125 0.0453125
0 0.63359375 0.14609375 0.03046875 0.040625
1 0.8203125 0.4671875 0.053125 0.02265625
2 0.6515625 0.53828125 0.06953125 0.1328125
2 0.13671875 0.20078125 0.0640625 0.06484375
0 0.309375 0.11796875 0.03125 0.0796875
0 0.8296875 0.79140625 0.02890625 0.0359375
1 0.2921875 0.02109375 0.04140625 0.02265625
2 0.64453125 0.309375 0.04765625 0.065625
0 0.7984375 0.70859375 0.02734375 0.03515625
1 0.2171875 0.01953125 0.03984375 0.02109375
0 0.78515625 0.090625 0.0265625 0.03203125
2 0.74921875 0.34375 0.0546875 0.1328125
0 0.165625 0.121875 0.03125 0.0453125
1 0.49296875 0.165625 0.01484375 0.0546875
1 0.6578125 0.46640625 0.03828125 0.02109375
0 0.784375 0.3171875 0.02578125 0.0328125
0 0.6109375 0.75234375 0.03203125 0.0390625
0 0.63125 0.25703125 0.0265625 0.0359375
0 0.3421875 0.23828125 0.02734375 0.04296875
2 0.253125 0.36171875 0.0515625 0.0625
1 0.821875 0.02265625 0.03828125 0.0203125
0 0.6125 0.08828125 0.0234375 0.0296875
0 0.91640625 0.54296875 0.034375 0.04609375
1 0.13125 0.40859375 0.05859375 0.025
1 0.8984375 0.76328125 0.0171875 0.05703125
0 0.20703125 0.42265625 0.02578125 0.040625
1 0.73359375 0.46640625 0.0390625 0.02265625
2 0.6953125 0.3734375 0.05390625 0.07109375
0 0.71484375 0.64609375 0.0234375 0.03359375
1 0.4921875 0.26328125 0.015625 0.05703125
1 0.903125 0.16953125 0.0171875 0.0578125
0 0.66640625 0.6078125 0.0265625 0.0375
1 0.6984375 0.021875 0.05625 0.021875
1 0.56875 0.465625 0.04921875 0.01875
0 0.6078125 0.15234375 0.0296875 0.04453125
0 0.70859375 0.6796875 0.0265625 0.034375
1 0.84921875 0.4140625 0.0390625 0.02265625
1 0.40703125 0.4078125 0.0390625 0.021875
0 0.2890625 0.3640625 0.028125 0.03359375
0 0.60859375 0.49296875 0.0265625 0.04140625
1 0.46171875 0.32421875 0.01640625 0.05625
1 0.0484375 0.1125 0.01640625 0.0578125
1 0.49609375 0.55546875 0.0171875 0.05703125
0 0.090625 0.23828125 0.02578125 0.0375
1 0.903125 0.2671875 0.0171875 0.05703125
1 0.0484375 0.31015625 0.0171875 0.059375
0 0.8765625 0.69296875 0.03828125 0.05078125
0 0.65078125 0.64296875 0.02265625 0.03359375
2 0.54765625 0.65390625 0.10859375 0.0703125
2 0.853125 0.753125 0.0890625 0.1734375
1 0.49296875 0.75234375 0.0171875 0.05546875
2 0.253125 0.278125 0.05234375 0.10625
0 0.2125 0.234375 0.02578125 0.03828125
1 0.57421875 0.4125 0.0375 0.021875
0 0.3 0.23515625 0.02890625 0.04296875
0 0.096875 0.1984375 0.0234375 0.03125
2 0.078125 0.196875 0.05625 0.05546875
0 0.2515625 0.53125 0.0328125 0.04765625
2 0.6953125 0.7296875 0.05703125 0.08984375
0 0.7890625 0.2578125 0.02890625 0.03359375
2 0.3953125 0.478125 0.15 0.121875
1 0.3015625 0.51640625 0.03984375 0.0203125
2 0.6296875 0.640625 0.025 0.03671875
2 0.6453125 0.36875 0.04921875 0.0796875
0 0.765625 0.25859375 0.02890625 0.0328125
2 0.5953125 0.53828125 0.04609375 0.128125
1 0.3375 0.4078125 0.025 0.02109375
0 0.24453125 0.41796875 0.021875 0.03203125
1 0.2109375 0.5171875 0.04140625 0.0234375
0 0.7125 0.66171875 0.02578125 0.05234375
0 0.61640625 0.75 0.03984375 0.0734375