2 0.85390625 0.16328125 0.23828125 0.20546875
2 0.33125 0.17109375 0.20234375 0.2234375
2 0.13203125 0.1671875 0.20234375 0.2265625
2 0.06640625 0.3390625 0.0625 0.121875
2 0.853125 0.51171875 0.23828125 0.18671875
2 0.909375 0.3359375 0.121875 0.14375
2 0.65234375 0.5140625 0.16171875 0.20625
2 0.134375 0.34140625 0.06953125 0.121875
2 0.2671875 0.4734375 0.07734375 0.10234375
2 0.8515625 0.76328125 0.25390625 0.32578125
2 0.48515625 0.496875 0.18515625 0.16640625
0 0.93984375 0.628125 0.05390625 0.05859375
1 0.3328125 0.05625 0.0859375 0.03203125
0 0.94296875 0.4328125 0.0484375 0.053125
0 0.92421875 0.03359375 0.0578125 0.0671875
0 0.05234375 0.26171875 0.0421875 0.05
0 0.9421875 0.2375 0.0515625 0.0609375
0 0.12109375 0.42265625 0.0390625 0.05234375
0 0.465625 0.0328125 0.05390625 0.06484375
0 0.359375 0.45 0.0609375 0.06328125
1 0.13203125 0.053125 0.084375 0.0296875
2 0.79375 0.3328125 0.11796875 0.146875
1 0.97109375 0.3453125 0.02890625 0.06328125
2 0.35859375 0.54921875 0.059375 0.06484375
0 0.53984375 0.1015625 0.0515625 0.053125
2 0.3046875 0.34921875 0.15234375 0.14296875
1 0.5109375 0.5828125 0.071875 0.0328125
1 0.64375 0.02578125 0.06953125 0.03671875
1 0.584375 0.02578125 0.08984375 0.0328125
1 0.97109375 0.72109375 0.028125 0.0734375
0 0.20859375 0.26328125 0.0515625 0.06015625
0 0.9359375 0.09609375 0.053125 0.04765625
1 0.9734375 0.16171875 0.0359375 0.0765625
2 0.35078125 0.475 0.08671875 0.09765625
0 0.871875 0.384375 0.05 0.0484375
0 0.2046875 0.42890625 0.046875 0.05546875
1 0.80859375 0.05546875 0.0515625 0.0296875
1 0.72890625 0.8625 0.0296875 0.06953125
2 0.12890625 0.496875 0.20078125 0.1859375
1 0.7296875 0.72109375 0.03046875 0.06796875
1 0.8546875 0.928125 0.140625 0.02421875
1 0.97265625 0.51015625 0.0265625 0.0796875
2 0.1296875 0.57578125 0.08671875 0.0515625
0 0.71328125 0.43828125 0.0484375 0.0453125
2 0.19765625 0.34140625 0.06640625 0.11796875
2 0.9265625 0.0359375 0.0578125 0.06875
2 0.009375 0.49296875 0.01796875 0.18046875
2 0.61796875 0.1984375 0.21796875 0.2609375