2 0.5625 0.62109375 0.1296875 0.22109375
2 0.6953125 0.62421875 0.14453125 0.21953125
2 0.325 0.709375 0.153125 0.203125
0 0.35234375 0.62734375 0.04453125 0.0578125
0 0.515625 0.56640625 0.0484375 0.05078125
2 0.32421875 0.36328125 0.15859375 0.1578125
0 0.265625 0.659375 0.046875 0.05
0 0.425 0.62265625 0.0515625 0.059375
0 0.66953125 0.5328125 0.04296875 0.05390625
1 0.57265625 0.73203125 0.065625 0.028125
1 0.68984375 0.73359375 0.06640625 0.028125
1 0.31796875 0.8109375 0.084375 0.0328125
2 0.184375 0.678125 0.13046875 0.08046875
2 0.340625 0.25625 0.12265625 0.06015625
1 0.5328125 0.28203125 0.05625 0.025
1 0.59296875 0.28125 0.05390625 0.025
2 0.26953125 0.48984375 0.06953125 0.0828125
0 0.35546875 0.553125 0.04375 0.0578125
0 0.21796875 0.50859375 0.03203125 0.03828125
1 0.303125 0.22109375 0.040625 0.021875
1 0.3421875 0.2203125 0.0390625 0.0203125
2 0.45078125 0.6890625 0.1046875 0.084375
0 0.43984375 0.75625 0.040625 0.05625
1 0.27890625 0.25078125 0.01875 0.0453125
0 0.09921875 0.58203125 0.03984375 0.046875
1 0.65234375 0.28046875 0.05625 0.02578125
0 0.1015625 0.74921875 0.0421875 0.04921875
0 0.56171875 0.621875 0.13046875 0.22421875
1 0.5890625 0.509375 0.0578125 0.021875
1 0.1234375 0.42578125 0.02421875 0.09375
2 0.18515625 0.42265625 0.11640625 0.11796875
2 0.17890625 0.76328125 0.13203125 0.0953125