2 0.5640625 0.371875 0.15 0.0703125
2 0.31796875 0.41015625 0.14453125 0.12265625
0 0.4609375 0.35 0.0484375 0.03515625
0 0.50390625 0.35390625 0.05078125 0.0328125
0 0.46015625 0.428125 0.04609375 0.0359375
2 0.44453125 0.25390625 0.40859375 0.18359375
0 0.64609375 0.62421875 0.0546875 0.04140625
0 0.4203125 0.4625 0.0421875 0.028125
1 0.7328125 0.56796875 0.02890625 0.05390625
0 0.37890625 0.43515625 0.046875 0.0296875
1 0.24375 0.4140625 0.0296875 0.04921875
0 0.55 0.4625 0.06015625 0.03671875
1 0.64375 0.3703125 0.0265625 0.028125
1 0.3359375 0.575 0.028125 0.05078125
1 0.4125 0.75390625 0.11875 0.0203125
0 0.59140625 0.69296875 0.04609375 0.05
2 0.478125 0.6203125 0.26484375 0.24921875
1 0.6140625 0.69609375 0.0296875 0.04921875
2 0.67734375 0.56953125 0.13046875 0.15703125