2 0.196875 0.5625 0.2375 0.140625
2 0.6859375 0.88359375 0.6015625 0.22890625
0 0.4578125 0.75390625 0.15546875 0.0703125
2 0.22734375 0.35546875 0.32109375 0.28359375
0 0.37265625 0.5984375 0.11953125 0.05625
0 0.5234375 0.2 0.13984375 0.109375
2 0.67578125 0.31953125 0.58515625 0.23671875
0 0.453125 0.40625 0.13359375 0.05390625
0 0.74140625 0.51796875 0.10546875 0.04453125
0 0.45703125 0.64140625 0.15546875 0.06484375
0 0.4328125 0.92109375 0.14921875 0.0578125
1 0.2375 0.196875 0.2453125 0.02890625
0 0.5859375 0.525 0.1234375 0.05390625
2 0.19453125 0.8828125 0.38828125 0.1578125
1 0.68828125 0.728125 0.20390625 0.028125
2 0.78671875 0.4671875 0.32109375 0.06328125
0 0.27109375 0.60625 0.09453125 0.0390625
2 0.04140625 0.44609375 0.0828125 0.1046875
2 0.2 0.66484375 0.21640625 0.09453125
2 0.0359375 0.56796875 0.071875 0.15546875
1 0.71484375 0.196875 0.27421875 0.0296875
0 0.19765625 0.56328125 0.23515625 0.1421875
2 0.75234375 0.6140625 0.4375 0.253125
2 0.03515625 0.66484375 0.0703125 0.1078125