2 0.82109375 0.56328125 0.125 0.24609375
2 0.12734375 0.27421875 0.17890625 0.321875
2 0.7640625 0.85078125 0.09140625 0.1328125
2 0.43984375 0.2 0.10859375 0.16640625
2 0.925 0.5546875 0.08984375 0.28828125
2 0.30234375 0.228125 0.17421875 0.228125
2 0.8234375 0.275 0.12578125 0.34453125
0 0.19140625 0.37734375 0.05859375 0.08203125
0 0.78203125 0.35390625 0.05625 0.07265625
0 0.33359375 0.078125 0.05859375 0.08515625
2 0.4375 0.3546875 0.1109375 0.146875
0 0.6765625 0.94296875 0.05625 0.0984375
2 0.92421875 0.3234375 0.0890625 0.1671875
0 0.3171875 0.37421875 0.05390625 0.084375
0 0.73828125 0.65625 0.04765625 0.06484375
2 0.9265625 0.17734375 0.084375 0.13359375
1 0.584375 0.10546875 0.07109375 0.0359375
0 0.78359375 0.48125 0.05390625 0.07421875
0 0.36953125 0.2203125 0.04921875 0.06953125
0 0.4671875 0.25859375 0.04453125 0.0609375
1 0.165625 0.69375 0.08671875 0.03515625
1 0.52421875 0.6921875 0.09765625 0.04140625
1 0.040625 0.29296875 0.02890625 0.11640625
0 0.2046875 0.46328125 0.0609375 0.075
0 0.67734375 0.81484375 0.06171875 0.08671875
1 0.7546875 0.9125 0.05703125 0.0328125
1 0.28671875 0.10703125 0.0453125 0.03359375
1 0.303125 0.6984375 0.053125 0.025
1 0.9109375 0.69140625 0.05859375 0.03671875
2 0.16171875 0.621875 0.1640625 0.134375
2 0.3453125 0.58671875 0.1953125 0.1640625
2 0.6296875 0.18125 0.2703125 0.14921875
0 0.6296875 0.1828125 0.27109375 0.1484375
2 0.08125 0.3296875 0.0875 0.19765625
1 0.8546875 0.10546875 0.07109375 0.0328125
2 0.75859375 0.8953125 0.07109375 0.075
0 0.82109375 0.559375 0.12578125 0.2421875
1 0.521875 0.475 0.065625 0.01875