2 0.28984375 0.6921875 0.3875 0.1984375
2 0.4546875 0.42109375 0.24609375 0.3359375
2 0.4171875 0.859375 0.34453125 0.14375
2 0.17734375 0.85859375 0.15 0.134375
0 0.58359375 0.2140625 0.11796875 0.115625
0 0.29296875 0.3390625 0.10703125 0.078125
0 0.5203125 0.76015625 0.0953125 0.071875
1 0.41796875 0.23828125 0.1546875 0.05234375
1 0.0984375 0.31875 0.05625 0.11171875
1 0.09609375 0.6703125 0.05546875 0.1375
1 0.7734375 0.2484375 0.20546875 0.046875
0 0.7890625 0.82890625 0.10703125 0.084375
0 0.68125 0.76796875 0.0875 0.06640625
2 0.76171875 0.60390625 0.1734375 0.1
1 0.17890625 0.23828125 0.08359375 0.046875
1 0.09453125 0.83984375 0.03984375 0.07421875
2 0.21171875 0.42421875 0.22265625 0.3328125
2 0.67265625 0.865625 0.1078125 0.14453125
0 0.4375 0.62890625 0.0828125 0.07734375
0 0.67265625 0.865625 0.10546875 0.14296875
2 0.78984375 0.41015625 0.2140625 0.3078125
0 0.29453125 0.8296875 0.078125 0.06328125