2 0.76484375 0.35078125 0.20859375 0.225
2 0.4765625 0.41015625 0.18671875 0.18125
2 0.52421875 0.1953125 0.2828125 0.2484375
2 0.76484375 0.1515625 0.20859375 0.1890625
2 0.80703125 0.53828125 0.1265625 0.16015625
2 0.70625 0.4921875 0.084375 0.06640625
2 0.80546875 0.6703125 0.13046875 0.11328125
2 0.490625 0.6390625 0.21171875 0.18515625
0 0.57578125 0.5796875 0.0640625 0.05390625
0 0.54609375 0.35390625 0.05859375 0.05703125
2 0.553125 0.52421875 0.09453125 0.06484375
0 0.6875 0.17890625 0.06796875 0.05625
1 0.86953125 0.55 0.025 0.06484375
0 0.159375 0.709375 0.05625 0.053125
2 0.70703125 0.56875 0.08515625 0.08125
0 0.6875 0.3953125 0.0609375 0.0546875
1 0.3875 0.61484375 0.02734375 0.0953125
1 0.8625 0.15625 0.0328125 0.125
0 0.725 0.5578125 0.05 0.046875
1 0.8703125 0.68125 0.02109375 0.06328125
1 0.86484375 0.3390625 0.0328125 0.146875
0 0.3546875 0.24765625 0.0703125 0.05390625
0 0.7078125 0.74453125 0.0609375 0.06953125
0 0.63046875 0.74375 0.0578125 0.06875
0 0.64453125 0.559375 0.05 0.04375
0 0.41328125 0.2484375 0.06015625 0.0515625
1 0.38828125 0.43671875 0.02890625 0.1046875
1 0.3875 0.15859375 0.03125 0.12265625
0 0.6328125 0.6515625 0.0625 0.07421875
2 0.70859375 0.74453125 0.06015625 0.06953125
2 0.16640625 0.81171875 0.16328125 0.1609375
0 0.61640625 0.5125 0.04765625 0.03671875
0 0.4796875 0.409375 0.184375 0.1734375
2 0.63125 0.64765625 0.0609375 0.08671875
0 0.646875 0.5046875 0.04609375 0.0328125
0 0.73125 0.37578125 0.125 0.115625