2 0.87109375 0.25859375 0.18203125 0.12890625
2 0.6984375 0.13203125 0.175 0.12578125
2 0.68515625 0.5171875 0.1921875 0.13125
2 0.16484375 0.28515625 0.28203125 0.184375
2 0.8703125 0.1296875 0.18046875 0.12265625
2 0.52109375 0.1296875 0.17890625 0.12265625
0 0.80546875 0.3015625 0.05390625 0.0375
2 0.16796875 0.13203125 0.2 0.12734375
2 0.89765625 0.5078125 0.128125 0.1421875
2 0.359375 0.16171875 0.15078125 0.065625
0 0.5890625 0.15078125 0.05625 0.03828125
0 0.53125 0.30390625 0.06796875 0.046875
2 0.54609375 0.35 0.0953125 0.05625
0 0.25703125 0.17734375 0.05859375 0.03984375
0 0.628125 0.72890625 0.05 0.034375
0 0.80546875 0.15 0.0546875 0.0375
1 0.6515625 0.8578125 0.03203125 0.07421875
0 0.7046875 0.734375 0.05859375 0.0359375
0 0.7515625 0.5671875 0.05546875 0.040625
0 0.73671875 0.434375 0.053125 0.0375
1 0.96015625 0.2546875 0.03046875 0.0578125
1 0.96015625 0.8578125 0.03359375 0.07734375
0 0.896875 0.42265625 0.0484375 0.034375
1 0.0171875 0.284375 0.02890625 0.05390625
0 0.64296875 0.2125 0.05078125 0.03671875
1 0.95859375 0.384375 0.0296875 0.06328125
2 0.84453125 0.38203125 0.1828125 0.1140625
2 0.81484375 0.55 0.07890625 0.0671875
1 0.959375 0.125 0.0265625 0.0546875
0 0.97734375 0.4828125 0.0453125 0.03046875
1 0.528125 0.065625 0.084375 0.01953125
1 0.06953125 0.14609375 0.025 0.0578125
0 0.2765625 0.3921875 0.05 0.0421875
1 0.70078125 0.06640625 0.07421875 0.01953125
1 0.96015625 0.70703125 0.0296875 0.0765625
0 0.58046875 0.33515625 0.03671875 0.0265625
1 0.3546875 0.06484375 0.040625 0.01484375
0 0.53359375 0.39453125 0.05546875 0.0453125
2 0.371875 0.0984375 0.13125 0.0625
2 0.40859375 0.2953125 0.1796875 0.2015625
2 0.17890625 0.4421875 0.24765625 0.12734375
2 0.88984375 0.6234375 0.13984375 0.0765625
0 0.571875 0.4734375 0.0453125 0.034375
2 0.72421875 0.23671875 0.11171875 0.0796875
1 0.5 0.346875 0.025 0.0546875
0 0.8734375 0.5375 0.046875 0.03203125
2 0.709375 0.6203125 0.22109375 0.07578125
0 0.540625 0.33125 0.08828125 0.09140625
2 0.80546875 0.85859375 0.31796875 0.21875
1 0.71171875 0.9703125 0.08046875 0.01640625
1 0.959375 0.5234375 0.0234375 0.053125
1 0.04296875 0.3359375 0.0484375 0.0359375
1 0.10546875 0.06484375 0.03671875 0.01484375