2 0.359375 0.22578125 0.08671875 0.171875
0 0.45 0.41953125 0.04296875 0.0984375
0 0.521875 0.3421875 0.04296875 0.1
0 0.3796875 0.4375 0.04921875 0.10390625
1 0.11484375 0.32265625 0.02890625 0.19296875
0 0.8328125 0.4453125 0.053125 0.10390625
2 0.45 0.25703125 0.096875 0.22890625
0 0.41796875 0.27109375 0.03984375 0.084375
1 0.809375 0.6546875 0.02890625 0.18984375
2 0.21796875 0.3203125 0.2109375 0.34921875
2 0.65546875 0.26796875 0.3015625 0.24921875
1 0.8109375 0.275 0.02578125 0.18515625
2 0.5125 0.821875 0.04765625 0.1984375
0 0.5125 0.8171875 0.046875 0.21015625
2 0.86953125 0.44375 0.1203125 0.6140625
2 0.6453125 0.603125 0.3171875 0.4421875