2 0.7640625 0.7609375 0.16640625 0.18125
2 0.37734375 0.62734375 0.06640625 0.08359375
2 0.72421875 0.29921875 0.2453125 0.23828125
2 0.7734375 0.50625 0.15 0.178125
2 0.27578125 0.6453125 0.1421875 0.275
0 0.803125 0.57578125 0.034375 0.05
2 0.8078125 0.63359375 0.07890625 0.0765625
0 0.7203125 0.5640625 0.04609375 0.05859375
2 0.578125 0.74921875 0.05859375 0.09296875
0 0.71875 0.69765625 0.0421875 0.05703125
0 0.33046875 0.61171875 0.03984375 0.04765625
0 0.32109375 0.5328125 0.04375 0.05703125
0 0.38828125 0.35546875 0.04765625 0.0625
0 0.25 0.240625 0.04140625 0.046875
2 0.153125 0.23671875 0.16015625 0.10625
2 0.73515625 0.63203125 0.07109375 0.07890625
0 0.5359375 0.7296875 0.0359375 0.046875
0 0.32578125 0.71875 0.046875 0.059375
1 0.84609375 0.3421875 0.0296875 0.1171875
0 0.6484375 0.7546875 0.04765625 0.065625
2 0.1734375 0.38203125 0.0625 0.16875
0 0.68671875 0.646875 0.0375 0.04375
2 0.35625 0.47890625 0.109375 0.1703125
1 0.846875 0.5296875 0.0234375 0.09765625
0 0.31484375 0.478125 0.03671875 0.0421875
0 0.165625 0.83203125 0.0609375 0.09140625
0 0.371875 0.82265625 0.04609375 0.0671875
0 0.390625 0.7203125 0.04765625 0.0609375
0 0.5859375 0.6734375 0.04765625 0.059375
1 0.66484375 0.175 0.07578125 0.028125
2 0.30546875 0.3109375 0.12890625 0.15234375
1 0.190625 0.17890625 0.05859375 0.0203125
2 0.25390625 0.421875 0.0953125 0.0734375
0 0.12421875 0.3859375 0.03828125 0.046875
2 0.04765625 0.4453125 0.0421875 0.07578125
1 0.06796875 0.59296875 0.0203125 0.08203125
2 0.10703125 0.3875 0.07578125 0.16796875
1 0.76640625 0.85234375 0.06875 0.03046875
0 0.1109375 0.8328125 0.0609375 0.0875
2 0.378125 0.5703125 0.06484375 0.040625
1 0.31875 0.17890625 0.0671875 0.0234375
0 0.046875 0.44375 0.046875 0.0625
1 0.4078125 0.26171875 0.0234375 0.13828125
2 0.65703125 0.5328125 0.090625 0.22109375
2 0.1109375 0.8328125 0.0625 0.08828125
1 0.2625 0.7953125 0.07734375 0.02578125
2 0.115625 0.38671875 0.06171875 0.06953125
2 0.4375 0.63984375 0.05703125 0.07421875
1 0.534375 0.1765625 0.08046875 0.0265625