2 0.16953125 0.5265625 0.2203125 0.2796875
2 0.203125 0.24296875 0.29296875 0.2765625
2 0.2703125 0.759375 0.21171875 0.203125
2 0.328125 0.5703125 0.09140625 0.1375
2 0.609375 0.2296875 0.3875 0.23671875
2 0.11640625 0.7640625 0.10234375 0.17890625
0 0.1953125 0.7203125 0.06015625 0.096875
2 0.871875 0.26640625 0.15 0.3859375
0 0.2578125 0.434375 0.06484375 0.0921875
0 0.315625 0.34609375 0.0578125 0.10234375
1 0.79765625 0.559375 0.0265625 0.228125
1 0.05625 0.503125 0.03125 0.1953125
1 0.05625 0.228125 0.03046875 0.1953125
0 0.44140625 0.86328125 0.06640625 0.21796875
0 0.39765625 0.559375 0.046875 0.0921875
1 0.06171875 0.79453125 0.02578125 0.075
1 0.79765625 0.23125 0.0296875 0.2171875
2 0.4328125 0.671875 0.11953125 0.37890625
2 0.82265625 0.37734375 0.06796875 0.09375
0 0.39765625 0.74921875 0.06015625 0.08359375
2 0.37734375 0.2359375 0.05859375 0.26171875
2 0.640625 0.50703125 0.30703125 0.38984375
0 0.0875 0.8046875 0.0359375 0.04765625
0 0.075 0.79765625 0.03515625 0.05859375