2 0.65234375 0.43515625 0.3125 0.3734375
2 0.26015625 0.62578125 0.2703125 0.253125
2 0.74140625 0.7546875 0.30390625 0.271875
2 0.23125 0.378125 0.2046875 0.2546875
2 0.44296875 0.571875 0.115625 0.3515625
2 0.47109375 0.3328125 0.0609375 0.153125
1 0.89921875 0.75 0.0421875 0.20703125
1 0.12265625 0.62890625 0.04140625 0.2109375
0 0.46953125 0.7796875 0.05546875 0.06171875
0 0.46640625 0.41953125 0.04765625 0.04375
0 0.64921875 0.875 0.0515625 0.0578125
0 0.8265625 0.8765625 0.05546875 0.04921875
1 0.121875 0.4109375 0.03984375 0.1515625
0 0.36171875 0.56640625 0.0328125 0.09375
0 0.36953125 0.8953125 0.0671875 0.06796875
0 0.50546875 0.5234375 0.028125 0.096875
1 0.81015625 0.45390625 0.0453125 0.25390625
0 0.39765625 0.41953125 0.0515625 0.05
2 0.38828125 0.33125 0.1109375 0.14921875
0 0.81953125 0.3265625 0.04921875 0.0984375
0 0.3609375 0.4546875 0.03125 0.08125
0 0.56953125 0.92578125 0.040625 0.0578125
1 0.11328125 0.83203125 0.025 0.12578125
0 0.24375 0.82578125 0.0453125 0.1234375