2 0.7671875 0.4703125 0.18046875 0.29609375
2 0.590625 0.8328125 0.171875 0.2046875
2 0.71484375 0.83515625 0.07734375 0.19296875
2 0.475 0.83046875 0.06875 0.20234375
2 0.91796875 0.5109375 0.125 0.39609375
0 0.4625 0.6953125 0.0453125 0.08125
2 0.7875 0.840625 0.071875 0.19765625
0 0.6171875 0.5671875 0.05078125 0.109375
0 0.709375 0.56484375 0.0515625 0.10078125
0 0.58515625 0.296875 0.05546875 0.20234375
0 0.64375 0.68671875 0.05078125 0.096875
0 0.840625 0.834375 0.04296875 0.07578125
0 0.1765625 0.6125 0.04453125 0.0890625
0 0.234375 0.6109375 0.053125 0.0953125
1 0.20546875 0.45625 0.034375 0.24375
2 0.5375 0.46953125 0.20078125 0.30390625
1 0.2046875 0.76015625 0.03203125 0.20703125
1 0.76171875 0.30078125 0.09375 0.06015625
0 0.88515625 0.59140625 0.05 0.08828125
0 0.9078125 0.878125 0.05390625 0.11328125
2 0.99140625 0.8296875 0.0171875 0.20625
1 0.48828125 0.29921875 0.07734375 0.0578125
0 0.6484375 0.78359375 0.0453125 0.1
1 0.93046875 0.303125 0.07734375 0.0546875
2 0.98671875 0.5125 0.0265625 0.403125
1 0.2046875 0.39921875 0.028125 0.128125