2 0.846875 0.6984375 0.26015625 0.21171875
2 0.54140625 0.5390625 0.16796875 0.103125
2 0.45859375 0.7265625 0.23984375 0.15625
2 0.234375 0.6953125 0.2109375 0.2171875
2 0.784375 0.55859375 0.125 0.07421875
2 0.36796875 0.54140625 0.18515625 0.09921875
2 0.91015625 0.559375 0.1296875 0.0703125
2 0.2578125 0.36640625 0.26015625 0.24609375
0 0.5328125 0.609375 0.06953125 0.0484375
2 0.91953125 0.89375 0.12109375 0.18203125
0 0.7578125 0.61484375 0.0890625 0.05
2 0.85078125 0.38515625 0.24921875 0.27890625
0 0.30625 0.61484375 0.08671875 0.0484375
0 0.425 0.571875 0.07578125 0.04375
0 0.88046875 0.60859375 0.0671875 0.0421875
0 0.484375 0.67109375 0.0765625 0.0515625
0 0.34609375 0.47265625 0.0828125 0.05
0 0.665625 0.7296875 0.08046875 0.0484375
1 0.47265625 0.80625 0.1421875 0.03046875
0 0.30859375 0.5109375 0.0640625 0.0375
1 0.26953125 0.80859375 0.13671875 0.03203125
0 0.6640625 0.82578125 0.0796875 0.0546875
0 0.7015625 0.571875 0.065625 0.0375
0 0.66953125 0.24609375 0.08203125 0.09296875
0 0.821875 0.90234375 0.08515625 0.05078125
2 0.209375 0.55859375 0.1421875 0.07265625
1 0.26796875 0.24296875 0.13203125 0.028125
1 0.8296875 0.246875 0.18046875 0.025
1 0.7953125 0.8078125 0.134375 0.0234375
0 0.3671875 0.54140625 0.17734375 0.0953125
1 0.38515625 0.24296875 0.11640625 0.034375
1 0.37265625 0.80859375 0.0890625 0.028125
2 0.9109375 0.20546875 0.08515625 0.04609375
1 0.48046875 0.24453125 0.11796875 0.0328125