2 0.828125 0.59609375 0.10625 0.10234375
2 0.8203125 0.13984375 0.15390625 0.1203125
2 0.20390625 0.59609375 0.10546875 0.0984375
2 0.57578125 0.58984375 0.12109375 0.08671875
2 0.20390625 0.8015625 0.11015625 0.125
2 0.20390625 0.6953125 0.109375 0.0921875
2 0.45625 0.58828125 0.11953125 0.08671875
2 0.828125 0.80234375 0.1046875 0.12578125
2 0.48984375 0.66328125 0.046875 0.06328125
2 0.82578125 0.26328125 0.16640625 0.12109375
2 0.828125 0.6953125 0.10703125 0.09296875
2 0.275 0.5046875 0.053125 0.07890625
2 0.6828125 0.58828125 0.0953125 0.084375
2 0.6890625 0.67421875 0.0515625 0.0828125
2 0.76015625 0.5046875 0.05390625 0.07734375
0 0.41171875 0.603125 0.03515625 0.03203125
0 0.453125 0.64609375 0.03359375 0.0328125
0 0.78984375 0.61171875 0.03515625 0.0328125
2 0.7546875 0.5703125 0.0453125 0.04609375
0 0.78984375 0.6828125 0.03515625 0.03203125
0 0.68046875 0.528125 0.03671875 0.0375
0 0.78984375 0.77265625 0.03203125 0.03125
2 0.54296875 0.66328125 0.05 0.0640625
0 0.6203125 0.603125 0.03359375 0.03046875
0 0.2421875 0.6125 0.03359375 0.03125
0 0.24296875 0.7734375 0.0328125 0.0296875
0 0.24296875 0.68359375 0.0359375 0.03125
0 0.35703125 0.528125 0.03671875 0.0375
0 0.67890625 0.61796875 0.0328125 0.03203125
2 0.596875 0.48046875 0.0859375 0.08515625
0 0.353125 0.61796875 0.03125 0.0296875
1 0.446875 0.5453125 0.059375 0.01875
1 0.58515625 0.5453125 0.05703125 0.01953125
1 0.8828125 0.6921875 0.01875 0.05625
2 0.415625 0.67109375 0.0953125 0.08203125
2 0.3484375 0.503125 0.09140625 0.07421875
0 0.5796875 0.64609375 0.03125 0.03046875
2 0.34921875 0.5890625 0.09453125 0.0859375
1 0.2 0.54609375 0.04453125 0.01484375
2 0.62421875 0.67265625 0.078125 0.08203125
2 0.6828125 0.50078125 0.09609375 0.07109375
1 0.56640625 0.86640625 0.028125 0.009375
1 0.70390625 0.865625 0.02890625 0.0109375
1 0.8390625 0.865625 0.0296875 0.0125
1 0.8328125 0.54453125 0.0484375 0.01484375
1 0.46328125 0.865625 0.03671875 0.0125
1 0.59296875 0.865625 0.02734375 0.009375
1 0.328125 0.865625 0.0265625 0.009375
1 0.14921875 0.690625 0.015625 0.05234375
1 0.21953125 0.86640625 0.028125 0.01171875
2 0.2796875 0.57265625 0.04765625 0.04609375
2 0.77265625 0.9109375 0.05546875 0.06171875
0 0.7171875 0.52265625 0.0296875 0.0328125
2 0.58359375 0.6671875 0.12890625 0.07109375
0 0.315625 0.5203125 0.02890625 0.03359375
2 0.4921875 0.3921875 0.165625 0.1
1 0.19375 0.865625 0.03046875 0.0125
1 0.7453125 0.13046875 0.01796875 0.08984375
1 0.44296875 0.86484375 0.034375 0.01015625
2 0.3453125 0.6703125 0.05859375 0.078125
1 0.74453125 0.26015625 0.0171875 0.08984375