2 0.81328125 0.7390625 0.25625 0.17890625
2 0.25 0.5953125 0.1046875 0.07109375
2 0.428125 0.53984375 0.24921875 0.175
2 0.6109375 0.28984375 0.07734375 0.07109375
2 0.1390625 0.78984375 0.13125 0.08046875
2 0.1390625 0.7078125 0.121875 0.08046875
0 0.27421875 0.4953125 0.065625 0.04609375
2 0.63828125 0.7859375 0.09375 0.0796875
2 0.5265625 0.290625 0.08671875 0.07265625
0 0.6265625 0.72734375 0.06953125 0.0515625
0 0.0453125 0.496875 0.07109375 0.05078125
2 0.1875 0.50390625 0.22578125 0.109375
2 0.53671875 0.12421875 0.22421875 0.1140625
0 0.178125 0.60625 0.0578125 0.03828125
0 0.715625 0.69921875 0.0703125 0.04609375
1 0.40546875 0.4421875 0.09921875 0.0234375
0 0.8296875 0.45234375 0.040625 0.0421875
0 0.22578125 0.78515625 0.06015625 0.04296875
1 0.76953125 0.4421875 0.08125 0.02109375
1 0.6921875 0.4421875 0.0859375 0.02109375
1 0.934375 0.1984375 0.03515625 0.0859375
0 0.54453125 0.84609375 0.0703125 0.05546875
1 0.61171875 0.4421875 0.08203125 0.021875
0 0.540625 0.2375 0.0515625 0.0390625
2 0.1421875 0.6125 0.125 0.11484375
1 0.0765625 0.63984375 0.02734375 0.0421875
2 0.7921875 0.10546875 0.28046875 0.0765625
2 0.309375 0.72890625 0.22109375 0.19609375
1 0.07421875 0.23125 0.034375 0.0765625
1 0.1921875 0.43984375 0.06328125 0.01875
1 0.28828125 0.82578125 0.09921875 0.02265625
0 0.22734375 0.64609375 0.05546875 0.0421875
0 0.91640625 0.60703125 0.0546875 0.03203125
0 0.3921875 0.65 0.065625 0.0484375
1 0.7984375 0.82890625 0.1015625 0.02265625
0 0.17421875 0.65078125 0.05390625 0.0421875
0 0.1734375 0.53828125 0.06875 0.04765625
2 0.74453125 0.54609375 0.39140625 0.20078125
0 0.915625 0.69296875 0.04609375 0.028125
1 0.38515625 0.8828125 0.028125 0.06640625
2 0.7890625 0.23359375 0.28046875 0.1859375
1 0.06953125 0.7109375 0.02265625 0.040625
2 0.1015625 0.16875 0.07265625 0.04453125
2 0.45390625 0.35625 0.06171875 0.053125
0 0.5703125 0.95078125 0.065625 0.04921875
1 0.7265625 0.14609375 0.059375 0.02734375
1 0.93515625 0.29765625 0.02421875 0.03359375
2 0.45234375 0.7828125 0.06796875 0.071875
1 0.67734375 0.884375 0.02421875 0.0578125
1 0.07265625 0.7765625 0.0234375 0.03203125
1 0.071875 0.29140625 0.02578125 0.03671875
0 0.10078125 0.16875 0.075 0.0453125
1 0.9359375 0.0984375 0.02265625 0.03125
1 0.43671875 0.9328125 0.04375 0.02265625
1 0.62421875 0.9359375 0.0453125 0.02265625
2 0.53984375 0.21640625 0.2265625 0.07578125
2 0.25 0.19453125 0.3375 0.278125
2 0.55390625 0.7234375 0.25546875 0.196875