2 0.76328125 0.271875 0.0828125 0.10859375
2 0.27109375 0.27265625 0.1171875 0.121875
2 0.17265625 0.340625 0.0890625 0.0765625
2 0.78203125 0.36171875 0.04609375 0.07265625
2 0.78046875 0.5109375 0.0546875 0.08828125
2 0.1703125 0.23359375 0.08203125 0.1359375
2 0.56953125 0.43046875 0.0875 0.08984375
0 0.734375 0.31015625 0.0296875 0.03203125
0 0.31484375 0.30546875 0.028125 0.03046875
0 0.2265625 0.346875 0.02421875 0.02734375
2 0.38125 0.2390625 0.046875 0.05234375
2 0.30390625 0.37265625 0.04765625 0.0734375
2 0.56640625 0.22578125 0.0796875 0.1296875
2 0.6671875 0.28125 0.1140625 0.12265625
2 0.78125 0.43125 0.04765625 0.071875
0 0.375 0.27421875 0.02421875 0.02890625
2 0.57109375 0.34609375 0.0859375 0.078125
0 0.3765625 0.20078125 0.02421875 0.03125
0 0.34765625 0.2734375 0.02265625 0.0265625
2 0.34140625 0.2375 0.0359375 0.0546875
0 0.58828125 0.24140625 0.03125 0.0328125
0 0.77421875 0.3171875 0.021875 0.025
2 0.17109375 0.42109375 0.08359375 0.08359375
0 0.22578125 0.42734375 0.02265625 0.0265625
0 0.7484375 0.45390625 0.02265625 0.02578125
0 0.6015625 0.396875 0.02890625 0.0296875
0 0.275 0.40859375 0.0234375 0.02578125
0 0.37578125 0.40703125 0.025 0.028125
1 0.1296875 0.3390625 0.015625 0.0484375
0 0.2046875 0.39453125 0.02890625 0.03125
0 0.596875 0.28125 0.0265625 0.03046875
0 0.20390625 0.315625 0.0296875 0.03046875
0 0.728125 0.52578125 0.03046875 0.03671875
1 0.52734375 0.340625 0.0140625 0.04609375
1 0.28359375 0.21328125 0.0375 0.015625
0 0.6828125 0.23046875 0.03671875 0.040625
0 0.72734375 0.45234375 0.02890625 0.0328125
1 0.7609375 0.21640625 0.0625 0.01484375
1 0.52734375 0.43515625 0.0140625 0.040625
2 0.61875 0.5953125 0.04765625 0.08125
0 0.74296875 0.53515625 0.02578125 0.0328125