2 0.61171875 0.41015625 0.13046875 0.21171875
2 0.55703125 0.646875 0.11015625 0.271875
2 0.85234375 0.67890625 0.11796875 0.19921875
2 0.15703125 0.83828125 0.09140625 0.13046875
0 0.62421875 0.54453125 0.03515625 0.07109375
2 0.22734375 0.834375 0.053125 0.12734375
2 0.1546875 0.4453125 0.09296875 0.2734375
2 0.78984375 0.47734375 0.23046875 0.2
0 0.75 0.62265625 0.03046875 0.0609375
0 0.1234375 0.68203125 0.034375 0.06953125
0 0.1890625 0.48515625 0.03046875 0.11171875
0 0.28984375 0.8125 0.0359375 0.08515625
0 0.66015625 0.484375 0.0328125 0.06796875
2 0.52421875 0.465625 0.05078125 0.103125
0 0.80703125 0.6125 0.03359375 0.06328125
2 0.5234375 0.35546875 0.04765625 0.11640625
0 0.0671875 0.81015625 0.034375 0.07421875
2 0.07734375 0.6734375 0.11484375 0.21484375
1 0.43515625 0.48515625 0.02109375 0.10859375
0 0.234375 0.74453125 0.0328125 0.06328125
0 0.52109375 0.54375 0.0265625 0.05625
2 0.7640625 0.7125 0.06328125 0.134375
0 0.38671875 0.34609375 0.03203125 0.065625
0 0.06875 0.59453125 0.0296875 0.06484375
0 0.5578125 0.340625 0.028125 0.0609375
2 0.06796875 0.50390625 0.0890625 0.13046875
0 0.0984375 0.846875 0.0359375 0.0796875
1 0.61796875 0.296875 0.053125 0.03125
1 0.55546875 0.784375 0.053125 0.04453125
1 0.85859375 0.778125 0.0546875 0.03828125
1 0.38046875 0.78046875 0.05546875 0.0375
1 0.909375 0.471875 0.01953125 0.10859375
0 0.8671875 0.3515625 0.03125 0.06328125
0 0.0640625 0.4609375 0.02890625 0.0640625
1 0.403125 0.39140625 0.05078125 0.040625
2 0.22265625 0.359375 0.04453125 0.1
2 0.28203125 0.67109375 0.29609375 0.196875
1 0.76015625 0.2921875 0.05078125 0.03046875
1 0.14375 0.2984375 0.0453125 0.028125
2 0.671875 0.71328125 0.12265625 0.13515625
1 0.69765625 0.7796875 0.05703125 0.03984375
1 0.80546875 0.2953125 0.04921875 0.03359375
2 0.88359375 0.3296875 0.06171875 0.1015625
1 0.765625 0.78125 0.0296875 0.034375
2 0.06796875 0.3671875 0.08125 0.125
1 0.71484375 0.2921875 0.04921875 0.028125
1 0.0046875 0.61484375 0.0078125 0.0453125
0 0.06640625 0.46796875 0.0546875 0.084375
0 0.53515625 0.290625 0.02109375 0.03671875
2 0.31875 0.43828125 0.2421875 0.278125
2 0.06796875 0.4703125 0.04921875 0.08515625