2 0.1796875 0.2703125 0.15859375 0.28359375
2 0.9171875 0.21484375 0.090625 0.1890625
2 0.75546875 0.2125 0.121875 0.184375
0 0.2890625 0.08984375 0.05234375 0.0953125
0 0.19140625 0.44765625 0.05 0.0953125
0 0.33203125 0.2703125 0.0484375 0.08203125
0 0.27890625 0.221875 0.0453125 0.071875
0 0.2046875 0.6953125 0.0515625 0.096875
1 0.115625 0.82578125 0.0203125 0.09921875
0 0.20859375 0.91640625 0.05 0.08984375
1 0.2953125 0.825 0.02265625 0.10234375
0 0.40546875 0.2671875 0.04140625 0.06015625
2 0.4578125 0.21796875 0.0703125 0.1765625
0 0.9203125 0.33828125 0.04140625 0.0640625
1 0.18203125 0.12421875 0.06796875 0.0375
0 0.284375 0.52421875 0.05546875 0.08125
1 0.3796875 0.6578125 0.1015625 0.04609375
1 0.0984375 0.565625 0.02265625 0.0890625
1 0.496875 0.48359375 0.02734375 0.16875
2 0.1796875 0.5359375 0.16640625 0.24140625
1 0.26328125 0.884375 0.05703125 0.0375
1 0.74296875 0.11484375 0.0484375 0.02890625
1 0.95859375 0.175 0.0234375 0.10546875
1 0.15 0.88515625 0.06015625 0.03515625
2 0.384375 0.47578125 0.23671875 0.353125
2 0.61484375 0.4015625 0.159375 0.5625
1 0.7703125 0.31015625 0.0515625 0.0296875
1 0.7234375 0.30546875 0.05546875 0.02890625
2 0.825 0.48359375 0.253125 0.36015625