2 0.871875 0.77578125 0.1796875 0.17890625
2 0.675 0.709375 0.23203125 0.3171875
2 0.7 0.4265625 0.16484375 0.20078125
2 0.375 0.271875 0.14453125 0.12265625
0 0.75703125 0.49453125 0.06953125 0.06953125
2 0.884375 0.27109375 0.1296875 0.10859375
0 0.3578125 0.90078125 0.065625 0.08359375
0 0.68359375 0.29296875 0.06796875 0.0796875
0 0.35078125 0.48671875 0.05859375 0.06953125
0 0.86015625 0.4828125 0.06640625 0.06953125
0 0.25234375 0.28671875 0.0640625 0.0671875
0 0.759375 0.60546875 0.07265625 0.06875
0 0.3453125 0.175 0.078125 0.07578125
1 0.146875 0.8703125 0.10234375 0.03984375
0 0.86171875 0.6703125 0.05859375 0.06484375
0 0.35703125 0.79609375 0.06484375 0.06328125
1 0.0765625 0.51484375 0.0421875 0.12265625
2 0.2046875 0.46796875 0.225 0.28671875
0 0.8609375 0.3515625 0.06171875 0.07578125
1 0.5546875 0.70390625 0.040625 0.125
1 0.85078125 0.8671875 0.12265625 0.0421875
2 0.37890625 0.384375 0.13125 0.13203125
1 0.18125 0.328125 0.08828125 0.03125
1 0.74765625 0.31953125 0.065625 0.03203125
1 0.04765625 0.70234375 0.0421875 0.11875
1 0.809375 0.24375 0.034375 0.05234375
2 0.8640625 0.3921875 0.17265625 0.13046875
0 0.86953125 0.375 0.1390625 0.1109375
1 0.45078125 0.3640625 0.01640625 0.0375
0 0.50078125 0.8890625 0.05234375 0.05390625