2 0.709375 0.42734375 0.1453125 0.26953125
2 0.7125 0.7640625 0.13828125 0.2328125
2 0.58046875 0.4296875 0.11875 0.27421875
2 0.2265625 0.47421875 0.18203125 0.18203125
2 0.86796875 0.39453125 0.16328125 0.2125
2 0.6125 0.709375 0.0640625 0.11484375
2 0.18671875 0.68359375 0.09453125 0.11953125
2 0.27421875 0.67890625 0.08828125 0.13984375
0 0.2015625 0.540625 0.04453125 0.06328125
2 0.53515625 0.81953125 0.09296875 0.11484375
0 0.525 0.73046875 0.05 0.07578125
0 0.30078125 0.79765625 0.04609375 0.06640625
0 0.52578125 0.90234375 0.0453125 0.071875
2 0.73671875 0.609375 0.08671875 0.09296875
0 0.603125 0.6234375 0.0453125 0.0640625
2 0.18828125 0.59609375 0.09921875 0.065625
0 0.2140625 0.65234375 0.03671875 0.05234375
0 0.209375 0.76875 0.046875 0.06953125
1 0.46015625 0.2875 0.0546875 0.034375
0 0.1125 0.7984375 0.0421875 0.06953125
0 0.66953125 0.68125 0.0421875 0.0640625
0 0.6640625 0.53515625 0.04296875 0.0625
2 0.61328125 0.8 0.06640625 0.07421875
0 0.33515625 0.4671875 0.040625 0.05703125
0 0.8359375 0.52890625 0.04375 0.071875
1 0.3921875 0.87734375 0.08203125 0.03671875
1 0.715625 0.2921875 0.0578125 0.03203125
2 0.6125 0.85234375 0.0640625 0.0578125
1 0.6015625 0.29453125 0.06484375 0.0328125
0 0.33515625 0.43359375 0.04375 0.09453125
1 0.2359375 0.38203125 0.0546875 0.03515625
2 0.22265625 0.81484375 0.1984375 0.140625
1 0.2125 0.86796875 0.04453125 0.0421875
1 0.94765625 0.790625 0.02421875 0.16953125
2 0.2171875 0.7796875 0.1265625 0.09296875
1 0.865625 0.88203125 0.1421875 0.03046875
0 0.2078125 0.77265625 0.096875 0.07265625
2 0.43046875 0.43828125 0.190625 0.309375
1 0.70703125 0.87734375 0.05859375 0.03046875
2 0.21171875 0.86328125 0.06484375 0.0546875