2 0.53671875 0.83125 0.103125 0.15
2 0.24140625 0.20234375 0.115625 0.19140625
2 0.103125 0.2109375 0.15546875 0.26015625
2 0.1046875 0.40078125 0.15703125 0.11953125
2 0.5328125 0.68125 0.0875 0.1421875
2 0.89296875 0.384375 0.1 0.11484375
0 0.47578125 0.82890625 0.03671875 0.053125
0 0.19453125 0.3953125 0.03359375 0.05234375
0 0.47890625 0.675 0.02734375 0.04140625
0 0.2171875 0.4546875 0.0359375 0.103125
2 0.415625 0.80703125 0.13125 0.19765625
0 0.5359375 0.92578125 0.0328125 0.05625
0 0.43515625 0.6765625 0.03046875 0.0484375
0 0.40546875 0.678125 0.03203125 0.05390625
0 0.071875 0.31328125 0.04453125 0.06484375
2 0.86171875 0.23515625 0.16015625 0.1890625
2 0.38671875 0.6546875 0.065625 0.10234375
0 0.2359375 0.32890625 0.03046875 0.05078125
2 0.2703125 0.340625 0.05859375 0.08515625
2 0.3796875 0.27265625 0.15859375 0.371875
0 0.928125 0.26484375 0.02265625 0.03515625
1 0.1375 0.08671875 0.02734375 0.04375
1 0.4125 0.08515625 0.02578125 0.0421875
1 0.34375 0.08359375 0.02578125 0.04609375
1 0.06640625 0.0875 0.0265625 0.05
0 0.92890625 0.29296875 0.0234375 0.03359375
0 0.95390625 0.29453125 0.021875 0.03359375
2 0.81171875 0.39140625 0.0625 0.1140625
1 0.45859375 0.27890625 0.01640625 0.0890625
0 0.221875 0.2765625 0.04375 0.04921875
0 0.9546875 0.265625 0.021875 0.0328125
1 0.509375 0.271875 0.01640625 0.06015625
1 0.50625 0.90390625 0.03046875 0.02109375
1 0.02421875 0.2296875 0.01875 0.09296875
1 0.5375 0.60703125 0.028125 0.01484375
1 0.375 0.70625 0.03515625 0.0203125
2 0.634375 0.27421875 0.27109375 0.28828125
2 0.96484375 0.28125 0.0421875 0.1234375
1 0.35859375 0.4578125 0.05234375 0.025
0 0.9640625 0.28125 0.04140625 0.11953125