2 0.81796875 0.3859375 0.2328125 0.221875
2 0.825 0.5796875 0.23671875 0.175
2 0.56875 0.7703125 0.10546875 0.14140625
2 0.559375 0.4453125 0.12890625 0.16328125
0 0.26953125 0.296875 0.06953125 0.07421875
1 0.23828125 0.50234375 0.04140625 0.12265625
1 0.2390625 0.64765625 0.04453125 0.13125
0 0.675 0.75234375 0.06640625 0.07421875
0 0.2046875 0.2984375 0.06640625 0.07265625
2 0.36015625 0.46875 0.2578125 0.2
0 0.828125 0.7640625 0.0546875 0.0609375
1 0.23515625 0.19921875 0.04296875 0.14140625
0 0.659375 0.8875 0.06953125 0.0828125
0 0.54921875 0.8703125 0.06328125 0.07421875
1 0.23671875 0.78203125 0.0375 0.128125
1 0.93671875 0.58046875 0.040625 0.1453125
2 0.85546875 0.840625 0.13828125 0.10390625
0 0.73828125 0.30859375 0.04765625 0.06015625
0 0.1625 0.81875 0.053125 0.06796875
0 0.734375 0.528125 0.06015625 0.07421875
0 0.21796875 0.89921875 0.06015625 0.06875
0 0.475 0.434375 0.0578125 0.06171875
2 0.78515625 0.728125 0.16796875 0.1234375
1 0.9359375 0.39140625 0.0375 0.15859375
1 0.02578125 0.95546875 0.0375 0.0890625
1 0.9375 0.8546875 0.03515625 0.1125
0 0.89609375 0.30078125 0.0546875 0.06171875
0 0.1578125 0.88828125 0.06328125 0.07578125
0 0.66015625 0.96015625 0.06328125 0.06796875
1 0.32578125 0.0828125 0.125 0.03515625
1 0.57734375 0.084375 0.10625 0.03671875
2 0.88515625 0.184375 0.10546875 0.18828125
2 0.38671875 0.23515625 0.29765625 0.2703125
2 0.55703125 0.56328125 0.11875 0.0765625
2 0.85078125 0.73203125 0.15859375 0.11640625