2 0.3671875 0.353125 0.20234375 0.24765625
2 0.84296875 0.35859375 0.21171875 0.27265625
2 0.64140625 0.78515625 0.2015625 0.14921875
2 0.8890625 0.60625 0.11328125 0.22578125
2 0.31796875 0.684375 0.09765625 0.21484375
0 0.4625 0.82265625 0.0484375 0.084375
2 0.39765625 0.65859375 0.06484375 0.16015625
2 0.3890625 0.5296875 0.08359375 0.1078125
0 0.86328125 0.7375 0.046875 0.0703125
0 0.45703125 0.675 0.05234375 0.0765625
0 0.23828125 0.28203125 0.0515625 0.078125
0 0.85 0.5484375 0.0453125 0.0578125
0 0.69453125 0.20625 0.059375 0.0953125
0 0.76015625 0.41953125 0.0578125 0.07578125
0 0.4078125 0.6109375 0.05 0.0671875
0 0.7640625 0.75625 0.04375 0.06171875
1 0.94765625 0.59375 0.0296875 0.1046875
2 0.7890625 0.61171875 0.0953125 0.12109375
1 0.6234375 0.86015625 0.0859375 0.03046875
0 0.29296875 0.44765625 0.0453125 0.05703125
1 0.590625 0.23046875 0.134375 0.04609375
0 0.9625 0.7609375 0.0515625 0.06875
2 0.1578125 0.209375 0.234375 0.21640625
1 0.86171875 0.859375 0.0890625 0.028125
1 0.35859375 0.23125 0.0890625 0.03515625
1 0.0484375 0.2171875 0.03125 0.08828125
1 0.853125 0.225 0.08671875 0.0328125
0 0.4484375 0.53984375 0.05 0.06796875
2 0.78828125 0.69453125 0.0984375 0.05078125
0 0.29453125 0.18203125 0.0515625 0.0734375
1 0.0484375 0.5578125 0.02890625 0.08515625
1 0.3359375 0.79375 0.04765625 0.03515625
1 0.7390625 0.53671875 0.0140625 0.04453125
2 0.6203125 0.48828125 0.2515625 0.50234375
2 0.7875 0.5625 0.09453125 0.13515625
1 0.04921875 0.5171875 0.02578125 0.18125
1 0.3625 0.796875 0.07265625 0.0390625
1 0.0484375 0.465625 0.02109375 0.08203125
2 0.63046875 0.63984375 0.2171875 0.16015625
2 0.47734375 0.7484375 0.1 0.0796875