2 0.3625 0.74453125 0.20546875 0.21953125
2 0.19921875 0.19921875 0.240625 0.25859375
0 0.06953125 0.82265625 0.075 0.11015625
2 0.23671875 0.48125 0.21640625 0.30234375
0 0.67265625 0.6796875 0.07265625 0.10625
0 0.2890625 0.265625 0.07578125 0.11015625
2 0.940625 0.3125 0.11796875 0.25546875
0 0.92109375 0.39765625 0.07421875 0.10390625
0 0.753125 0.70078125 0.06328125 0.09375
2 0.74921875 0.47265625 0.228125 0.5609375
0 0.9296875 0.8109375 0.08046875 0.1078125
0 0.29140625 0.80390625 0.06640625 0.090625
0 0.50546875 0.5796875 0.075 0.109375
2 0.5515625 0.7453125 0.1734375 0.22890625
0 0.0421875 0.3328125 0.07734375 0.21484375
0 0.49296875 0.75546875 0.06484375 0.084375
1 0.978125 0.44765625 0.04375 0.0453125
2 0.4921875 0.44609375 0.3015625 0.509375
1 0.2703125 0.3359375 0.10546875 0.05078125
0 0.0453125 0.390625 0.07421875 0.1125
1 0.41328125 0.2 0.1453125 0.0359375
2 0.2046875 0.7453125 0.12421875 0.21953125
1 0.575 0.6328125 0.06796875 0.0328125
2 0.74296875 0.7953125 0.2171875 0.121875
0 0.04609375 0.28671875 0.0671875 0.11171875