2 0.66484375 0.32421875 0.246875 0.39609375
2 0.6625 0.62421875 0.2375 0.21015625
2 0.38359375 0.2328125 0.05625 0.196875
2 0.475 0.23359375 0.12890625 0.20390625
0 0.5640625 0.66640625 0.059375 0.10703125
0 0.7640625 0.56796875 0.0421875 0.08984375
0 0.5046875 0.78203125 0.0515625 0.11875
2 0.21484375 0.37265625 0.28984375 0.49296875
0 0.37734375 0.3734375 0.04140625 0.09296875
0 0.5203125 0.39609375 0.0515625 0.0984375
1 0.071875 0.75234375 0.01796875 0.17578125
0 0.334375 0.80625 0.05 0.07890625
0 0.471875 0.3734375 0.0453125 0.0953125
1 0.07109375 0.39453125 0.0265625 0.23984375
0 0.49609375 0.3859375 0.08515625 0.10078125
2 0.49140625 0.3859375 0.09609375 0.11875