2 0.66640625 0.7578125 0.0859375 0.17734375
0 0.728125 0.38125 0.04453125 0.11796875
0 0.2375 0.225 0.04765625 0.13515625
0 0.67734375 0.61484375 0.04453125 0.1265625
0 0.35546875 0.38828125 0.034375 0.10546875
0 0.27890625 0.42734375 0.0390625 0.1125
2 0.11796875 0.25703125 0.2 0.44375
2 0.53671875 0.15546875 0.05703125 0.25
0 0.890625 0.41328125 0.0421875 0.1171875
0 0.53984375 0.34375 0.04140625 0.12734375
2 0.72109375 0.7421875 0.03515625 0.16953125
2 0.11953125 0.68828125 0.2046875 0.45703125
0 0.40625 0.26328125 0.05078125 0.13515625
0 0.5390625 0.6140625 0.03984375 0.121875
0 0.45234375 0.690625 0.046875 0.13671875
2 0.84375 0.86328125 0.0578125 0.1328125
2 0.83359375 0.63828125 0.08203125 0.32734375
2 0.3234375 0.52578125 0.0421875 0.1671875
2 0.36328125 0.5296875 0.03984375 0.17421875
0 0.4046875 0.36875 0.03828125 0.109375
0 0.09609375 0.415625 0.0515625 0.1421875
0 0.85078125 0.29765625 0.0453125 0.13984375
2 0.31953125 0.73125 0.053125 0.24140625
0 0.821875 0.4203125 0.04296875 0.13046875
0 0.13515625 0.4140625 0.04609375 0.1390625
1 0.18203125 0.46953125 0.0640625 0.04765625
2 0.465625 0.321875 0.03984375 0.19375
0 0.78359375 0.42265625 0.0453125 0.1265625
1 0.87421875 0.59296875 0.0171875 0.1875
2 0.31484375 0.2828125 0.05625 0.28984375
1 0.10234375 0.0359375 0.06953125 0.0421875
2 0.7609375 0.66171875 0.04609375 0.3609375
1 0.0578125 0.578125 0.01796875 0.20390625
1 0.13359375 0.9265625 0.0453125 0.04453125