2 0.16328125 0.2578125 0.15078125 0.2359375
2 0.3171875 0.2625 0.1484375 0.24140625
2 0.89453125 0.19921875 0.134375 0.25
2 0.26328125 0.62734375 0.15234375 0.26953125
2 0.14140625 0.56875 0.10234375 0.1203125
2 0.75078125 0.60546875 0.09921875 0.30546875
2 0.465625 0.69453125 0.059375 0.1328125
2 0.59296875 0.61171875 0.19140625 0.3015625
2 0.6765625 0.328125 0.1015625 0.22265625
2 0.1375 0.6953125 0.10703125 0.13984375
0 0.1140625 0.60390625 0.03671875 0.05859375
0 0.1171875 0.4828125 0.04296875 0.0671875
2 0.5078125 0.3203125 0.2359375 0.36015625
0 0.3125 0.52265625 0.0421875 0.071875
2 0.76328125 0.32421875 0.07109375 0.1828125
0 0.2203125 0.3375 0.040625 0.06796875
0 0.2140625 0.46015625 0.04375 0.06640625
0 0.73671875 0.37109375 0.03671875 0.06171875
0 0.86171875 0.3484375 0.046875 0.0796875
0 0.26171875 0.33671875 0.0375 0.06796875
0 0.6453125 0.41640625 0.04296875 0.07109375
0 0.4546875 0.6078125 0.0359375 0.059375
0 0.3890625 0.6609375 0.046875 0.078125
0 0.38828125 0.79375 0.0421875 0.07421875
0 0.6734375 0.19609375 0.040625 0.07265625
1 0.08671875 0.575 0.01796875 0.071875
2 0.89296875 0.5203125 0.146875 0.3921875
0 0.07265625 0.4625 0.03515625 0.065625
1 0.19140625 0.140625 0.075 0.0296875
0 0.8171875 0.5515625 0.03984375 0.07421875
1 0.5921875 0.7578125 0.09296875 0.0296875
1 0.4828125 0.14296875 0.10625 0.028125
1 0.0859375 0.665625 0.01640625 0.06328125
1 0.27734375 0.7578125 0.06484375 0.028125
1 0.29375 0.14140625 0.08046875 0.0296875
0 0.7453125 0.22109375 0.03203125 0.0296875
1 0.7453125 0.22109375 0.02890625 0.0296875
1 0.62734375 0.334375 0.01484375 0.13984375
2 0.3984375 0.69921875 0.07734375 0.13984375
1 0.4625 0.76171875 0.04453125 0.02890625
1 0.8796875 0.071875 0.04296875 0.028125
2 0.14140625 0.45546875 0.10390625 0.109375
2 0.1625 0.65703125 0.05234375 0.05625
1 0.45625 0.8921875 0.0640625 0.03359375