2 0.11875 0.48984375 0.1453125 0.22578125
0 0.7515625 0.56640625 0.05546875 0.0578125
0 0.29296875 0.31796875 0.0546875 0.0578125
0 0.60078125 0.1625 0.05546875 0.05390625
0 0.5734375 0.65703125 0.0671875 0.06796875
2 0.71640625 0.68125 0.21640625 0.275
2 0.29453125 0.24921875 0.1625 0.1046875
0 0.34765625 0.48984375 0.05703125 0.0578125
0 0.63984375 0.57890625 0.0703125 0.06171875
0 0.23515625 0.4765625 0.06796875 0.059375
2 0.7328125 0.50703125 0.16640625 0.07578125
0 0.1625 0.4765625 0.0625 0.05859375
0 0.603125 0.22109375 0.06015625 0.0625
0 0.57421875 0.83984375 0.0671875 0.07109375
2 0.3453125 0.7046875 0.275 0.22109375
2 0.56796875 0.746875 0.09453125 0.125
2 0.70625 0.33515625 0.23671875 0.28515625
1 0.71796875 0.18828125 0.175 0.0375
2 0.475 0.85546875 0.09609375 0.07890625
1 0.7296875 0.81875 0.190625 0.040625
0 0.4453125 0.62890625 0.06171875 0.06171875
2 0.48125 0.3640625 0.209375 0.3203125
1 0.47734375 0.19296875 0.11484375 0.03046875