2 0.321875 0.45625 0.33984375 0.534375
2 0.59375 0.28203125 0.18359375 0.18359375
2 0.87734375 0.45625 0.19140625 0.5515625
2 0.734375 0.27578125 0.09375 0.1765625
0 0.653125 0.5953125 0.09296875 0.0625
0 0.6671875 0.303125 0.05546875 0.0578125
0 0.65 0.7 0.06640625 0.0796875
0 0.11796875 0.4765625 0.08515625 0.07421875
0 0.178125 0.48125 0.08359375 0.0765625
1 0.96484375 0.5921875 0.01328125 0.15859375
1 0.15078125 0.3140625 0.01328125 0.2390625
1 0.14921875 0.61875 0.0171875 0.20625
1 0.96640625 0.371875 0.01328125 0.16171875
0 0.54609375 0.45078125 0.06875 0.04375