2 0.425 0.22890625 0.2234375 0.24453125
2 0.1921875 0.57265625 0.18828125 0.15859375
2 0.20625 0.24765625 0.21953125 0.28125
2 0.665625 0.37890625 0.259375 0.54921875
2 0.15859375 0.440625 0.12421875 0.1109375
2 0.165625 0.73359375 0.13515625 0.153125
0 0.31640625 0.84453125 0.06875 0.090625
2 0.45546875 0.51640625 0.1671875 0.2640625
0 0.2484375 0.3546875 0.06328125 0.08515625
0 0.30390625 0.56328125 0.06328125 0.08125
0 0.23828125 0.453125 0.06015625 0.071875
1 0.3625 0.09609375 0.09140625 0.05546875
1 0.24140625 0.09609375 0.09296875 0.046875
1 0.79609375 0.5453125 0.040625 0.16015625
1 0.79609375 0.27109375 0.05078125 0.2375
0 0.51875 0.2859375 0.0484375 0.08515625
1 0.7953125 0.3375 0.04296875 0.1
0 0.19765625 0.62890625 0.059375 0.075
1 0.72578125 0.09765625 0.090625 0.05234375
0 0.82109375 0.434375 0.08828125 0.0703125
1 0.36328125 0.55625 0.01875 0.05546875
1 0.95078125 0.20625 0.04140625 0.20859375