2 0.54453125 0.18046875 0.3734375 0.23203125
2 0.23046875 0.18203125 0.25390625 0.23828125
2 0.7703125 0.5125 0.2515625 0.2109375
2 0.22890625 0.50078125 0.25390625 0.23125
0 0.84140625 0.428125 0.07578125 0.0609375
0 0.83515625 0.2890625 0.0921875 0.1140625
0 0.26484375 0.278125 0.071875 0.05078125
0 0.74921875 0.378125 0.075 0.0453125
0 0.38828125 0.2515625 0.08984375 0.0640625
2 0.390625 0.459375 0.09140625 0.0578125
2 0.23125 0.34609375 0.2546875 0.096875
2 0.4203125 0.55625 0.08984375 0.06328125
1 0.75703125 0.61640625 0.134375 0.025
2 0.4203125 0.64375 0.09375 0.07578125
1 0.546875 0.05859375 0.0953125 0.02734375
0 0.55 0.515625 0.06171875 0.04296875
1 0.65546875 0.0609375 0.103125 0.0296875
1 0.35546875 0.1609375 0.03125 0.1421875
2 0.578125 0.57578125 0.1328125 0.08984375
2 0.640625 0.35 0.159375 0.10625
0 0.5796875 0.575 0.13515625 0.0828125
1 0.2328125 0.615625 0.1328125 0.02578125
2 0.1921875 0.05859375 0.10078125 0.02890625