2 0.1734375 0.27734375 0.19453125 0.33515625
2 0.54765625 0.34609375 0.24921875 0.47421875
2 0.34375 0.3578125 0.15 0.1703125
0 0.340625 0.47421875 0.0578125 0.08125
0 0.43984375 0.16640625 0.06015625 0.0890625
0 0.24140625 0.40546875 0.06328125 0.0890625
2 0.11640625 0.5671875 0.0796875 0.2265625
0 0.209375 0.63671875 0.0671875 0.096875
0 0.17265625 0.58359375 0.05234375 0.06328125
0 0.7 0.496875 0.065625 0.0859375
2 0.3453125 0.18984375 0.14453125 0.15546875
0 0.4453125 0.4859375 0.071875 0.096875
0 0.19921875 0.11484375 0.03046875 0.05078125
2 0.39765625 0.23828125 0.04140625 0.0609375
1 0.671875 0.378125 0.03046875 0.16171875
2 0.728125 0.4140625 0.11015625 0.3109375
1 0.3203125 0.10234375 0.0546875 0.0296875
1 0.20390625 0.68046875 0.0625 0.0296875