0 0.56328125 0.171875 0.0984375 0.0765625
0 0.52109375 0.42734375 0.11171875 0.0796875
0 0.51640625 0.53515625 0.115625 0.0640625
0 0.44375 0.61875 0.140625 0.06875
0 0.7 0.5765625 0.140625 0.07109375
0 0.540625 0.81875 0.16484375 0.0921875
0 0.553125 0.90234375 0.17890625 0.075
1 0.29375 0.8 0.175 0.03984375
1 0.86015625 0.7984375 0.159375 0.03671875
1 0.7 0.20390625 0.1359375 0.04921875
1 0.83515625 0.20390625 0.1328125 0.0609375
1 0.37890625 0.2015625 0.18359375 0.02578125
2 0.2984375 0.6890625 0.36796875 0.221875
0 0.24609375 0.46171875 0.12265625 0.075
0 0.35546875 0.42109375 0.0890625 0.0609375
2 0.79921875 0.6625 0.27109375 0.2546875
2 0.39765625 0.54140625 0.16328125 0.09453125
2 0.5359375 0.30234375 0.85703125 0.1765625
2 0.70546875 0.87890625 0.15078125 0.171875