2 0.4484375 0.72109375 0.12265625 0.2453125
2 0.26640625 0.59609375 0.06796875 0.134375
2 0.75859375 0.71171875 0.0984375 0.26328125
2 0.31953125 0.5984375 0.03984375 0.128125
2 0.446875 0.32890625 0.1234375 0.315625
0 0.40234375 0.66328125 0.034375 0.06015625
0 0.3515625 0.73671875 0.03359375 0.06015625
0 0.35234375 0.6 0.03359375 0.06015625
2 0.28984375 0.37265625 0.14609375 0.19921875
0 0.725 0.6078125 0.034375 0.0703125
2 0.284375 0.75078125 0.1078125 0.1703125
0 0.28359375 0.68984375 0.0328125 0.059375
0 0.30859375 0.865625 0.0328125 0.06953125
2 0.77265625 0.32734375 0.08125 0.28203125
0 0.3703125 0.86796875 0.03125 0.05859375
0 0.371875 0.25 0.03828125 0.06796875
2 0.65234375 0.2984375 0.0796875 0.0828125
2 0.6359375 0.74609375 0.05546875 0.19140625
1 0.51015625 0.30078125 0.01484375 0.07265625
2 0.65234375 0.34453125 0.0828125 0.1375
2 0.64375 0.571875 0.07421875 0.19453125
1 0.234375 0.58828125 0.01484375 0.07109375
1 0.38984375 0.54140625 0.0140625 0.1
1 0.8296875 0.84453125 0.040625 0.02734375
1 0.23359375 0.7328125 0.01328125 0.06796875
0 0.7125 0.24375 0.0296875 0.05625
0 0.690625 0.5796875 0.034375 0.07421875
1 0.509375 0.55234375 0.0125 0.05546875