2 0.4671875 0.1953125 0.12109375 0.2984375
2 0.62578125 0.88515625 0.09765625 0.20703125
2 0.73671875 0.80703125 0.12421875 0.3515625
2 0.19375 0.409375 0.08515625 0.13671875
2 0.7625 0.56171875 0.07265625 0.1484375
2 0.08671875 0.2609375 0.1265625 0.1859375
0 0.38671875 0.31796875 0.0375 0.071875
0 0.69140625 0.68203125 0.0390625 0.06484375
2 0.33046875 0.43046875 0.05546875 0.0953125
2 0.74375 0.31640625 0.1078125 0.27890625
0 0.4203125 0.1171875 0.0328125 0.0546875
0 0.48984375 0.80625 0.03359375 0.0671875
0 0.31171875 0.63359375 0.0359375 0.06953125
2 0.35078125 0.259375 0.11953125 0.17890625
2 0.634375 0.309375 0.10859375 0.2609375
0 0.6609375 0.82890625 0.03671875 0.06484375
0 0.10859375 0.14453125 0.034375 0.07421875
0 0.271875 0.1484375 0.03515625 0.07421875
1 0.58203125 0.2453125 0.0171875 0.09375
2 0.084375 0.71875 0.11015625 0.12265625
0 0.246875 0.515625 0.028125 0.05234375
1 0.52890625 0.22734375 0.01796875 0.10390625
0 0.7171875 0.55390625 0.0328125 0.0546875
2 0.1953125 0.68828125 0.08359375 0.16640625
1 0.79921875 0.8953125 0.02109375 0.09921875
2 0.3171875 0.54296875 0.0703125 0.1296875
0 0.24921875 0.39921875 0.0375 0.07109375
1 0.79921875 0.24609375 0.02265625 0.09921875
0 0.29375 0.45 0.02890625 0.05234375
2 0.19453125 0.26171875 0.06796875 0.1625
2 0.1828125 0.9296875 0.07265625 0.08828125
0 0.21015625 0.37265625 0.03671875 0.071875
0 0.259375 0.44765625 0.03671875 0.075
1 0.5296875 0.5390625 0.0265625 0.25234375
1 0.4125 0.9828125 0.06875 0.034375
1 0.5265625 0.146875 0.01796875 0.08515625
1 0.7078125 0.175 0.03828125 0.03125
1 0.71328125 0.97890625 0.03828125 0.028125
1 0.475 0.0421875 0.0703125 0.0375
2 0.6296875 0.7125 0.09453125 0.14375
2 0.29921875 0.7 0.12734375 0.18125
0 0.659375 0.40703125 0.03125 0.08671875
1 0.321875 0.16875 0.0390625 0.0328125
1 0.46171875 0.87421875 0.015625 0.11484375
2 0.2953125 0.871875 0.12890625 0.15234375
0 0.6421875 0.1578125 0.03671875 0.0671875
0 0.2 0.8046875 0.034375 0.0703125
2 0.37890625 0.10546875 0.06015625 0.13671875
1 0.5828125 0.546875 0.01640625 0.11328125
2 0.51015625 0.88984375 0.0609375 0.2015625
1 0.759375 0.97890625 0.04375 0.03203125
0 0.71875 0.403125 0.03359375 0.0765625
1 0.67421875 0.8890625 0.01640625 0.071875
1 0.46640625 0.34375 0.05546875 0.03515625
2 0.771875 0.14140625 0.03046875 0.053125
1 0.1734375 0.97890625 0.05390625 0.02734375
2 0.1765625 0.08515625 0.09921875 0.16953125
2 0.31328125 0.9609375 0.0578125 0.059375
1 0.6109375 0.98359375 0.0546875 0.02265625
2 0.59921875 0.721875 0.0421875 0.1140625