2 0.8328125 0.384375 0.16328125 0.2359375
2 0.58046875 0.24609375 0.125 0.26015625
2 0.6984375 0.24609375 0.11484375 0.25859375
2 0.3390625 0.5953125 0.1640625 0.20234375
2 0.56015625 0.634375 0.078125 0.11875
2 0.146875 0.246875 0.23359375 0.25703125
2 0.06875 0.59296875 0.0765625 0.19296875
2 0.56484375 0.53515625 0.07890625 0.0828125
2 0.8234375 0.18125 0.134375 0.16640625
2 0.07265625 0.865625 0.0984375 0.1703125
0 0.30859375 0.23671875 0.0453125 0.0640625
0 0.28046875 0.55703125 0.04765625 0.06328125
1 0.3625 0.2609375 0.065625 0.025
0 0.73046875 0.5234375 0.04296875 0.0625
0 0.6421875 0.47109375 0.04765625 0.0671875
0 0.6171875 0.60390625 0.046875 0.065625
0 0.8 0.24140625 0.04296875 0.065625
0 0.6140625 0.54921875 0.0359375 0.04765625
0 0.62109375 0.34921875 0.04609375 0.06796875
1 0.21328125 0.1140625 0.0828125 0.028125
0 0.22578125 0.58828125 0.0359375 0.05078125
0 0.121875 0.56953125 0.04765625 0.0671875
0 0.73125 0.3484375 0.04296875 0.06171875
1 0.56015625 0.69375 0.04296875 0.02734375
1 0.5921875 0.11953125 0.08203125 0.0265625
1 0.3078125 0.690625 0.08515625 0.03046875
1 0.62109375 0.69453125 0.046875 0.028125
1 0.0828125 0.11328125 0.04453125 0.025
1 0.2640625 0.18359375 0.0203125 0.09609375
2 0.8015625 0.59921875 0.22578125 0.20546875
1 0.75234375 0.6953125 0.103125 0.0328125
1 0.70546875 0.11875 0.08125 0.0265625
0 0.15078125 0.7140625 0.0390625 0.06328125
1 0.85390625 0.26640625 0.06875 0.0265625
0 0.15078125 0.63125 0.0453125 0.06015625
1 0.42109375 0.3171875 0.0203125 0.10234375
2 0.221875 0.64921875 0.0796875 0.08828125
1 0.08828125 0.6890625 0.03125 0.02734375
2 0.63984375 0.5953125 0.08515625 0.19609375
0 0.41171875 0.22265625 0.04296875 0.0625
2 0.33046875 0.18046875 0.1265625 0.1609375
1 0.9125 0.31875 0.021875 0.10234375
0 0.140625 0.8859375 0.05703125 0.07734375
2 0.13984375 0.88515625 0.0578125 0.07109375
0 0.4125 0.09296875 0.03046875 0.03125
0 0.13359375 0.63203125 0.0328125 0.05390625
1 0.22890625 0.69140625 0.02890625 0.02265625
2 0.01328125 0.86796875 0.025 0.1703125
2 0.696875 0.53046875 0.028125 0.06171875
2 0.3421875 0.37578125 0.15546875 0.23046875
2 0.1484375 0.42734375 0.2390625 0.1140625