2 0.88046875 0.34453125 0.23515625 0.21875
2 0.86328125 0.59609375 0.1859375 0.09296875
2 0.29453125 0.32109375 0.3125 0.1671875
2 0.64453125 0.49296875 0.2078125 0.1
2 0.66640625 0.6 0.16484375 0.084375
2 0.24375 0.43828125 0.21015625 0.05859375
0 0.95703125 0.28984375 0.0859375 0.0453125
2 0.1265625 0.7078125 0.1609375 0.1125
2 0.85234375 0.4953125 0.15859375 0.07578125
2 0.05703125 0.43828125 0.11328125 0.06015625
0 0.471875 0.21484375 0.10078125 0.0515625
0 0.821875 0.66875 0.0984375 0.0546875
0 0.50703125 0.50234375 0.090625 0.0421875
0 0.61640625 0.54140625 0.0671875 0.03359375
0 0.4578125 0.6671875 0.09765625 0.05625
1 0.634375 0.23359375 0.19453125 0.0234375
0 0.36171875 0.50078125 0.090625 0.0421875
1 0.30859375 0.23515625 0.1734375 0.01953125
1 0.8921875 0.23515625 0.19140625 0.02578125
2 0.6046875 0.3375 0.3 0.2
1 0.671875 0.64453125 0.0546875 0.01953125
2 0.96875 0.4765625 0.0625 0.040625
1 0.25390625 0.46875 0.09140625 0.01171875
2 0.05703125 0.3203125 0.11328125 0.1640625
1 0.31953125 0.64609375 0.1453125 0.01953125
0 0.38203125 0.09453125 0.0484375 0.0234375
0 0.46015625 0.546875 0.08046875 0.04375
0 0.12578125 0.79296875 0.0796875 0.0359375
1 0.01875 0.23515625 0.0359375 0.01875
2 0.98125 0.59609375 0.03671875 0.090625
2 0.703125 0.534375 0.08515625 0.0421875
2 0.0640625 0.165625 0.12421875 0.128125
2 0.0796875 0.37890625 0.06640625 0.05078125
2 0.49140625 0.584375 0.1828125 0.11953125