0 0.209375 0.72265625 0.08125 0.10859375
0 0.23125 0.82578125 0.07734375 0.121875
0 0.8453125 0.5109375 0.0953125 0.1484375
0 0.30625 0.65625 0.0796875 0.13984375
0 0.3078125 0.3078125 0.0765625 0.1296875
0 0.57890625 0.3796875 0.084375 0.12578125
1 0.27890625 0.040625 0.078125 0.04921875
1 0.4015625 0.04375 0.05078125 0.0734375
1 0.58046875 0.0453125 0.059375 0.05390625
1 0.81484375 0.25546875 0.0484375 0.16953125
1 0.8203125 0.73359375 0.04453125 0.1796875
2 0.41640625 0.2453125 0.1484375 0.3625
2 0.58984375 0.64609375 0.421875 0.4484375
2 0.11484375 0.74921875 0.14453125 0.2421875
2 0.278125 0.44140625 0.121875 0.33671875
2 0.6484375 0.2375 0.309375 0.35625
2 0.278125 0.159375 0.1203125 0.16015625