2 0.6921875 0.44296875 0.25859375 0.1234375
2 0.2765625 0.16953125 0.3203125 0.225
0 0.53671875 0.07578125 0.1078125 0.0875
2 0.19375 0.378125 0.1984375 0.16015625
0 0.3640625 0.265625 0.1140625 0.065625
0 0.33984375 0.3578125 0.1109375 0.065625
0 0.51484375 0.4171875 0.11484375 0.07109375
1 0.8390625 0.77578125 0.0703125 0.08125
1 0.31875 0.04921875 0.16875 0.0359375
2 0.17265625 0.79921875 0.1859375 0.3078125
1 0.1546875 0.93515625 0.1171875 0.03359375
1 0.6640625 0.0515625 0.17109375 0.04140625
2 0.20078125 0.50703125 0.17890625 0.08828125
1 0.4359375 0.9328125 0.1796875 0.03828125
0 0.70546875 0.92890625 0.06015625 0.04375
0 0.60078125 0.984375 0.0515625 0.0296875
0 0.20078125 0.58515625 0.10390625 0.075
1 0.5953125 0.93359375 0.16640625 0.03046875
2 0.63671875 0.2109375 0.3875 0.30703125