2 0.31171875 0.78671875 0.26328125 0.28359375
2 0.82734375 0.24609375 0.2421875 0.32578125
2 0.85625 0.71875 0.16796875 0.45703125
2 0.5015625 0.8125 0.1078125 0.20546875
2 0.61484375 0.67578125 0.10703125 0.2078125
2 0.6671875 0.1703125 0.0875 0.171875
0 0.73984375 0.88046875 0.07109375 0.159375
2 0.6671875 0.3375 0.084375 0.17421875
0 0.80234375 0.6375 0.0609375 0.11015625
2 0.503125 0.64453125 0.1140625 0.13984375
2 0.61171875 0.84921875 0.11640625 0.16953125
0 0.64921875 0.4671875 0.04765625 0.1125
0 0.590625 0.53203125 0.0625 0.11484375
0 0.73828125 0.37265625 0.059375 0.10234375
0 0.21796875 0.596875 0.06640625 0.11875
0 0.7296875 0.20546875 0.0546875 0.09609375
0 0.503125 0.53828125 0.06171875 0.10234375
2 0.51171875 0.259375 0.21484375 0.3421875
0 0.58203125 0.76875 0.0421875 0.08203125
2 0.353125 0.25703125 0.3515625 0.3203125
1 0.1734375 0.78984375 0.021875 0.25390625
1 0.1796875 0.234375 0.03671875 0.26015625
2 0.21796875 0.59765625 0.06640625 0.11171875
1 0.9375 0.675 0.0390625 0.2671875
2 0.146875 0.5703125 0.07265625 0.11484375
0 0.146875 0.57265625 0.075 0.11640625
1 0.94140625 0.20703125 0.03125 0.1625
1 0.31875 0.646875 0.09609375 0.0390625
0 0.9765625 0.9609375 0.046875 0.071875
1 0.24609375 0.94453125 0.10703125 0.05234375
2 0.97421875 0.61953125 0.05 0.53125
2 0.115625 0.31015625 0.12578125 0.4359375