2 0.17734375 0.88359375 0.0859375 0.15234375
2 0.39453125 0.88671875 0.15234375 0.14765625
2 0.41796875 0.746875 0.10078125 0.13046875
2 0.9 0.56875 0.10546875 0.10859375
0 0.39921875 0.65546875 0.05546875 0.06484375
0 0.278125 0.2109375 0.06640625 0.08984375
0 0.390625 0.56015625 0.065625 0.075
0 0.825 0.5875 0.0609375 0.06640625
0 0.24375 0.7171875 0.06484375 0.0640625
0 0.79375 0.7 0.06328125 0.07578125
0 0.75078125 0.20703125 0.0671875 0.0796875
0 0.74609375 0.4796875 0.0734375 0.090625
0 0.26796875 0.77265625 0.0640625 0.0796875
0 0.2171875 0.64921875 0.05859375 0.06171875
2 0.175 0.64296875 0.05078125 0.08125
0 0.73046875 0.69765625 0.0609375 0.07421875
1 0.853125 0.9546875 0.1046875 0.03671875
2 0.6484375 0.35 0.27421875 0.3484375
1 0.17109375 0.17734375 0.13515625 0.0359375
0 0.2953125 0.878125 0.06015625 0.06328125
2 0.0796875 0.8515625 0.1078125 0.09453125
1 0.64609375 0.95546875 0.1328125 0.04375
2 0.86953125 0.34375 0.17578125 0.35
0 0.81328125 0.48125 0.07109375 0.0859375
1 0.6515625 0.175 0.128125 0.03203125
1 0.859375 0.17421875 0.121875 0.03046875
1 0.36875 0.17890625 0.10625 0.03125
0 0.2671875 0.95390625 0.0640625 0.07421875
0 0.10390625 0.78046875 0.06328125 0.06328125
1 0.36953125 0.9546875 0.06640625 0.02890625
2 0.16640625 0.37109375 0.2875 0.37109375
2 0.12421875 0.7453125 0.20078125 0.12265625
1 0.17421875 0.9546875 0.0640625 0.025
0 0.24296875 0.87890625 0.05546875 0.05859375
2 0.1515625 0.56484375 0.1234375 0.0796875
2 0.89609375 0.6453125 0.1046875 0.0546875
2 0.63515625 0.815625 0.2578125 0.3