2 0.9328125 0.92265625 0.134375 0.10859375
0 0.496875 0.15546875 0.09140625 0.075
0 0.21484375 0.6140625 0.06953125 0.0625
0 0.6875 0.72421875 0.09296875 0.08671875
2 0.896875 0.3625 0.0953125 0.07578125
1 0.7765625 0.8671875 0.15703125 0.0421875
1 0.64375 0.1875 0.13515625 0.0296875
2 0.853125 0.24609375 0.1671875 0.10234375
0 0.23125 0.93359375 0.090625 0.08125
0 0.59609375 0.7515625 0.096875 0.08984375
1 0.28671875 0.8703125 0.14765625 0.0375
0 0.809375 0.3515625 0.07890625 0.0703125
1 0.26796875 0.18671875 0.1953125 0.028125
1 0.8171875 0.18984375 0.04453125 0.021875
0 0.3703125 0.709375 0.05078125 0.0453125
2 0.803125 0.73125 0.2875 0.28203125
2 0.88828125 0.3015625 0.09140625 0.05078125
2 0.115625 0.928125 0.18515625 0.1046875