2 0.3046875 0.8203125 0.26640625 0.359375
2 0.31484375 0.3796875 0.28359375 0.496875
2 0.84921875 0.3140625 0.24609375 0.39140625
0 0.6359375 0.42421875 0.059375 0.10859375
2 0.80703125 0.67265625 0.31796875 0.340625
2 0.47734375 0.77109375 0.0921875 0.2671875
2 0.10078125 0.43046875 0.11796875 0.39921875
1 0.1703125 0.3859375 0.04375 0.234375
0 0.19609375 0.5453125 0.07421875 0.1078125
2 0.07890625 0.81640625 0.15625 0.36640625
0 0.5640625 0.90859375 0.0734375 0.125
2 0.64453125 0.2484375 0.13515625 0.26328125
1 0.965625 0.675 0.034375 0.2046875
0 0.5609375 0.78203125 0.07265625 0.11328125
0 0.74765625 0.440625 0.0703125 0.12421875
0 0.47265625 0.4859375 0.053125 0.08515625
0 0.4609375 0.56328125 0.0796875 0.13203125
0 0.54921875 0.41953125 0.05234375 0.09453125
1 0.1703125 0.83984375 0.04296875 0.271875
0 0.67890625 0.553125 0.0609375 0.11015625
1 0.96484375 0.3 0.03046875 0.2015625
2 0.86015625 0.0515625 0.2015625 0.103125