2 0.2140625 0.35 0.18671875 0.6
2 0.8546875 0.5046875 0.10625 0.30703125
2 0.41953125 0.19453125 0.21875 0.28515625
2 0.9421875 0.50078125 0.07109375 0.3078125
2 0.490625 0.5734375 0.08125 0.1296875
2 0.86875 0.2015625 0.2203125 0.2828125
2 0.6453125 0.340625 0.1421875 0.55625
0 0.78203125 0.303125 0.04296875 0.10234375
2 0.73671875 0.21875 0.04609375 0.2609375
0 0.771875 0.1984375 0.0390625 0.0921875
0 0.6984375 0.4 0.0421875 0.09453125
0 0.7890625 0.39921875 0.03671875 0.09140625
0 0.10234375 0.41015625 0.046875 0.1125
0 0.89375 0.46953125 0.03515625 0.09453125
0 0.09765625 0.59140625 0.04609375 0.1109375
0 0.3625 0.83203125 0.05 0.11328125
0 0.50546875 0.47421875 0.0359375 0.0875
2 0.06015625 0.30546875 0.11953125 0.5625
1 0.52890625 0.1625 0.01953125 0.11328125
1 0.52734375 0.26796875 0.01875 0.1125
1 0.121875 0.26875 0.025 0.18203125
1 0.575 0.28046875 0.01796875 0.128125
2 0.7375 0.31328125 0.04453125 0.07265625
1 0.57578125 0.40859375 0.01640625 0.12109375
2 0.328125 0.71796875 0.03828125 0.125
1 0.57578125 0.1640625 0.01796875 0.13359375