2 0.678125 0.8203125 0.4671875 0.18203125
2 0.8015625 0.68203125 0.18359375 0.10078125
0 0.50859375 0.3546875 0.1078125 0.103125
0 0.3546875 0.86796875 0.12421875 0.0578125
1 0.63515625 0.91171875 0.2328125 0.03515625
0 0.40234375 0.69453125 0.12109375 0.0515625
0 0.35 0.9296875 0.1359375 0.0640625
0 0.49140625 0.75859375 0.12578125 0.05703125
1 0.7109375 0.35859375 0.26484375 0.03125
0 0.67421875 0.70703125 0.11015625 0.0484375
0 0.30546875 0.59921875 0.10625 0.046875
2 0.321875 0.46796875 0.26640625 0.22265625
2 0.68125 0.49140625 0.44375 0.26953125
1 0.37109375 0.3546875 0.1515625 0.0234375
0 0.340625 0.978125 0.10625 0.0421875
2 0.16640625 0.95390625 0.26640625 0.08671875
2 0.6265625 0.9125 0.23203125 0.0375
0 0.16484375 0.9546875 0.259375 0.0859375
2 0.5265625 0.1375 0.73515625 0.2484375