2 0.88203125 0.30546875 0.12890625 0.440625
2 0.19765625 0.33828125 0.265625 0.4875
0 0.84609375 0.46484375 0.05859375 0.121875
0 0.39140625 0.5765625 0.06796875 0.2609375
0 0.409375 0.40859375 0.05546875 0.11328125
0 0.3078125 0.425 0.0640625 0.12421875
2 0.41171875 0.22265625 0.15 0.24609375
1 0.06171875 0.3296875 0.03515625 0.271875
1 0.915625 0.74765625 0.0265625 0.25234375
2 0.66171875 0.3328125 0.2796875 0.478125
0 0.659375 0.33515625 0.27109375 0.49453125
2 0.67109375 0.78046875 0.43671875 0.3078125