2 0.178125 0.4671875 0.146875 0.1546875
2 0.178125 0.60859375 0.14609375 0.13046875
2 0.1765625 0.8203125 0.14609375 0.165625
2 0.225 0.1921875 0.0625 0.1015625
2 0.1515625 0.21953125 0.0828125 0.15
2 0.21328125 0.70546875 0.0734375 0.0703125
2 0.1421875 0.70390625 0.07109375 0.06875
2 0.26796875 0.31484375 0.14609375 0.146875
0 0.23203125 0.5671875 0.04453125 0.05078125
0 0.146875 0.75703125 0.0328125 0.04296875
0 0.2875 0.36875 0.040625 0.04921875
0 0.2875 0.82734375 0.04609375 0.06015625
0 0.23203125 0.415625 0.04140625 0.0484375
1 0.51953125 0.3234375 0.02109375 0.08125
0 0.21171875 0.26796875 0.0421875 0.05
0 0.27734375 0.17421875 0.03671875 0.0484375
1 0.10390625 0.81875 0.0203125 0.08125
1 0.51875 0.71484375 0.02109375 0.08125
1 0.10546875 0.60703125 0.01875 0.0796875
1 0.10625 0.478125 0.01953125 0.07734375
0 0.22890625 0.76171875 0.040625 0.04609375
0 0.54453125 0.446875 0.04296875 0.0515625
0 0.3890625 0.675 0.040625 0.05078125
0 0.265625 0.6953125 0.04375 0.04921875
0 0.28671875 0.2140625 0.04375 0.04765625
2 0.43203125 0.72578125 0.18046875 0.1375
1 0.228125 0.903125 0.03203125 0.0234375
1 0.51875 0.5484375 0.01796875 0.0484375
1 0.51875 0.59453125 0.01640625 0.05546875
1 0.51796875 0.5015625 0.01796875 0.05390625
1 0.3015625 0.9078125 0.0765625 0.021875
1 0.10546875 0.3375 0.0140625 0.03828125
1 0.3984375 0.8046875 0.028125 0.025
2 0.29609375 0.52734375 0.0953125 0.2671875
1 0.384375 0.90703125 0.08671875 0.025
2 0.14765625 0.34140625 0.08125 0.09140625
1 0.3859375 0.2375 0.03125 0.02109375
2 0.40390625 0.85546875 0.2953125 0.11796875
2 0.43046875 0.44375 0.17578125 0.41875