2 0.13515625 0.190625 0.20234375 0.2515625
2 0.34453125 0.2296875 0.21953125 0.334375
2 0.8390625 0.32578125 0.134375 0.184375
2 0.13046875 0.52734375 0.1828125 0.3171875
2 0.26796875 0.4765625 0.090625 0.15625
0 0.16171875 0.3265625 0.04921875 0.0890625
0 0.69375 0.44140625 0.0546875 0.090625
0 0.7921875 0.46171875 0.05 0.08046875
0 0.765625 0.54765625 0.05078125 0.07734375
0 0.7390625 0.6890625 0.05 0.15390625
0 0.66875 0.3078125 0.053125 0.09375
2 0.6828125 0.14453125 0.10859375 0.165625
2 0.2140625 0.8015625 0.0875 0.14921875
2 0.58984375 0.44140625 0.16015625 0.134375
0 0.753125 0.3 0.04921875 0.090625
0 0.33359375 0.496875 0.046875 0.07734375
0 0.3421875 0.43125 0.04609375 0.07890625
0 0.2765625 0.809375 0.05 0.0765625
0 0.2859375 0.90390625 0.04765625 0.08359375
2 0.5890625 0.30390625 0.1640625 0.13671875
2 0.41484375 0.4609375 0.0578125 0.09140625
0 0.11484375 0.39140625 0.0359375 0.06484375
1 0.140625 0.059375 0.08125 0.0375
1 0.6765625 0.6921875 0.06875 0.0390625
1 0.10859375 0.69296875 0.0640625 0.0359375
2 0.5578125 0.15 0.13984375 0.171875
1 0.56484375 0.690625 0.05859375 0.03359375
1 0.346875 0.0578125 0.0765625 0.03671875
1 0.221875 0.87734375 0.05546875 0.0265625
2 0.07109375 0.34140625 0.06640625 0.05859375
0 0.21796875 0.325 0.040625 0.06640625
2 0.81796875 0.60078125 0.06171875 0.18203125
0 0.2515625 0.5953125 0.04453125 0.08203125
0 0.64296875 0.25234375 0.028125 0.046875
1 0.39375 0.690625 0.04375 0.03046875
1 0.034375 0.4828125 0.0234375 0.1421875
2 0.1203125 0.340625 0.0375 0.05390625
2 0.553125 0.5984375 0.1515625 0.18984375
1 0.48828125 0.4546875 0.01875 0.1015625
1 0.48671875 0.2859375 0.01875 0.11171875
1 0.80078125 0.053125 0.053125 0.02890625
1 0.9046875 0.3609375 0.021875 0.11328125
2 0.6953125 0.60390625 0.15625 0.1875
2 0.5875 0.37421875 0.16328125 0.178125
0 0.25703125 0.325 0.03828125 0.0671875
1 0.3640625 0.68984375 0.04375 0.03203125
0 0.2828125 0.01640625 0.034375 0.0328125