2 0.24765625 0.6015625 0.31796875 0.284375
2 0.68046875 0.55859375 0.165625 0.20625
2 0.49921875 0.559375 0.2015625 0.19296875
2 0.28984375 0.28046875 0.38671875 0.36640625
0 0.2328125 0.42421875 0.1 0.10546875
0 0.3640625 0.56328125 0.08828125 0.09296875
0 0.46640625 0.6234375 0.0765625 0.07578125
0 0.55546875 0.69296875 0.08359375 0.0921875
0 0.5609375 0.503125 0.08046875 0.0859375
2 0.8453125 0.5515625 0.13984375 0.20390625
2 0.45625 0.71796875 0.121875 0.12734375
0 0.534375 0.4171875 0.1015625 0.0921875
1 0.91875 0.50859375 0.0359375 0.08984375
1 0.0921875 0.63046875 0.04140625 0.1671875
2 0.69609375 0.2390625 0.43046875 0.309375
1 0.91484375 0.25078125 0.04296875 0.1234375
1 0.725 0.0828125 0.1734375 0.04765625
1 0.09140625 0.31015625 0.05 0.2328125
1 0.915625 0.4 0.03125 0.10859375
1 0.91875 0.340625 0.04296875 0.08359375