0 0.14140625 0.33828125 0.0578125 0.06328125
0 0.31796875 0.33671875 0.06640625 0.07265625
0 0.31640625 0.403125 0.053125 0.06328125
0 0.40859375 0.30546875 0.04765625 0.05703125
0 0.45234375 0.30390625 0.04921875 0.06015625
0 0.46875 0.49296875 0.04140625 0.04140625
0 0.35859375 0.4703125 0.046875 0.04609375
0 0.3828125 0.475 0.034375 0.0375
0 0.35625 0.5765625 0.040625 0.05546875
0 0.46484375 0.5765625 0.05078125 0.0453125
0 0.46875 0.6578125 0.04296875 0.06484375
0 0.62890625 0.3921875 0.05 0.06015625
0 0.66953125 0.38984375 0.0546875 0.05859375
0 0.75390625 0.3953125 0.040625 0.05703125
0 0.80703125 0.39609375 0.04609375 0.07265625
0 0.90546875 0.57890625 0.05078125 0.06015625
1 0.15390625 0.48046875 0.0265625 0.103125
1 0.1578125 0.27578125 0.01875 0.08984375
1 0.40859375 0.553125 0.0296875 0.0328125
1 0.54140625 0.36171875 0.028125 0.05390625
1 0.53984375 0.2625 0.0078125 0.04453125
1 0.578125 0.296875 0.0265625 0.15
1 0.57578125 0.44921875 0.021875 0.07265625
1 0.771875 0.5546875 0.03203125 0.0328125
1 0.828125 0.55859375 0.040625 0.028125
1 0.9640625 0.28046875 0.01953125 0.1328125
2 0.246875 0.2796875 0.18515625 0.1921875
2 0.24609375 0.46171875 0.18671875 0.18359375
2 0.38203125 0.3765625 0.1015625 0.19609375
2 0.484375 0.37578125 0.1125 0.196875
2 0.48515625 0.5125 0.1171875 0.0859375
2 0.7765625 0.2921875 0.39140625 0.23671875
2 0.6546875 0.47890625 0.165625 0.15859375
2 0.76484375 0.48671875 0.05234375 0.15625
2 0.82109375 0.48359375 0.06796875 0.16484375
2 0.51484375 0.6390625 0.05546875 0.18515625
2 0.40625 0.5125 0.04296875 0.0859375
2 0.90859375 0.44609375 0.12421875 0.19453125