2 0.509375 0.4015625 0.321875 0.25703125
2 0.16640625 0.7078125 0.290625 0.2484375
2 0.41171875 0.70859375 0.2125 0.2515625
2 0.80859375 0.38671875 0.290625 0.22421875
2 0.8515625 0.634375 0.190625 0.0984375
2 0.8546875 0.759375 0.19921875 0.14375
2 0.8515625 0.5421875 0.18984375 0.09375
2 0.69296875 0.78671875 0.14140625 0.0828125
0 0.56875 0.85390625 0.10625 0.06484375
0 0.265625 0.61171875 0.08515625 0.05625
0 0.73046875 0.7125 0.0921875 0.0515625
0 0.3015625 0.278125 0.09296875 0.115625
0 0.821875 0.70703125 0.06953125 0.04453125
0 0.478125 0.65859375 0.096875 0.05546875
0 0.578125 0.77734375 0.0953125 0.0671875
0 0.56484375 0.5453125 0.07890625 0.0515625
0 0.66015625 0.728125 0.0734375 0.04765625
0 0.57890625 0.91953125 0.09453125 0.05859375
1 0.1640625 0.2765625 0.16328125 0.02890625
0 0.7125 0.5 0.0875 0.05625
1 0.196875 0.8328125 0.1234375 0.02734375
0 0.73046875 0.546875 0.07578125 0.04375
1 0.78046875 0.27421875 0.11875 0.0265625
1 0.41015625 0.8328125 0.1203125 0.025
2 0.7234375 0.89609375 0.22890625 0.1203125
1 0.8640625 0.83125 0.05859375 0.021875
1 0.50703125 0.275 0.10859375 0.02734375
1 0.44140625 0.2734375 0.190625 0.02890625
0 0.415625 0.70625 0.21953125 0.2375