2 0.56875 0.2125 0.15703125 0.21171875
2 0.42734375 0.20390625 0.128125 0.2
2 0.45078125 0.73046875 0.11796875 0.2328125
2 0.14609375 0.490625 0.14296875 0.23046875
2 0.5640625 0.72890625 0.1140625 0.228125
2 0.36328125 0.765625 0.0578125 0.0984375
2 0.83671875 0.46328125 0.1 0.19609375
2 0.584375 0.58984375 0.0625 0.06015625
0 0.5265625 0.6453125 0.0421875 0.0625
0 0.41171875 0.68984375 0.046875 0.06171875
0 0.653125 0.86328125 0.04609375 0.06640625
0 0.51015625 0.28125 0.0421875 0.06171875
0 0.4703125 0.2796875 0.0421875 0.05859375
0 0.40703125 0.63671875 0.0328125 0.046875
0 0.5375 0.49921875 0.04375 0.05703125
0 0.903125 0.49921875 0.04765625 0.05078125
0 0.35234375 0.7 0.0375 0.0484375
1 0.55625 0.84140625 0.0796875 0.03359375
2 0.69375 0.5109375 0.11171875 0.0921875
0 0.221875 0.6484375 0.02421875 0.0328125
1 0.075 0.52734375 0.02265625 0.06484375
2 0.5984375 0.49453125 0.090625 0.11875
0 0.51953125 0.596875 0.03671875 0.04296875
0 0.76640625 0.49296875 0.040625 0.05
0 0.53984375 0.57890625 0.0359375 0.046875
1 0.4578125 0.84296875 0.08671875 0.0359375
0 0.771875 0.35234375 0.0390625 0.05625
1 0.2171875 0.84453125 0.0859375 0.03203125
1 0.07578125 0.7828125 0.021875 0.09140625
1 0.70703125 0.8421875 0.0703125 0.03359375
2 0.478125 0.58203125 0.06171875 0.07890625
1 0.55859375 0.10078125 0.0828125 0.03125
0 0.3140625 0.83125 0.04375 0.0671875
1 0.68515625 0.36640625 0.0421875 0.02734375
0 0.65703125 0.41015625 0.034375 0.04140625
0 0.30859375 0.75078125 0.046875 0.05390625
1 0.36171875 0.17578125 0.0234375 0.090625
1 0.315625 0.340625 0.05390625 0.05234375
1 0.07578125 0.6703125 0.02265625 0.09609375
1 0.16640625 0.3703125 0.065625 0.03125
2 0.24765625 0.6828125 0.0734375 0.13203125
1 0.28515625 0.45390625 0.02109375 0.13359375
2 0.43046875 0.58203125 0.0796875 0.07578125
1 0.8859375 0.684375 0.0203125 0.10859375
1 0.35859375 0.8140625 0.046875 0.02890625
2 0.4265625 0.42109375 0.2375 0.234375
0 0.8015625 0.86875 0.04609375 0.06640625
1 0.28515625 0.678125 0.01640625 0.078125
1 0.3328125 0.334375 0.04375 0.0421875
2 0.59765625 0.38984375 0.08203125 0.08359375
1 0.284375 0.6546875 0.01328125 0.0375
1 0.88671875 0.74453125 0.01953125 0.0625
2 0.14453125 0.6734375 0.13828125 0.115625
2 0.1328125 0.1875 0.2390625 0.2921875