0 0.5859375 0.0890625 0.07578125 0.07265625
0 0.653125 0.33203125 0.06015625 0.06484375
0 0.56640625 0.334375 0.04296875 0.075
0 0.5578125 0.41171875 0.05234375 0.0703125
0 0.54921875 0.33984375 0.03984375 0.0390625
0 0.653125 0.846875 0.0703125 0.08828125
1 0.29765625 0.17109375 0.0234375 0.26171875
1 0.296875 0.40546875 0.0140625 0.0625
1 0.29921875 0.63828125 0.02890625 0.26875
2 0.45078125 0.16171875 0.3046875 0.27421875
2 0.41015625 0.39765625 0.24453125 0.1953125
2 0.44140625 0.659375 0.3 0.32578125
2 0.6484375 0.2328125 0.11875 0.14453125