2 0.4015625 0.31015625 0.1203125 0.19140625
2 0.290625 0.309375 0.09921875 0.19453125
2 0.4296875 0.48359375 0.0578125 0.1578125
2 0.43046875 0.6265625 0.0625 0.13203125
2 0.190625 0.3765625 0.1015625 0.31484375
2 0.19375 0.61328125 0.10859375 0.1609375
0 0.3609375 0.37421875 0.03515625 0.06640625
0 0.32265625 0.37421875 0.03515625 0.06640625
0 0.384375 0.49140625 0.034375 0.06640625
2 0.6015625 0.61328125 0.109375 0.16171875
0 0.31875 0.49609375 0.03984375 0.06953125
1 0.284375 0.209375 0.04375 0.03046875
0 0.7265625 0.50078125 0.03359375 0.06484375
0 0.31875 0.73125 0.04140625 0.09140625
1 0.41875 0.20859375 0.04375 0.02890625
0 0.32421875 0.621875 0.0359375 0.06640625
1 0.54765625 0.609375 0.015625 0.08671875
1 0.20546875 0.69296875 0.04140625 0.02890625
0 0.11875 0.49140625 0.0265625 0.0578125
1 0.42734375 0.696875 0.02265625 0.0296875
1 0.87109375 0.45 0.0171875 0.08671875
2 0.36953125 0.6140625 0.0640625 0.1453125
1 0.3671875 0.6921875 0.025 0.0296875
0 0.38515625 0.64921875 0.0359375 0.0703125
2 0.72265625 0.55546875 0.06953125 0.05859375
2 0.80390625 0.46875 0.1296875 0.30078125
1 0.4609375 0.46875 0.01015625 0.0484375
0 0.2140625 0.20234375 0.02421875 0.03984375
1 0.2140625 0.20234375 0.0234375 0.0390625
2 0.38359375 0.64921875 0.0390625 0.07890625