2 0.83203125 0.31171875 0.28125 0.30546875
2 0.82734375 0.83984375 0.29609375 0.2265625
2 0.703125 0.54453125 0.09765625 0.17109375
2 0.8640625 0.61328125 0.21171875 0.2203125
0 0.4875 0.11171875 0.05625 0.08828125
0 0.771875 0.67265625 0.0609375 0.0890625
0 0.7171875 0.7515625 0.05078125 0.0734375
0 0.6828125 0.6546875 0.04375 0.06171875
1 0.96796875 0.32109375 0.0359375 0.165625
0 0.70859375 0.41328125 0.07109375 0.0859375
1 0.575 0.1453125 0.128125 0.0421875
1 0.96796875 0.57890625 0.03203125 0.125
1 0.96796875 0.80703125 0.03125 0.128125
1 0.15078125 0.28359375 0.0375 0.18515625
0 0.125 0.4015625 0.06328125 0.07734375
1 0.08828125 0.45703125 0.0921875 0.0265625
2 0.12578125 0.40078125 0.06171875 0.0796875
2 0.0859375 0.2921875 0.12734375 0.3171875