2 0.19140625 0.79765625 0.0953125 0.18671875
2 0.26171875 0.26640625 0.2375 0.2390625
2 0.7625 0.48984375 0.1578125 0.20546875
1 0.84609375 0.2359375 0.03125 0.14609375
2 0.52734375 0.50078125 0.109375 0.203125
1 0.21328125 0.1390625 0.10703125 0.04296875
0 0.26171875 0.803125 0.05703125 0.0796875
0 0.33515625 0.34375 0.0609375 0.07265625
2 0.2453125 0.55078125 0.215625 0.315625
0 0.45390625 0.5109375 0.05546875 0.07421875
1 0.84609375 0.4671875 0.034375 0.125
0 0.39296875 0.71484375 0.06328125 0.0859375
1 0.1390625 0.76015625 0.03125 0.10859375
0 0.43203125 0.63984375 0.06640625 0.0765625
0 0.38984375 0.5140625 0.0609375 0.084375
2 0.503125 0.70859375 0.09609375 0.2125
0 0.875 0.35 0.06953125 0.0859375
0 0.33359375 0.48203125 0.05859375 0.07109375
0 0.11015625 0.54140625 0.0703125 0.08046875
1 0.134375 0.20078125 0.0296875 0.08203125
0 0.33203125 0.79921875 0.071875 0.0890625
2 0.63046875 0.53125 0.0984375 0.1171875
0 0.38359375 0.79609375 0.07734375 0.0875
1 0.4921875 0.12109375 0.05390625 0.046875
1 0.1375 0.6296875 0.02890625 0.12265625
2 0.296875 0.79765625 0.1234375 0.18203125
1 0.52734375 0.10625 0.04765625 0.05
2 0.61171875 0.265625 0.44453125 0.24296875
0 0.49140625 0.121875 0.05078125 0.04375