2 0.69765625 0.40546875 0.3953125 0.4875
2 0.5609375 0.77734375 0.1203125 0.2421875
2 0.25703125 0.6671875 0.25859375 0.40703125
2 0.26015625 0.3203125 0.26171875 0.30078125
2 0.8125 0.8328125 0.33828125 0.334375
0 0.5203125 0.2296875 0.05 0.08515625
0 0.475 0.36953125 0.04453125 0.08515625
0 0.40859375 0.63125 0.06796875 0.1265625
0 0.36640625 0.22890625 0.04609375 0.08671875
2 0.44296875 0.06171875 0.1046875 0.1234375
1 0.98125 0.80859375 0.03515625 0.25390625
2 0.2640625 0.06171875 0.28125 0.1234375
0 0.409375 0.39375 0.05859375 0.12109375
0 0.4765625 0.7953125 0.05703125 0.0953125
0 0.45390625 0.9359375 0.07578125 0.128125
2 0.45625 0.93828125 0.078125 0.1234375