2 0.81953125 0.28671875 0.2703125 0.26953125
2 0.7390625 0.66484375 0.10625 0.259375
2 0.17890625 0.28515625 0.271875 0.253125
2 0.44296875 0.25234375 0.11640625 0.21875
2 0.2640625 0.66875 0.10546875 0.26875
2 0.90546875 0.6890625 0.1046875 0.21171875
2 0.5578125 0.253125 0.1171875 0.22109375
2 0.90390625 0.48671875 0.10390625 0.19921875
2 0.096875 0.6953125 0.10546875 0.21171875
2 0.0984375 0.48984375 0.1046875 0.20546875
2 0.653125 0.71875 0.06640625 0.1609375
2 0.2421875 0.490625 0.06328125 0.10390625
2 0.29453125 0.4921875 0.04765625 0.103125
2 0.65390625 0.5375 0.0640625 0.20078125
2 0.353125 0.7234375 0.0640625 0.159375
2 0.35234375 0.54140625 0.07109375 0.21015625
2 0.65234375 0.29453125 0.06640625 0.296875
2 0.76015625 0.4875 0.06171875 0.103125
2 0.35078125 0.29921875 0.06875 0.296875
2 0.7078125 0.48828125 0.04609375 0.1015625
0 0.778125 0.57421875 0.03515625 0.0671875
0 0.19140625 0.696875 0.0375 0.0765625
0 0.8109375 0.8359375 0.03125 0.075
0 0.8640625 0.6203125 0.03515625 0.0625
0 0.66875 0.40625 0.0328125 0.06875
0 0.8109375 0.68828125 0.0375 0.07578125
0 0.66328125 0.11953125 0.0359375 0.0765625
0 0.22265625 0.5796875 0.034375 0.0703125
0 0.19140625 0.83828125 0.0328125 0.0765625
0 0.59296875 0.39140625 0.0359375 0.0796875
0 0.41015625 0.39296875 0.03828125 0.0765625
0 0.3046875 0.196875 0.0359375 0.06875
0 0.3375 0.12109375 0.03671875 0.0828125
1 0.65390625 0.79453125 0.03515625 0.0390625
0 0.69765625 0.5609375 0.02578125 0.05859375
1 0.0921875 0.8046875 0.05546875 0.0421875
0 0.8640625 0.41875 0.03515625 0.06796875
0 0.6984375 0.1921875 0.034375 0.07421875
0 0.33359375 0.4125 0.03125 0.06875
0 0.65234375 0.6125 0.028125 0.065625
0 0.13828125 0.6265625 0.03671875 0.071875
0 0.35 0.61875 0.03125 0.06953125
1 0.74140625 0.7984375 0.04375 0.04453125
1 0.26015625 0.8046875 0.04921875 0.04296875
1 0.04375 0.49921875 0.0203125 0.11953125
1 0.34921875 0.803125 0.0390625 0.04296875
1 0.9109375 0.79453125 0.04609375 0.0390625
1 0.95390625 0.48828125 0.01640625 0.09765625
0 0.1984375 0.50859375 0.03359375 0.065625
0 0.1375 0.4234375 0.034375 0.06640625
0 0.30546875 0.565625 0.02578125 0.05703125
1 0.22890625 0.1515625 0.0953125 0.0375
0 0.80234375 0.50390625 0.03125 0.06484375
2 0.48125 0.5890625 0.18125 0.4453125
1 0.13671875 0.153125 0.0578125 0.02890625
1 0.56484375 0.14375 0.065625 0.03515625
1 0.446875 0.1453125 0.07578125 0.0328125
1 0.76796875 0.14921875 0.08671875 0.03203125
0 0.790625 0.55 0.04296875 0.09921875