2 0.459375 0.36484375 0.1609375 0.2375
2 0.67421875 0.3125 0.11484375 0.11875
2 0.134375 0.4484375 0.09453125 0.078125
0 0.4546875 0.5125 0.04453125 0.06796875
0 0.125 0.67109375 0.04453125 0.06640625
0 0.66875 0.38828125 0.0375 0.0515625
0 0.1234375 0.8015625 0.04453125 0.065625
0 0.1828125 0.5859375 0.04296875 0.05234375
0 0.11953125 0.51328125 0.03984375 0.05390625
1 0.246875 0.778125 0.05078125 0.02734375
1 0.45859375 0.24296875 0.0640625 0.0328125
1 0.3078125 0.78046875 0.046875 0.0265625
0 0.74921875 0.48671875 0.04453125 0.06171875
2 0.22578125 0.5125 0.0421875 0.0921875
1 0.31015625 0.646875 0.046875 0.01875
1 0.68359375 0.24296875 0.03359375 0.025
2 0.284375 0.49765625 0.1546875 0.303125
1 0.515625 0.64453125 0.08671875 0.03125
2 0.7828125 0.38671875 0.10546875 0.3125
1 0.56953125 0.24453125 0.0359375 0.02890625
1 0.2734375 0.33984375 0.04921875 0.0234375
2 0.68359375 0.2453125 0.03125 0.025