2 0.2140625 0.434375 0.19140625 0.14765625
2 0.2109375 0.715625 0.18671875 0.171875
2 0.2609375 0.56875 0.0875 0.1203125
2 0.16796875 0.59765625 0.0953125 0.0609375
2 0.48828125 0.5953125 0.13671875 0.1125
2 0.16796875 0.5390625 0.09375 0.0609375
2 0.22734375 0.27734375 0.21484375 0.16875
0 0.525 0.6765625 0.0546875 0.05234375
2 0.48046875 0.478125 0.1234375 0.1125
0 0.28046875 0.653125 0.05703125 0.04921875
0 0.37421875 0.73359375 0.059375 0.05625
2 0.4453125 0.68125 0.053125 0.0484375
0 0.33125 0.57578125 0.06015625 0.05
1 0.3078125 0.5296875 0.0203125 0.05390625
0 0.33203125 0.48203125 0.0578125 0.04765625
0 0.5859375 0.675 0.05234375 0.053125
0 0.37265625 0.8390625 0.05703125 0.06328125
1 0.11875 0.709375 0.02890625 0.08203125
0 0.7953125 0.23359375 0.05390625 0.0515625
1 0.1203125 0.4234375 0.03203125 0.0875
1 0.546875 0.81015625 0.0796875 0.02109375
0 0.5890625 0.39921875 0.05703125 0.0484375
1 0.12109375 0.27265625 0.02734375 0.07109375
2 0.72421875 0.78125 0.0546875 0.05078125
1 0.66015625 0.18828125 0.07578125 0.02265625
2 0.646875 0.52734375 0.1984375 0.24140625
0 0.46953125 0.13515625 0.03515625 0.0234375
1 0.07421875 0.4953125 0.0140625 0.03203125
1 0.43984375 0.1859375 0.07421875 0.01796875
0 0.26328125 0.5671875 0.090625 0.121875
1 0.80234375 0.60390625 0.01640625 0.0328125