2 0.1390625 0.52421875 0.17421875 0.2578125
2 0.29140625 0.82265625 0.08203125 0.1203125
2 0.3171875 0.33515625 0.1828125 0.17578125
2 0.87734375 0.459375 0.15546875 0.19921875
2 0.1375 0.325 0.178125 0.15234375
2 0.6609375 0.4578125 0.115625 0.2140625
2 0.7046875 0.72578125 0.05546875 0.11640625
0 0.23046875 0.7828125 0.03828125 0.05703125
2 0.146875 0.71640625 0.0515625 0.12265625
0 0.27109375 0.74140625 0.03515625 0.053125
0 0.2515625 0.225 0.040625 0.0578125
2 0.6625 0.61796875 0.11484375 0.10859375
2 0.89921875 0.3078125 0.11796875 0.1
0 0.82109375 0.5015625 0.04765625 0.06171875
0 0.73046875 0.5890625 0.03515625 0.04296875
0 0.18515625 0.73125 0.03671875 0.04921875
0 0.7765625 0.240625 0.034375 0.053125
0 0.18984375 0.22578125 0.03984375 0.0578125
0 0.85234375 0.328125 0.03203125 0.0421875
2 0.3171875 0.5375 0.1765625 0.2296875
0 0.69765625 0.48671875 0.04765625 0.0640625
0 0.7015625 0.33203125 0.0328125 0.04296875
0 0.70546875 0.58671875 0.03046875 0.04375
1 0.40703125 0.53671875 0.021875 0.11328125
0 0.3765625 0.79453125 0.0421875 0.0625
1 0.40625 0.33671875 0.0203125 0.0796875
2 0.83359375 0.72265625 0.10078125 0.10625
2 0.36484375 0.7125 0.0640625 0.11875
1 0.0515625 0.521875 0.0203125 0.1046875
0 0.728125 0.33125 0.03046875 0.0421875
0 0.7890625 0.58984375 0.03515625 0.05859375
0 0.34765625 0.80078125 0.03984375 0.06171875
2 0.65859375 0.3078125 0.109375 0.1
1 0.14140625 0.24609375 0.0625 0.02734375
2 0.9453125 0.76796875 0.10625 0.1890625
1 0.21171875 0.8859375 0.07421875 0.021875
2 0.434375 0.7125 0.0734375 0.11328125
1 0.3234375 0.24453125 0.08515625 0.0296875
1 0.45625 0.9109375 0.02890625 0.03125
2 0.778125 0.340625 0.125 0.1515625
1 0.05078125 0.3296875 0.0203125 0.08359375
0 0.7453125 0.7453125 0.0296875 0.0546875
1 0.74765625 0.26328125 0.04375 0.0234375
1 0.7015625 0.77890625 0.0390625 0.02265625
0 0.4203125 0.79609375 0.0390625 0.05859375
1 0.80703125 0.26328125 0.04140625 0.02421875
2 0.43671875 0.83359375 0.2140625 0.13046875
2 0.88203125 0.6109375 0.15 0.1015625