2 0.24296875 0.375 0.34453125 0.371875
2 0.64453125 0.796875 0.478125 0.26171875
2 0.1578125 0.71875 0.1640625 0.14921875
2 0.15703125 0.865625 0.16796875 0.14375
2 0.12890625 0.61328125 0.1 0.0828125
0 0.48046875 0.18515625 0.1046875 0.078125
1 0.88203125 0.759375 0.0765625 0.1765625
1 0.259375 0.19375 0.25234375 0.046875
0 0.34140625 0.93125 0.1171875 0.07734375
1 0.346875 0.56640625 0.09765625 0.03046875
1 0.41796875 0.71015625 0.04453125 0.0953125
1 0.41640625 0.61796875 0.03984375 0.0859375
1 0.240625 0.67890625 0.0390625 0.08125
0 0.240625 0.6765625 0.03984375 0.08125
2 0.325 0.68359375 0.184375 0.22890625