0 0.196875 0.36171875 0.115625 0.06640625
0 0.3953125 0.34765625 0.11796875 0.06640625
0 0.50234375 0.4875 0.09609375 0.08359375
0 0.42265625 0.73359375 0.1203125 0.06640625
0 0.33671875 0.86953125 0.0953125 0.06953125
0 0.52421875 0.8328125 0.14296875 0.07421875
0 0.74609375 0.834375 0.15390625 0.05234375
0 0.53671875 0.1578125 0.1234375 0.06328125
1 0.84765625 0.459375 0.07578125 0.1171875
1 0.840625 0.26640625 0.07890625 0.11875
1 0.70546875 0.1875 0.2421875 0.0265625
1 0.37734375 0.18359375 0.18828125 0.02421875
1 0.36484375 0.81328125 0.15703125 0.02578125
2 0.6421875 0.4515625 0.4359375 0.51796875
0 0.50234375 0.603125 0.10625 0.06171875
2 0.27578125 0.73203125 0.39140625 0.153125
2 0.19453125 0.8796875 0.21640625 0.14296875
2 0.2546875 0.290625 0.3328125 0.18671875
0 0.22734375 0.54140625 0.0984375 0.06171875
2 0.36796875 0.6015625 0.19765625 0.0890625