2 0.51328125 0.375 0.9078125 0.221875
2 0.1671875 0.55078125 0.240625 0.1921875
2 0.7078125 0.6109375 0.4328125 0.25703125
0 0.5609375 0.54609375 0.18125 0.0578125
2 0.18046875 0.80625 0.2921875 0.1375
0 0.2296875 0.23984375 0.15 0.0640625
2 0.1703125 0.6828125 0.24140625 0.08359375
0 0.39921875 0.75703125 0.1640625 0.07109375
0 0.38828125 0.815625 0.178125 0.071875
1 0.67734375 0.2625 0.2921875 0.03046875
1 0.721875 0.734375 0.29921875 0.03046875
1 0.24375 0.871875 0.15390625 0.0234375
0 0.4015625 0.6875 0.17265625 0.06640625
0 0.3875 0.5828125 0.21015625 0.075
1 0.37578125 0.26171875 0.15234375 0.0234375
2 0.40390625 0.6875 0.165625 0.0625
2 0.1828125 0.759375 0.2765625 0.0578125