2 0.6640625 0.29765625 0.17578125 0.17109375
2 0.8859375 0.44765625 0.15390625 0.10625
2 0.85390625 0.56484375 0.21796875 0.1265625
2 0.85703125 0.28046875 0.22421875 0.1421875
2 0.66171875 0.55625 0.17265625 0.146875
2 0.39296875 0.5890625 0.13203125 0.08046875
2 0.39296875 0.51015625 0.12890625 0.078125
2 0.62421875 0.42578125 0.1109375 0.0890625
2 0.15546875 0.51171875 0.171875 0.0765625
0 0.32109375 0.19140625 0.0703125 0.059375
0 0.71953125 0.51796875 0.0640625 0.04609375
0 0.77578125 0.51953125 0.0578125 0.04296875
1 0.67265625 0.63203125 0.08828125 0.02734375
2 0.88828125 0.3734375 0.15625 0.0515625
0 0.82890625 0.18984375 0.06875 0.05546875
0 0.28515625 0.6484375 0.0703125 0.05546875
0 0.7859375 0.44921875 0.0625 0.0453125
0 0.31015625 0.51640625 0.0609375 0.046875
1 0.3921875 0.21484375 0.0859375 0.02109375
1 0.15703125 0.21484375 0.08125 0.0203125
0 0.875 0.33515625 0.053125 0.03984375
0 0.3109375 0.590625 0.0609375 0.040625
1 0.89765625 0.63125 0.090625 0.0265625
1 0.15 0.63203125 0.06484375 0.02265625
1 0.2296875 0.2140625 0.0765625 0.01796875
0 0.7203125 0.36015625 0.06015625 0.04609375
1 0.5703125 0.246875 0.02890625 0.034375
1 0.66796875 0.20859375 0.08671875 0.0234375
1 0.571875 0.4265625 0.03125 0.04765625
0 0.7765625 0.36015625 0.06328125 0.05078125
1 0.9 0.209375 0.08984375 0.02421875
1 0.0640625 0.25078125 0.03359375 0.0328125
2 0.2734375 0.328125 0.39296875 0.22578125
2 0.39140625 0.68046875 0.1390625 0.0921875
0 0.296875 0.68671875 0.075 0.04375
2 0.1375 0.5859375 0.11484375 0.0734375
2 0.38359375 0.35703125 0.15234375 0.228125
0 0.1671875 0.528125 0.0796875 0.0515625
1 0.9453125 0.95234375 0.0375 0.040625