2 0.51015625 0.6875 0.15078125 0.19296875
2 0.39453125 0.13828125 0.09453125 0.1078125
2 0.2375 0.7203125 0.1140625 0.12265625
2 0.3375 0.62578125 0.0671875 0.0609375
2 0.89140625 0.2296875 0.09765625 0.1109375
2 0.3328125 0.6890625 0.07734375 0.059375
2 0.39140625 0.29609375 0.09609375 0.10078125
2 0.40234375 0.696875 0.0640625 0.1109375
2 0.3109375 0.29375 0.0765625 0.09609375
2 0.89453125 0.3109375 0.09921875 0.05390625
0 0.7140625 0.5796875 0.2453125 0.1671875
0 0.8328125 0.2125 0.028125 0.034375
0 0.64453125 0.3328125 0.0296875 0.0578125
2 0.803125 0.28203125 0.084375 0.1
0 0.803125 0.21875 0.028125 0.03671875
2 0.84765625 0.1421875 0.0703125 0.05234375
2 0.3875 0.6109375 0.03359375 0.0625
0 0.18359375 0.07890625 0.02578125 0.05390625
0 0.36171875 0.73125 0.0265625 0.02890625
0 0.36484375 0.25546875 0.0234375 0.02890625
0 0.3703125 0.18046875 0.0265625 0.03203125
0 0.871875 0.2765625 0.02265625 0.028125
0 0.3953125 0.79765625 0.02734375 0.0375
2 0.81015625 0.36328125 0.06953125 0.06328125
2 0.096875 0.16015625 0.11953125 0.1390625
0 0.315625 0.25703125 0.02734375 0.0296875
0 0.3734375 0.20859375 0.02421875 0.02734375
0 0.39296875 0.65078125 0.02109375 0.0265625
0 0.2109375 0.67109375 0.028125 0.0328125
2 0.415625 0.553125 0.09140625 0.05625
2 0.275 0.5671875 0.18671875 0.0828125
0 0.8296875 0.33125 0.02578125 0.0578125
0 0.48984375 0.578125 0.02734375 0.03515625
0 0.82421875 0.17890625 0.021875 0.028125
2 0.40859375 0.21875 0.05078125 0.05078125
0 0.05546875 0.25859375 0.0265625 0.0359375
0 0.275 0.79609375 0.028125 0.034375
2 0.33046875 0.75 0.0828125 0.06640625
2 0.4015625 0.7640625 0.0640625 0.0390625
1 0.58515625 0.73046875 0.01484375 0.0484375
2 0.125 0.28828125 0.08125 0.0984375
0 0.34453125 0.66796875 0.021875 0.028125
2 0.4984375 0.55625 0.07734375 0.0640625
0 0.334375 0.72890625 0.021875 0.0296875
0 0.59609375 0.55078125 0.0296875 0.03125
1 0.39296875 0.08203125 0.05 0.015625
2 0.30546875 0.109375 0.0734375 0.0484375
2 0.81171875 0.8140625 0.11796875 0.06640625
1 0.340625 0.784375 0.04296875 0.01640625
0 0.084375 0.25546875 0.03046875 0.034375
0 0.76953125 0.2046875 0.02421875 0.0296875
0 0.30234375 0.73125 0.02421875 0.028125
2 0.05078125 0.43046875 0.04453125 0.0375
0 0.1953125 0.34765625 0.02578125 0.053125
1 0.30859375 0.08046875 0.034375 0.0140625
0 0.84921875 0.55625 0.04140625 0.0484375
2 0.64921875 0.21015625 0.225 0.25703125
0 0.85546875 0.603125 0.04765625 0.04609375
2 0.6640625 0.3640625 0.06953125 0.06015625
2 0.59609375 0.55078125 0.0296875 0.0328125
0 0.75078125 0.20390625 0.03046875 0.03203125
2 0.01484375 0.41796875 0.0296875 0.06171875
2 0.06875 0.2125 0.05625 0.05390625
2 0.15234375 0.58203125 0.05859375 0.04921875
0 0.33203125 0.75 0.08125 0.0640625
0 0.12578125 0.3671875 0.025 0.0453125
1 0.94453125 0.225 0.01484375 0.06171875
0 0.8203125 0.35546875 0.0515625 0.06953125
0 0.81796875 0.21484375 0.05546875 0.034375
1 0.121875 0.08046875 0.03515625 0.01796875
0 0.64609375 0.209375 0.23046875 0.25078125
0 0.85234375 0.5828125 0.04453125 0.096875
1 0.18046875 0.5984375 0.01328125 0.07890625