2 0.23515625 0.74765625 0.315625 0.228125
0 0.71015625 0.33359375 0.10078125 0.06328125
0 0.63359375 0.6703125 0.09765625 0.06953125
2 0.9265625 0.13671875 0.11640625 0.09140625
2 0.85859375 0.29921875 0.225 0.22265625
0 0.4375 0.15234375 0.10078125 0.07734375
0 0.825 0.1328125 0.09140625 0.065625
0 0.42578125 0.61015625 0.08828125 0.05546875
0 0.7984375 0.3828125 0.08984375 0.0640625
0 0.12890625 0.6609375 0.075 0.053125
0 0.3484375 0.67578125 0.109375 0.06875
0 0.65078125 0.57890625 0.08671875 0.0546875
0 0.91796875 0.62109375 0.07890625 0.0578125
2 0.16015625 0.59453125 0.1515625 0.0921875
0 0.62890625 0.51953125 0.0984375 0.07109375
1 0.1921875 0.18046875 0.146875 0.03515625
0 0.7421875 0.96171875 0.1015625 0.06484375
2 0.88046875 0.93203125 0.18828125 0.13203125
2 0.3109375 0.5953125 0.16796875 0.09375
0 0.4578125 0.790625 0.11796875 0.0796875
1 0.61953125 0.18203125 0.1765625 0.03203125
2 0.75546875 0.5984375 0.1453125 0.0890625
1 0.2421875 0.8546875 0.18828125 0.0359375
1 0.3234375 0.1796875 0.128125 0.0328125
1 0.8140625 0.184375 0.10078125 0.02734375
0 0.459375 0.8890625 0.12109375 0.0859375
1 0.7359375 0.25390625 0.06484375 0.12734375
1 0.70390625 0.85859375 0.17421875 0.0359375
2 0.778125 0.746875 0.38203125 0.225
2 0.83828125 0.04453125 0.30078125 0.0890625