0 0.32109375 0.32109375 0.0921875 0.0625
0 0.63828125 0.353125 0.07890625 0.0828125
0 0.2140625 0.33125 0.084375 0.0453125
0 0.39140625 0.446875 0.0734375 0.05703125
0 0.396875 0.5625 0.0625 0.0578125
0 0.228125 0.503125 0.053125 0.04140625
0 0.340625 0.68203125 0.08671875 0.05546875
0 0.41171875 0.78359375 0.07890625 0.0640625
0 0.28828125 0.81328125 0.065625 0.04375
0 0.54921875 0.78671875 0.08828125 0.05390625
1 0.3109375 0.7609375 0.115625 0.03203125
1 0.60859375 0.42421875 0.05546875 0.0875
1 0.609375 0.2390625 0.02421875 0.1171875
1 0.5125 0.16171875 0.13984375 0.0265625
1 0.296875 0.1640625 0.103125 0.02109375
2 0.478125 0.41484375 0.26484375 0.51953125
2 0.2484375 0.26171875 0.2078125 0.18046875
2 0.26328125 0.4671875 0.2375 0.0984375
2 0.26015625 0.67578125 0.23203125 0.146875
2 0.315625 0.56328125 0.12890625 0.10546875