2 0.87265625 0.5859375 0.175 0.1625
2 0.66484375 0.58515625 0.2546875 0.1609375
2 0.2265625 0.85234375 0.34375 0.17578125
2 0.86796875 0.7703125 0.16328125 0.09453125
2 0.90078125 0.6953125 0.09921875 0.05703125
2 0.43671875 0.80703125 0.075 0.084375
0 0.3609375 0.9546875 0.078125 0.05234375
0 0.75234375 0.78515625 0.06796875 0.04296875
2 0.86328125 0.89375 0.15390625 0.075
0 0.28359375 0.4828125 0.06875 0.04765625
0 0.43515625 0.04375 0.078125 0.05078125
0 0.37734375 0.815625 0.0609375 0.0328125
1 0.8375 0.93515625 0.07890625 0.0203125
0 0.82890625 0.7046875 0.05546875 0.0359375
0 0.753125 0.646875 0.06796875 0.04609375
0 0.82578125 0.6453125 0.0703125 0.04609375
0 0.3453125 0.115625 0.0875 0.046875
0 0.17890625 0.68515625 0.07265625 0.04140625
1 0.690625 0.934375 0.12734375 0.0234375
0 0.84921875 0.8359375 0.06640625 0.0421875
2 0.26953125 0.58515625 0.4125 0.15234375
2 0.91484375 0.83359375 0.06875 0.04765625
2 0.4390625 0.89453125 0.07109375 0.0828125
2 0.0828125 0.9015625 0.05625 0.0671875
1 0.37734375 0.503125 0.11015625 0.02265625
2 0.1953125 0.08515625 0.24609375 0.11796875
2 0.66015625 0.8515625 0.2484375 0.1671875
1 0.2203125 0.93671875 0.10546875 0.021875