2 0.17890625 0.265625 0.2328125 0.18515625
2 0.77265625 0.534375 0.2171875 0.1546875
2 0.36640625 0.59296875 0.15234375 0.25234375
2 0.66640625 0.696875 0.11015625 0.0671875
2 0.5734375 0.496875 0.084375 0.08046875
2 0.178125 0.484375 0.23359375 0.2640625
2 0.57265625 0.56484375 0.0890625 0.05390625
0 0.6359375 0.3015625 0.0609375 0.0625
0 0.4765625 0.73671875 0.06015625 0.059375
0 0.71953125 0.78203125 0.065625 0.04609375
2 0.80703125 0.77109375 0.1265625 0.08359375
0 0.60703125 0.8265625 0.05859375 0.053125
2 0.43828125 0.29375 0.29609375 0.328125
1 0.1921875 0.1765625 0.08515625 0.02734375
0 0.64765625 0.6390625 0.053125 0.04375
0 0.184375 0.64765625 0.14921875 0.07578125
0 0.684375 0.56640625 0.05546875 0.04609375
0 0.62421875 0.57265625 0.04375 0.034375
1 0.875 0.553125 0.03359375 0.07265625
0 0.62734375 0.49765625 0.0453125 0.03359375
0 0.26015625 0.15546875 0.06171875 0.06015625
1 0.87578125 0.41796875 0.0296875 0.075
1 0.8734375 0.66640625 0.02890625 0.06484375
1 0.5453125 0.13671875 0.084375 0.028125
0 0.59140625 0.646875 0.04921875 0.0453125
1 0.6984375 0.32109375 0.078125 0.03046875
1 0.58984375 0.2109375 0.0328125 0.11796875
0 0.60234375 0.6828125 0.04296875 0.03203125
1 0.571875 0.946875 0.13046875 0.025
1 0.3703125 0.71328125 0.10859375 0.0265625
1 0.7859375 0.8109375 0.065625 0.02421875
1 0.29375 0.32421875 0.0375 0.07265625
2 0.7671875 0.66953125 0.21875 0.115625
2 0.69453125 0.390625 0.36171875 0.14453125
1 0.70703125 0.94921875 0.11640625 0.02109375
1 0.85625 0.9640625 0.0546875 0.01875