2 0.653125 0.21953125 0.3171875 0.18046875
2 0.28203125 0.73515625 0.08671875 0.10546875
2 0.746875 0.73671875 0.125 0.11328125
2 0.58515625 0.71640625 0.18359375 0.15390625
2 0.40546875 0.17109375 0.17421875 0.16484375
2 0.21171875 0.1546875 0.215625 0.13515625
0 0.1875 0.97265625 0.06015625 0.0546875
0 0.77890625 0.2453125 0.06953125 0.05703125
0 0.83984375 0.2453125 0.065625 0.0546875
0 0.29140625 0.17421875 0.06796875 0.05390625
0 0.521875 0.66484375 0.05390625 0.04609375
0 0.5328125 0.59453125 0.06796875 0.0546875
0 0.21875 0.7453125 0.06796875 0.05234375
0 0.1875 0.81171875 0.05859375 0.0546875
1 0.40234375 0.78984375 0.1078125 0.0296875
2 0.278125 0.6484375 0.0890625 0.06640625
0 0.659375 0.76015625 0.071875 0.05234375
0 0.36328125 0.23671875 0.0546875 0.0453125
1 0.81171875 0.2 0.03046875 0.05390625
2 0.1984375 0.5328125 0.17578125 0.16796875
1 0.1 0.86328125 0.0296875 0.06171875
1 0.33984375 0.8609375 0.0296875 0.0671875
0 0.46953125 0.2171875 0.0671875 0.05390625
0 0.22578125 0.640625 0.0484375 0.03984375
1 0.7140625 0.4421875 0.10078125 0.02421875
2 0.36328125 0.30546875 0.0984375 0.09921875
2 0.6921875 0.5484375 0.24609375 0.21171875
1 0.55859375 0.79296875 0.04921875 0.02265625
1 0.81015625 0.53515625 0.03046875 0.08828125
1 0.10390625 0.18828125 0.02734375 0.06171875
0 0.31796875 0.50703125 0.03515625 0.03203125
2 0.221875 0.871875 0.240625 0.1625
1 0.29453125 0.953125 0.078125 0.025
2 0.2140625 0.2921875 0.21171875 0.13203125
0 0.1875 0.64296875 0.0515625 0.05
1 0.2421875 0.953125 0.05078125 0.0203125
2 0.453125 0.29609375 0.08984375 0.0890625
1 0.7140625 0.79375 0.04609375 0.021875
1 0.18984375 0.446875 0.07109375 0.01953125
1 0.63515625 0.79375 0.04453125 0.0203125
0 0.3203125 0.4796875 0.0359375 0.04296875
0 0.2953125 0.23984375 0.04609375 0.046875
1 0.10078125 0.24765625 0.0234375 0.04921875
0 0.28125 0.73515625 0.0875 0.10390625
0 0.3640625 0.28203125 0.09140625 0.05703125
1 0.13125 0.9546875 0.05703125 0.02109375
1 0.81015625 0.5140625 0.0265625 0.040625
1 0.390625 0.4453125 0.07734375 0.02109375
2 0.13203125 0.6796875 0.05234375 0.12578125