2 0.396875 0.2234375 0.13203125 0.146875
0 0.5046875 0.1234375 0.06484375 0.07734375
2 0.4484375 0.8296875 0.2578125 0.17421875
0 0.35546875 0.4265625 0.075 0.0796875
0 0.49140625 0.78046875 0.075 0.09375
2 0.20625 0.32109375 0.24375 0.3375
2 0.20078125 0.61875 0.24609375 0.24921875
0 0.3515625 0.546875 0.0796875 0.0796875
0 0.5 0.409375 0.06953125 0.08515625
1 0.32109375 0.83125 0.028125 0.09140625
0 0.48984375 0.95390625 0.0703125 0.084375
1 0.9328125 0.34375 0.03203125 0.14765625
2 0.38515625 0.66875 0.12578125 0.14609375
1 0.3828125 0.15 0.075 0.02578125
2 0.4875 0.63515625 0.1890625 0.1953125
0 0.4546875 0.2796875 0.075 0.059375
1 0.4171875 0.91953125 0.06875 0.028125
1 0.584375 0.83046875 0.028125 0.08984375
2 0.76484375 0.6265625 0.33359375 0.21640625
1 0.21328125 0.15 0.09609375 0.0265625
0 0.4296875 0.60546875 0.06015625 0.08671875
1 0.9296875 0.55 0.03125 0.15
2 0.771875 0.2796875 0.303125 0.1609375
1 0.79765625 0.74296875 0.10859375 0.02578125