2 0.43828125 0.71328125 0.171875 0.22734375
0 0.24453125 0.49765625 0.05546875 0.06953125
2 0.6203125 0.77578125 0.20625 0.27109375
0 0.49609375 0.62578125 0.05625 0.0625
0 0.290625 0.5109375 0.0515625 0.07265625
2 0.87421875 0.77890625 0.1125 0.11640625
0 0.2765625 0.35 0.0453125 0.0609375
2 0.7734375 0.77578125 0.096875 0.11171875
0 0.771875 0.6828125 0.06875 0.0875
0 0.84296875 0.69375 0.05078125 0.065625
0 0.1875 0.49765625 0.04609375 0.065625
2 0.2453125 0.6140625 0.046875 0.121875
0 0.2859375 0.64453125 0.05 0.06328125
0 0.34921875 0.26484375 0.04765625 0.0515625
2 0.46875 0.21796875 0.10625 0.0625
0 0.55078125 0.1875 0.059375 0.13046875
2 0.3046875 0.6109375 0.10234375 0.13046875
2 0.2859375 0.70546875 0.13828125 0.0796875
1 0.41875 0.8296875 0.109375 0.03125
0 0.49375 0.5125 0.06328125 0.0703125
0 0.48984375 0.271875 0.053125 0.06484375
0 0.77109375 0.86640625 0.0578125 0.06953125
1 0.825 0.18828125 0.121875 0.03046875
2 0.77109375 0.86484375 0.06171875 0.0703125
0 0.296875 0.63125 0.08125 0.08046875
1 0.21640625 0.43203125 0.02421875 0.08046875
0 0.2859375 0.6984375 0.13828125 0.0859375
1 0.6546875 0.18671875 0.159375 0.03984375