0 0.153125 0.36796875 0.10859375 0.06953125
0 0.3640625 0.35546875 0.15078125 0.059375
0 0.5328125 0.1625 0.11328125 0.07265625
0 0.4921875 0.48671875 0.115625 0.06171875
0 0.48515625 0.6125 0.1046875 0.059375
0 0.4015625 0.73046875 0.1640625 0.06171875
0 0.5171875 0.840625 0.11875 0.06171875
0 0.30234375 0.8671875 0.11328125 0.03984375
0 0.7734375 0.8421875 0.15078125 0.06171875
1 0.30546875 0.1890625 0.18203125 0.02265625
1 0.7265625 0.19140625 0.26953125 0.02734375
1 0.8890625 0.28125 0.0359375 0.11953125
1 0.88984375 0.46953125 0.0703125 0.096875
1 0.3578125 0.81328125 0.1859375 0.02578125
2 0.646875 0.45390625 0.48671875 0.52421875
2 0.2265625 0.2921875 0.35859375 0.1921875
2 0.25078125 0.74140625 0.4140625 0.15703125
2 0.24375 0.5109375 0.40390625 0.0953125
0 0.19140625 0.54921875 0.10859375 0.0453125
2 0.3421875 0.6046875 0.20546875 0.0984375
2 0.7984375 0.7625 0.18359375 0.08125