2 0.88125 0.7328125 0.14609375 0.25
2 0.27578125 0.7375 0.1421875 0.253125
2 0.72265625 0.803125 0.0890625 0.1234375
2 0.88046875 0.3484375 0.140625 0.19765625
2 0.72421875 0.57421875 0.09375 0.140625
2 0.16484375 0.3109375 0.10078125 0.13984375
2 0.74296875 0.69453125 0.05 0.1046875
2 0.63046875 0.58125 0.09921875 0.16171875
2 0.465625 0.53046875 0.24296875 0.31015625
2 0.634375 0.7640625 0.10234375 0.190625
2 0.43359375 0.80546875 0.053125 0.1125
0 0.37109375 0.87734375 0.04375 0.06796875
0 0.70390625 0.71640625 0.0375 0.05234375
0 0.63125 0.87578125 0.034375 0.05625
2 0.9109375 0.50078125 0.08203125 0.0984375
0 0.36953125 0.778125 0.04296875 0.0671875
0 0.3328125 0.678125 0.0453125 0.06015625
0 0.853125 0.51484375 0.0453125 0.0671875
0 0.3296875 0.51796875 0.04296875 0.06640625
0 0.834375 0.63359375 0.046875 0.0734375
0 0.59609375 0.71171875 0.04296875 0.05859375
2 0.1375 0.5828125 0.13828125 0.45703125
0 0.4265625 0.73515625 0.03359375 0.0546875
0 0.69921875 0.484375 0.0390625 0.05390625
0 0.7 0.6625 0.0375 0.05390625
0 0.234375 0.29921875 0.04921875 0.07109375
0 0.071875 0.2171875 0.0484375 0.06953125
0 0.596875 0.46484375 0.040625 0.05625
0 0.33359375 0.57578125 0.04609375 0.06640625
2 0.2796875 0.46328125 0.134375 0.18046875
1 0.88359375 0.246875 0.07734375 0.03203125
0 0.834375 0.41875 0.04375 0.06328125
2 0.0375 0.5875 0.075 0.4328125
0 0.7046875 0.3421875 0.0484375 0.06328125
1 0.51796875 0.86171875 0.05390625 0.02734375
1 0.453125 0.3734375 0.1484375 0.0390625
1 0.61953125 0.36953125 0.06640625 0.02734375
1 0.94921875 0.3125 0.02265625 0.090625
1 0.70078125 0.86171875 0.03046875 0.02265625
1 0.1375 0.8078125 0.11953125 0.040625
0 0.67265625 0.34296875 0.0453125 0.06328125
0 0.69140625 0.534375 0.03359375 0.0453125
1 0.0375 0.80078125 0.04609375 0.04375
1 0.2625 0.85703125 0.06328125 0.0375
1 0.44453125 0.859375 0.02734375 0.02734375
2 0.0703125 0.30859375 0.1 0.12890625
2 0.5203125 0.7484375 0.11796875 0.2203125
1 0.16015625 0.2421875 0.11484375 0.02109375