2 0.6296875 0.38125 0.128125 0.36484375
2 0.2359375 0.35546875 0.17265625 0.25390625
2 0.12265625 0.64375 0.18125 0.26015625
2 0.09375 0.35625 0.12109375 0.26484375
2 0.40078125 0.67265625 0.06953125 0.1890625
2 0.91328125 0.6359375 0.1125 0.296875
2 0.7171875 0.55625 0.0546875 0.16015625
2 0.34453125 0.696875 0.05 0.13359375
2 0.50859375 0.5828125 0.0578125 0.146875
2 0.91171875 0.34453125 0.1140625 0.290625
0 0.340625 0.60703125 0.0328125 0.07265625
2 0.4015625 0.475 0.065625 0.1890625
2 0.7890625 0.33828125 0.13671875 0.2640625
0 0.8703125 0.5203125 0.03359375 0.0703125
0 0.3453125 0.5078125 0.03359375 0.06796875
0 0.359375 0.41171875 0.03046875 0.07421875
0 0.27578125 0.7984375 0.03203125 0.0734375
0 0.45 0.48671875 0.03359375 0.0890625
0 0.8703125 0.41171875 0.0390625 0.07109375
0 0.653125 0.53046875 0.028125 0.06640625
0 0.68359375 0.44765625 0.0265625 0.0671875
0 0.29375 0.19375 0.03671875 0.0734375
0 0.36015625 0.34375 0.03046875 0.06953125
0 0.73125 0.45625 0.03046875 0.0625
2 0.34921875 0.3015625 0.05859375 0.15078125
0 0.13828125 0.4421875 0.03046875 0.06796875
0 0.4484375 0.66640625 0.0328125 0.07265625
2 0.28125 0.65703125 0.06953125 0.228125
0 0.86796875 0.321875 0.0265625 0.06328125
1 0.159375 0.76953125 0.04609375 0.0453125
2 0.8171875 0.6578125 0.08671875 0.21640625
1 0.08671875 0.77578125 0.03828125 0.04765625
2 0.98125 0.55234375 0.03671875 0.309375
1 0.71640625 0.6390625 0.040625 0.025
1 0.084375 0.21953125 0.053125 0.0359375
0 0.39453125 0.54296875 0.02421875 0.04375