0 0.37734375 0.28515625 0.07734375 0.05
0 0.81953125 0.284375 0.0765625 0.05078125
0 0.21640625 0.50625 0.09140625 0.05234375
0 0.20078125 0.5828125 0.07265625 0.0515625
0 0.2953125 0.5546875 0.0734375 0.05625
0 0.21953125 0.684375 0.08828125 0.0609375
0 0.2109375 0.8140625 0.07734375 0.0625
0 0.209375 0.953125 0.09921875 0.0546875
0 0.6578125 0.7765625 0.08125 0.065625
0 0.66015625 0.73046875 0.08125 0.05078125
0 0.35 0.678125 0.084375 0.0609375
1 0.1828125 0.3 0.16171875 0.0296875
1 0.08203125 0.56015625 0.04375 0.05
1 0.515625 0.4 0.053125 0.13671875
1 0.5140625 0.559375 0.025 0.046875
1 0.51875 0.85859375 0.0375 0.13046875
1 0.57265625 0.934375 0.0703125 0.0203125
1 0.74296875 0.9328125 0.18125 0.0296875
1 0.35625 0.9296875 0.09296875 0.0234375
1 0.08046875 0.8484375 0.0359375 0.14140625
1 0.66640625 0.3015625 0.240625 0.0296875
2 0.70234375 0.49453125 0.36015625 0.38671875
2 0.7453125 0.84140625 0.2875 0.16796875
2 0.17421875 0.421875 0.18359375 0.2171875
2 0.35625 0.44140625 0.18046875 0.28125
2 0.35390625 0.7171875 0.1546875 0.13046875
2 0.7859375 0.72109375 0.1921875 0.06953125