2 0.496875 0.8203125 0.11796875 0.125
2 0.24140625 0.78359375 0.1125 0.1140625
2 0.88671875 0.65078125 0.14921875 0.14609375
2 0.24140625 0.88125 0.10703125 0.08828125
2 0.48046875 0.6453125 0.15546875 0.13984375
2 0.69609375 0.409375 0.121875 0.084375
2 0.4734375 0.73671875 0.06640625 0.046875
2 0.69609375 0.33046875 0.1203125 0.0796875
2 0.6484375 0.8328125 0.1140625 0.1984375
0 0.86171875 0.8109375 0.04609375 0.0375
0 0.65390625 0.38046875 0.0421875 0.03359375
0 0.38359375 0.8390625 0.04296875 0.0328125
0 0.2421875 0.71015625 0.0453125 0.04140625
2 0.90078125 0.80859375 0.1234375 0.16171875
0 0.52578125 0.77265625 0.03671875 0.03359375
0 0.3109375 0.81484375 0.0421875 0.034375
2 0.7390625 0.90625 0.0765625 0.05546875
1 0.75703125 0.36796875 0.025 0.06796875
0 0.55234375 0.3796875 0.0453125 0.03671875
1 0.43828125 0.4921875 0.075 0.025
2 0.45625 0.4 0.15625 0.06484375
0 0.425 0.7296875 0.03984375 0.0359375
0 0.31171875 0.8703125 0.0421875 0.03515625
0 0.71796875 0.8578125 0.0421875 0.0375
0 0.75234375 0.8640625 0.040625 0.0390625
2 0.43515625 0.3265625 0.11484375 0.0828125
2 0.30234375 0.6796875 0.1828125 0.10234375
2 0.5640625 0.4203125 0.065625 0.04453125
1 0.61875 0.66640625 0.0265625 0.071875
1 0.5953125 0.8875 0.02578125 0.0671875
0 0.59609375 0.38515625 0.0328125 0.03046875
0 0.8140625 0.90234375 0.03359375 0.03359375
1 0.18828125 0.80234375 0.025 0.06875
2 0.61796875 0.42109375 0.04140625 0.04609375
0 0.4234375 0.778125 0.03984375 0.0375
1 0.2125 0.66328125 0.028125 0.071875
2 0.3328125 0.8609375 0.0765625 0.1296875
2 0.709375 0.67578125 0.184375 0.096875
0 0.8125 0.8453125 0.03515625 0.03125
1 0.65078125 0.93046875 0.0734375 0.02421875
1 0.68984375 0.45078125 0.07109375 0.0171875
1 0.50546875 0.88515625 0.05703125 0.02109375
1 0.903125 0.8875 0.06328125 0.02265625
1 0.43671875 0.2859375 0.0734375 0.01953125
1 0.69921875 0.28828125 0.071875 0.01796875
1 0.8890625 0.578125 0.109375 0.0234375
1 0.6703125 0.62890625 0.078125 0.01875
2 0.78203125 0.8578125 0.03125 0.053125
2 0.53125 0.7375 0.05625 0.046875
0 0.83359375 0.9 0.028125 0.02734375
1 0.31328125 0.928125 0.034375 0.01953125
2 0.4703125 0.38984375 0.18671875 0.20703125
0 0.80390625 0.85234375 0.0484375 0.04765625
1 0.48828125 0.5734375 0.09921875 0.01953125