2 0.359375 0.325 0.12578125 0.26484375
2 0.49140625 0.3265625 0.14296875 0.26796875
2 0.66953125 0.32109375 0.22109375 0.26328125
2 0.3796875 0.69765625 0.1625 0.22734375
2 0.33515625 0.5234375 0.08125 0.12890625
2 0.84921875 0.31171875 0.13203125 0.25859375
2 0.1453125 0.30703125 0.128125 0.2421875
0 0.85703125 0.42265625 0.0421875 0.06328125
0 0.3921875 0.53046875 0.040625 0.05703125
2 0.25078125 0.25703125 0.08359375 0.14140625
0 0.39921875 0.4328125 0.04296875 0.0640625
0 0.85859375 0.62421875 0.0375 0.059375
0 0.49765625 0.66953125 0.0453125 0.0703125
0 0.8078125 0.71484375 0.0421875 0.06015625
0 0.6109375 0.4828125 0.0390625 0.0578125
0 0.44375 0.43125 0.0453125 0.0640625
0 0.6125 0.61015625 0.0421875 0.065625
2 0.85078125 0.70859375 0.11875 0.19375
0 0.2703125 0.83125 0.040625 0.05703125
0 0.06640625 0.3375 0.0375 0.06015625
0 0.24140625 0.15703125 0.04375 0.06640625
2 0.68671875 0.73359375 0.20859375 0.22109375
0 0.49921875 0.775 0.04609375 0.06796875
1 0.778125 0.353125 0.021875 0.07109375
0 0.42421875 0.61015625 0.04140625 0.06484375
0 0.7234375 0.54453125 0.0515625 0.0578125
0 0.8 0.2765625 0.0390625 0.0609375
1 0.88515625 0.8078125 0.03984375 0.0234375
1 0.67265625 0.8453125 0.0390625 0.025
0 0.578125 0.484375 0.0359375 0.05
2 0.8703125 0.53359375 0.07421875 0.13125
1 0.771875 0.86015625 0.021875 0.0140625
1 0.378125 0.1859375 0.06953125 0.03203125
2 0.66640625 0.52421875 0.0609375 0.13984375
1 0.91328125 0.54765625 0.01796875 0.06328125
1 0.69453125 0.184375 0.0578125 0.03125
1 0.484375 0.1875 0.06484375 0.02578125
2 0.54921875 0.55703125 0.17109375 0.16796875
1 0.70546875 0.8359375 0.0296875 0.03515625
1 0.8328125 0.86171875 0.02109375 0.01328125