0 0.60234375 0.2359375 0.053125 0.05546875
0 0.8734375 0.24140625 0.0578125 0.06328125
0 0.50078125 0.39296875 0.0609375 0.05859375
0 0.553125 0.440625 0.05625 0.04140625
0 0.40625 0.46328125 0.03125 0.04765625
0 0.5015625 0.459375 0.0515625 0.03671875
0 0.49921875 0.546875 0.0515625 0.05078125
0 0.503125 0.5890625 0.0625 0.04765625
0 0.50390625 0.7890625 0.0515625 0.05546875
0 0.5890625 0.66953125 0.05625 0.04375
0 0.5890625 0.55625 0.059375 0.04765625
0 0.76796875 0.596875 0.03984375 0.04921875
0 0.76171875 0.6375 0.04296875 0.04609375
0 0.86015625 0.74765625 0.03515625 0.04453125
1 0.425 0.69921875 0.0234375 0.1078125
1 0.59453125 0.76484375 0.06796875 0.0234375
1 0.45625 0.76484375 0.04296875 0.0203125
1 0.6890625 0.6953125 0.03515625 0.109375
1 0.684375 0.47421875 0.01796875 0.0328125
1 0.68515625 0.33046875 0.0234375 0.1125
1 0.77109375 0.25078125 0.1421875 0.03125
1 0.48359375 0.24765625 0.1109375 0.01875
1 0.42421875 0.32890625 0.01796875 0.1125
1 0.72578125 0.76484375 0.03828125 0.0234375
1 0.815625 0.76171875 0.03671875 0.0265625
2 0.47734375 0.33359375 0.11484375 0.1625
2 0.6015625 0.3703125 0.1140625 0.234375
2 0.590625 0.58359375 0.11953125 0.109375
2 0.79609375 0.40703125 0.21796875 0.303125
2 0.846875 0.59296875 0.12421875 0.05546875
2 0.81796875 0.68828125 0.15859375 0.1390625