2 0.7671875 0.76484375 0.2 0.18125
2 0.57265625 0.14609375 0.24296875 0.2
2 0.37890625 0.8328125 0.1640625 0.16640625
2 0.57890625 0.66640625 0.2 0.23359375
2 0.2 0.690625 0.165625 0.10078125
2 0.375 0.359375 0.1671875 0.11796875
2 0.24453125 0.18515625 0.1 0.1078125
2 0.61953125 0.85078125 0.10703125 0.1328125
2 0.51328125 0.35625 0.103125 0.13359375
2 0.07421875 0.6875 0.09140625 0.1
2 0.33984375 0.271875 0.0984375 0.06015625
2 0.784375 0.25234375 0.16171875 0.18359375
0 0.43046875 0.315625 0.05625 0.04375
2 0.3796875 0.69921875 0.1734375 0.1046875
2 0.375 0.125 0.16796875 0.15390625
0 0.60703125 0.44375 0.0578125 0.05234375
2 0.44140625 0.59296875 0.090625 0.0828125
0 0.43984375 0.76796875 0.05 0.03984375
0 0.60234375 0.38203125 0.06171875 0.04921875
0 0.1953125 0.61875 0.0609375 0.05234375
0 0.43203125 0.225 0.053125 0.04296875
0 0.24453125 0.25703125 0.0578125 0.05
0 0.58515625 0.80546875 0.0484375 0.0421875
0 0.37734375 0.615625 0.04453125 0.034375
0 0.403125 0.28046875 0.05390625 0.03984375
0 0.134375 0.6609375 0.05 0.0390625
0 0.371875 0.66328125 0.0453125 0.04140625
0 0.065625 0.25703125 0.0546875 0.046875
2 0.34453125 0.5984375 0.1015625 0.096875
1 0.38828125 0.4234375 0.0828125 0.028125
0 0.69296875 0.71796875 0.0546875 0.04609375
1 0.14921875 0.2421875 0.12265625 0.02421875
1 0.50703125 0.42734375 0.07421875 0.02421875
2 0.5171875 0.88671875 0.10234375 0.05
1 0.765625 0.36328125 0.0734375 0.0234375
0 0.715625 0.128125 0.0515625 0.0578125
2 0.10859375 0.1859375 0.17734375 0.10546875
1 0.59375 0.04140625 0.12421875 0.02578125
1 0.340625 0.55 0.05625 0.01328125
1 0.78203125 0.665625 0.10078125 0.02734375
1 0.37265625 0.040625 0.1015625 0.02421875
0 0.37578125 0.35703125 0.16953125 0.1234375
0 0.55 0.80234375 0.0296875 0.02890625
1 0.5859375 0.55 0.14296875 0.01953125
1 0.78046875 0.16171875 0.09296875 0.021875
2 0.775 0.3046875 0.20390625 0.10390625
1 0.9515625 0.21875 0.03203125 0.10234375
0 0.60546875 0.409375 0.06015625 0.10234375
1 0.025 0.45859375 0.02734375 0.08203125
0 0.37578125 0.63046875 0.0484375 0.07421875