2 0.64921875 0.62421875 0.11953125 0.290625
2 0.1171875 0.35625 0.14140625 0.25703125
2 0.63046875 0.353125 0.1515625 0.25390625
2 0.79921875 0.4375 0.065625 0.21484375
0 0.1734375 0.29375 0.03671875 0.06640625
0 0.43671875 0.22421875 0.0328125 0.13671875
2 0.2203125 0.35546875 0.06875 0.2609375
2 0.51953125 0.28359375 0.071875 0.12109375
0 0.3671875 0.79609375 0.0390625 0.0875
0 0.60625 0.51328125 0.03828125 0.0703125
0 0.40703125 0.6171875 0.0328125 0.0640625
0 0.471875 0.31328125 0.03125 0.05703125
2 0.3234375 0.340625 0.10390625 0.2375
0 0.4296875 0.50859375 0.0375 0.08046875
2 0.89609375 0.5484375 0.12265625 0.42421875
0 0.8109375 0.3078125 0.0328125 0.0671875
0 0.16796875 0.44921875 0.0375 0.07578125
2 0.5203125 0.41171875 0.0703125 0.140625
0 0.8078125 0.78359375 0.03515625 0.07109375
0 0.57265625 0.45078125 0.0359375 0.07578125
0 0.43515625 0.409375 0.0328125 0.06171875
1 0.70625 0.61953125 0.0203125 0.1390625
0 0.50078125 0.3171875 0.03125 0.06015625
1 0.128125 0.22421875 0.07109375 0.0359375
2 0.41953125 0.7046875 0.0609375 0.12734375
2 0.46484375 0.4109375 0.0375 0.14609375
1 0.515625 0.76484375 0.071875 0.04140625
1 0.10546875 0.7828125 0.03125 0.0703125
2 0.7984375 0.65 0.0671875 0.2203125
1 0.70546875 0.39765625 0.01640625 0.0640625
0 0.36640625 0.678125 0.04453125 0.0796875
1 0.046875 0.5453125 0.01953125 0.0640625
1 0.17265625 0.78125 0.02734375 0.06640625
1 0.515625 0.2203125 0.04921875 0.03046875
1 0.2140625 0.21953125 0.0296875 0.03046875
1 0.62578125 0.21875 0.0625 0.0328125
1 0.3125 0.2234375 0.0671875 0.0328125
2 0.465625 0.515625 0.03515625 0.0640625
1 0.95390625 0.66640625 0.0171875 0.10703125
1 0.40859375 0.2203125 0.02578125 0.03203125
1 0.76640625 0.66328125 0.01640625 0.10859375
1 0.25546875 0.7671875 0.0734375 0.04140625
2 0.771875 0.11875 0.0625 0.18671875
2 0.521875 0.89765625 0.140625 0.2046875
1 0.140625 0.80625 0.05546875 0.05546875
1 0.4109375 0.9390625 0.05546875 0.0265625
1 0.41015625 0.7671875 0.02578125 0.03359375
1 0.6140625 0.7625 0.02578125 0.0359375
2 0.37578125 0.85703125 0.1359375 0.18046875
1 0.9546875 0.54765625 0.0171875 0.11796875
1 0.0875 0.76796875 0.02890625 0.04140625
1 0.9546875 0.42890625 0.01640625 0.08984375
2 0.35546875 0.69921875 0.0765625 0.125
2 0.321875 0.6203125 0.53828125 0.284375