2 0.3 0.284375 0.16484375 0.134375
0 0.72265625 0.75234375 0.10859375 0.14375
0 0.24453125 0.16015625 0.05703125 0.0953125
2 0.6046875 0.26328125 0.31796875 0.184375
0 0.62421875 0.15546875 0.0609375 0.10546875
0 0.24609375 0.3328125 0.05703125 0.05390625
2 0.290625 0.5484375 0.19140625 0.13515625
0 0.1828125 0.334375 0.0515625 0.03984375
2 0.14140625 0.46875 0.14296875 0.12109375
2 0.140625 0.26640625 0.146875 0.20546875
2 0.52734375 0.42109375 0.13828125 0.14375
0 0.15546875 0.51015625 0.04609375 0.04765625
0 0.22421875 0.81640625 0.4484375 0.36640625
0 0.2265625 0.4328125 0.0546875 0.04453125
2 0.12578125 0.5703125 0.11328125 0.07265625
2 0.72578125 0.6640625 0.06015625 0.04921875
2 0.7203125 0.575 0.1 0.0765625
1 0.53125 0.15625 0.12890625 0.028125
0 0.7 0.52109375 0.04765625 0.04453125
0 0.62265625 0.51171875 0.06796875 0.0546875
2 0.63203125 0.559375 0.06328125 0.05546875
1 0.1359375 0.6109375 0.04921875 0.025
2 0.63515625 0.63125 0.05546875 0.053125
0 0.52890625 0.546875 0.14296875 0.125
1 0.70546875 0.1578125 0.10234375 0.02578125
0 0.63203125 0.56015625 0.06640625 0.05546875
2 0.16875 0.02734375 0.19921875 0.05390625
2 0.10078125 0.496875 0.0546875 0.0625
0 0.634375 0.62890625 0.05703125 0.04921875