2 0.61171875 0.715625 0.2484375 0.2015625
2 0.68984375 0.31953125 0.3890625 0.153125
2 0.803125 0.7671875 0.13984375 0.09296875
2 0.80234375 0.44375 0.15390625 0.09296875
2 0.803125 0.57109375 0.153125 0.16953125
0 0.15703125 0.71796875 0.090625 0.0734375
2 0.80703125 0.6875 0.1375 0.075
0 0.6890625 0.640625 0.08125 0.06328125
0 0.1484375 0.6296875 0.065625 0.0546875
0 0.803125 0.378125 0.07421875 0.0546875
2 0.56796875 0.5515625 0.15625 0.13046875
1 0.3140625 0.81328125 0.11953125 0.034375
2 0.11171875 0.54453125 0.153125 0.1328125
0 0.7703125 0.70234375 0.06640625 0.05390625
0 0.23984375 0.20078125 0.084375 0.07578125
1 0.11328125 0.23046875 0.12578125 0.025
0 0.6890625 0.459375 0.0859375 0.071875
1 0.78984375 0.23671875 0.10859375 0.02421875
2 0.3265625 0.88984375 0.1875 0.1421875
0 0.15 0.840625 0.08046875 0.078125
1 0.32734375 0.23046875 0.10703125 0.025
2 0.228125 0.4140625 0.38984375 0.31640625
1 0.76875 0.81640625 0.04765625 0.01953125
1 0.53984375 0.2375 0.0640625 0.02265625
2 0.2296875 0.14375 0.384375 0.17734375
2 0.30234375 0.67578125 0.22109375 0.26875
2 0.2234375 0.32265625 0.4171875 0.16171875