2 0.48828125 0.240625 0.2296875 0.3328125
0 0.6875 0.35703125 0.08125 0.10078125
0 0.29375 0.440625 0.075 0.09296875
0 0.29296875 0.68984375 0.07734375 0.08984375
2 0.10703125 0.6375 0.0828125 0.10078125
0 0.32734375 0.8828125 0.08125 0.10078125
0 0.4984375 0.440625 0.08046875 0.10390625
2 0.690625 0.22421875 0.178125 0.1546875
0 0.18671875 0.62421875 0.06875 0.0890625
2 0.21015625 0.2375 0.3078125 0.3171875
1 0.47734375 0.0609375 0.12578125 0.05703125
2 0.16171875 0.5515625 0.18203125 0.07421875
1 0.91015625 0.1703125 0.0453125 0.15625
2 0.15859375 0.4875 0.19375 0.175
0 0.78359375 0.49765625 0.06953125 0.08984375
1 0.73671875 0.49609375 0.0328125 0.1046875
1 0.8296875 0.06640625 0.12265625 0.05859375
2 0.14140625 0.82109375 0.16015625 0.20859375