2 0.125 0.275 0.18125 0.20625
2 0.56875 0.27890625 0.09609375 0.21796875
2 0.290625 0.32578125 0.1578125 0.3140625
2 0.44375 0.278125 0.15234375 0.21796875
2 0.88125 0.68359375 0.16171875 0.2859375
2 0.29140625 0.65859375 0.15625 0.34140625
2 0.70703125 0.34609375 0.18515625 0.36796875
2 0.87890625 0.25 0.16171875 0.175
0 0.81640625 0.2078125 0.04765625 0.08359375
0 0.903125 0.12890625 0.0484375 0.08828125
0 0.3953125 0.3453125 0.05390625 0.0890625
0 0.58203125 0.41171875 0.04453125 0.07734375
2 0.41875 0.5921875 0.10546875 0.165625
0 0.89296875 0.55703125 0.0421875 0.0765625
0 0.15234375 0.4109375 0.0484375 0.08515625
2 0.83515625 0.38359375 0.071875 0.090625
0 0.89140625 0.36875 0.0421875 0.07578125
0 0.4109375 0.85625 0.0515625 0.09453125
0 0.35078125 0.43515625 0.0515625 0.08515625
0 0.35 0.63671875 0.04765625 0.07734375
0 0.0265625 0.26328125 0.04140625 0.0796875
0 0.4953125 0.58203125 0.05859375 0.10234375
2 0.91484375 0.43125 0.08671875 0.190625
0 0.8859375 0.459375 0.040625 0.0671875
1 0.53125 0.82421875 0.07109375 0.03515625
1 0.87265625 0.82265625 0.06640625 0.0328125
1 0.303125 0.8265625 0.065625 0.03515625
0 0.40859375 0.71875 0.05390625 0.0953125
2 0.8359375 0.4828125 0.0703125 0.11875
1 0.44375 0.16640625 0.06328125 0.03359375
1 0.5625 0.16875 0.05390625 0.0359375
1 0.62890625 0.85234375 0.04609375 0.075
1 0.1296875 0.16875 0.0625 0.03046875
1 0.71484375 0.1640625 0.10703125 0.0359375
1 0.7453125 0.8484375 0.03671875 0.06953125
1 0.2953125 0.16875 0.06953125 0.03359375
1 0.68828125 0.871875 0.09765625 0.04453125
1 0.8375 0.16171875 0.0796875 0.03671875
2 0.12578125 0.60703125 0.184375 0.465625
0 0.4109375 0.78671875 0.05 0.228125