0 0.2375 0.1046875 0.06484375 0.08046875
1 0.453125 0.04609375 0.05625 0.03671875
1 0.35703125 0.40859375 0.12890625 0.02421875
1 0.25703125 0.26171875 0.01875 0.2328125
1 0.54296875 0.40859375 0.05703125 0.04609375
1 0.8171875 0.4109375 0.13359375 0.03359375
1 0.90078125 0.35703125 0.01328125 0.05234375
1 0.9046875 0.18671875 0.028125 0.1484375
1 0.25546875 0.615625 0.0265625 0.06796875
1 0.25859375 0.734375 0.021875 0.15234375
1 0.35546875 0.8375 0.1375 0.028125
0 0.52578125 0.8703125 0.05078125 0.08359375
1 0.78828125 0.8328125 0.0703125 0.03828125
1 0.9015625 0.56953125 0.015625 0.07734375
1 0.90546875 0.76171875 0.01796875 0.1484375
0 0.23828125 0.5375 0.06484375 0.0796875
0 0.4390625 0.7125 0.06953125 0.08046875
0 0.48984375 0.6359375 0.0515625 0.06171875
0 0.52421875 0.7203125 0.046875 0.065625
0 0.63046875 0.721875 0.05078125 0.06875
0 0.64140625 0.57265625 0.05390625 0.08046875
0 0.68671875 0.7125 0.05390625 0.078125
0 0.7765625 0.578125 0.046875 0.06875
0 0.85625 0.86875 0.06484375 0.09609375
0 0.7453125 0.28203125 0.0609375 0.0796875
0 0.69765625 0.28359375 0.0578125 0.0734375
2 0.45234375 0.2296875 0.3890625 0.34921875
2 0.8140625 0.190625 0.165625 0.25703125
2 0.68984375 0.15546875 0.07890625 0.1765625
2 0.4015625 0.57890625 0.29609375 0.18359375
2 0.684375 0.57890625 0.1296875 0.18984375
0 0.53828125 0.78515625 0.13984375 0.0765625
2 0.85 0.55 0.0984375 0.14375
2 0.58515625 0.57890625 0.07109375 0.18984375