2 0.2296875 0.25078125 0.303125 0.253125
0 0.7046875 0.3984375 0.0671875 0.07265625
1 0.75390625 0.51484375 0.040625 0.09453125
1 0.08828125 0.29296875 0.03984375 0.11640625
2 0.278125 0.39765625 0.0515625 0.046875
0 0.3421875 0.33515625 0.07421875 0.078125
2 0.23671875 0.58125 0.2859375 0.165625
0 0.21015625 0.52890625 0.05859375 0.06640625
0 0.4359375 0.71484375 0.05390625 0.090625
1 0.33671875 0.684375 0.05390625 0.03515625
2 0.41015625 0.18125 0.05390625 0.11015625
0 0.43671875 0.54140625 0.04765625 0.06796875
2 0.27578125 0.453125 0.05390625 0.10703125
2 0.16640625 0.425 0.15078125 0.0859375
0 0.3625 0.49453125 0.05078125 0.065625