2 0.66640625 0.27578125 0.2828125 0.175
2 0.29921875 0.48984375 0.2390625 0.159375
2 0.4703125 0.5328125 0.11015625 0.071875
0 0.5671875 0.33984375 0.09765625 0.0515625
0 0.46484375 0.16640625 0.0859375 0.05
0 0.6671875 0.45546875 0.07734375 0.0421875
0 0.6703125 0.41328125 0.08046875 0.03984375
0 0.57734375 0.52265625 0.09296875 0.053125
2 0.0859375 0.48125 0.1703125 0.171875
1 0.32578125 0.56953125 0.11796875 0.0234375
2 0.8515625 0.56328125 0.0828125 0.03984375
0 0.67109375 0.52421875 0.07578125 0.040625
0 0.4921875 0.484375 0.07265625 0.03515625
2 0.35234375 0.290625 0.35078125 0.209375
2 0.8515625 0.49140625 0.10078125 0.10859375
0 0.45 0.43984375 0.07578125 0.040625
2 0.71875 0.49140625 0.16953125 0.115625
1 0.04140625 0.5703125 0.0828125 0.0234375
2 0.859375 0.6125 0.10078125 0.06171875
0 0.5734375 0.58828125 0.08359375 0.0515625
0 0.5828125 0.80546875 0.08203125 0.04609375
2 0.8578125 0.3953125 0.11171875 0.07890625
1 0.6515625 0.1859375 0.12109375 0.01953125
2 0.7046875 0.834375 0.18125 0.12109375
1 0.06015625 0.18671875 0.11875 0.02421875
1 0.4796875 0.56875 0.0625 0.01875
0 0.59140625 0.19140625 0.0359375 0.02421875
0 0.44765625 0.47890625 0.07265625 0.03828125
2 0.71640625 0.4 0.1671875 0.07109375