2 0.36171875 0.4609375 0.0546875 0.13359375
2 0.81015625 0.571875 0.0890625 0.1078125
2 0.728125 0.56875 0.07265625 0.1046875
2 0.94375 0.40390625 0.0796875 0.16640625
2 0.16875 0.65 0.18671875 0.2609375
2 0.3890625 0.70390625 0.10625 0.1515625
0 0.67734375 0.54453125 0.03203125 0.06171875
2 0.1671875 0.3921875 0.19375 0.27109375
2 0.6109375 0.41953125 0.09296875 0.1921875
0 0.32265625 0.48359375 0.0328125 0.065625
2 0.46875 0.709375 0.04375 0.1578125
0 0.865625 0.56171875 0.03046875 0.0546875
0 0.865625 0.67578125 0.03046875 0.06015625
0 0.646875 0.45078125 0.03046875 0.05390625
0 0.64765625 0.36171875 0.028125 0.05546875
2 0.45390625 0.390625 0.06640625 0.23125
0 0.4640625 0.60859375 0.03046875 0.059375
0 0.746875 0.23125 0.02578125 0.05546875
0 0.8203125 0.49375 0.03046875 0.059375
0 0.3515625 0.60078125 0.034375 0.06640625
0 0.2875 0.6828125 0.03515625 0.0703125
0 0.24921875 0.23359375 0.03359375 0.0703125
2 0.05 0.5171875 0.06796875 0.18515625
0 0.871875 0.49375 0.03046875 0.05859375
2 0.8640625 0.36640625 0.0703125 0.08125
2 0.94609375 0.67578125 0.07890625 0.2203125
0 0.28984375 0.80859375 0.03203125 0.06015625
2 0.684375 0.36640625 0.053125 0.07265625
0 0.4 0.48046875 0.0296875 0.0578125
2 0.36796875 0.32890625 0.06328125 0.1375
0 0.90234375 0.43828125 0.03046875 0.05859375
0 0.4046875 0.5421875 0.034375 0.07734375
0 0.9 0.3625 0.025 0.05546875
2 0.68671875 0.2921875 0.05703125 0.08046875
1 0.03828125 0.61875 0.04296875 0.03984375
1 0.015625 0.48828125 0.0171875 0.0859375
0 0.4140625 0.35078125 0.02734375 0.06015625
2 0.2984375 0.71953125 0.07421875 0.1296875
1 0.0859375 0.38984375 0.01875 0.08515625
2 0.30234375 0.3875 0.07265625 0.2640625
0 0.76328125 0.334375 0.01953125 0.040625
2 0.8640625 0.29140625 0.06171875 0.078125
2 0.51796875 0.50078125 0.05234375 0.19921875
2 0.63046875 0.628125 0.1328125 0.17578125
1 0.0375 0.42265625 0.0359375 0.03359375
0 0.503125 0.59375 0.02734375 0.05859375
1 0.14140625 0.78359375 0.04609375 0.03515625
1 0.1328125 0.26484375 0.03828125 0.03984375
1 0.16484375 0.26328125 0.04296875 0.03984375
2 0.3 0.58125 0.07421875 0.128125