2 0.80546875 0.33359375 0.1875 0.225
2 0.80703125 0.6859375 0.18046875 0.18125
2 0.61796875 0.36875 0.1859375 0.2890625
2 0.30546875 0.7328125 0.0796875 0.0734375
2 0.2625 0.38359375 0.3640625 0.31484375
2 0.39765625 0.73984375 0.10234375 0.08671875
2 0.18125 0.67578125 0.1625 0.19765625
2 0.39765625 0.6453125 0.10703125 0.103125
2 0.4 0.8609375 0.10078125 0.1359375
2 0.6203125 0.590625 0.17890625 0.1171875
0 0.76953125 0.81875 0.05703125 0.0703125
2 0.6765625 0.734375 0.06640625 0.07890625
0 0.734375 0.56484375 0.05546875 0.05390625
0 0.73359375 0.7234375 0.0515625 0.05
0 0.746875 0.446875 0.06171875 0.07421875
0 0.74296875 0.62421875 0.05859375 0.06484375
2 0.3078125 0.659375 0.08828125 0.071875
2 0.5828125 0.71640625 0.11640625 0.115625
2 0.39296875 0.56015625 0.10234375 0.065625
2 0.3953125 0.50234375 0.09296875 0.06015625
1 0.340625 0.21171875 0.05859375 0.025
0 0.37109375 0.675 0.04453125 0.04765625
0 0.68125 0.5015625 0.0609375 0.06484375
2 0.67578125 0.6765625 0.07109375 0.0484375
0 0.2859375 0.178125 0.053125 0.0625
0 0.61640625 0.634375 0.04375 0.0453125
1 0.82734375 0.78515625 0.06328125 0.02890625
2 0.3203125 0.88984375 0.06484375 0.0609375
0 0.3203125 0.89140625 0.06328125 0.0640625
2 0.26796875 0.11953125 0.3609375 0.1578125
1 0.76875 0.2140625 0.08671875 0.02109375
1 0.89921875 0.35234375 0.02578125 0.11484375
2 0.809375 0.86640625 0.18125 0.14140625
1 0.6390625 0.2125 0.10234375 0.02265625