2 0.61484375 0.43203125 0.17265625 0.2203125
2 0.65703125 0.7734375 0.2640625 0.20234375
2 0.8015625 0.4171875 0.20703125 0.19453125
0 0.71796875 0.696875 0.053125 0.06640625
2 0.37109375 0.7625 0.19453125 0.19921875
0 0.76484375 0.56875 0.06171875 0.06484375
2 0.84140625 0.81953125 0.1046875 0.11875
0 0.7703125 0.63828125 0.0625 0.05859375
0 0.31328125 0.31875 0.06171875 0.121875
0 0.66484375 0.515625 0.0609375 0.06640625
2 0.28515625 0.43359375 0.36640625 0.21796875
0 0.81484375 0.74140625 0.04765625 0.0515625
0 0.2359375 0.77265625 0.065625 0.06875
0 0.73984375 0.32109375 0.059375 0.11875
0 0.17421875 0.75 0.053125 0.0578125
2 0.14921875 0.82421875 0.0984375 0.10546875
1 0.821875 0.32421875 0.08828125 0.0375
1 0.6078125 0.32265625 0.08984375 0.034375
1 0.7203125 0.87421875 0.06171875 0.028125
0 0.23515625 0.90390625 0.06015625 0.07109375
2 0.84453125 0.60390625 0.10390625 0.21953125
1 0.64453125 0.87265625 0.09375 0.0296875
0 0.73828125 0.3484375 0.053125 0.05859375
1 0.39921875 0.32421875 0.1078125 0.03984375
2 0.196875 0.71796875 0.16953125 0.109375
0 0.31171875 0.34765625 0.05625 0.06015625
1 0.375 0.8765625 0.11328125 0.0296875
1 0.184375 0.3234375 0.12890625 0.03671875
0 0.24765625 0.640625 0.0390625 0.03984375
2 0.3484375 0.60546875 0.2609375 0.12578125