2 0.5859375 0.6328125 0.18125 0.20859375
2 0.28984375 0.75390625 0.1328125 0.20859375
2 0.8234375 0.60859375 0.10703125 0.121875
2 0.48203125 0.85 0.09140625 0.1125
0 0.73515625 0.70078125 0.04765625 0.053125
2 0.82265625 0.73359375 0.10234375 0.13203125
2 0.3484375 0.1890625 0.1828125 0.1609375
2 0.23125 0.14609375 0.05625 0.075
2 0.23203125 0.22578125 0.05625 0.08359375
0 0.69921875 0.5921875 0.04921875 0.0859375
0 0.51796875 0.7625 0.0484375 0.05234375
0 0.79140625 0.68671875 0.04375 0.03984375
0 0.4671875 0.59453125 0.046875 0.09296875
0 0.6890625 0.67890625 0.04375 0.04609375
0 0.27265625 0.14765625 0.0359375 0.03671875
0 0.3375 0.7328125 0.04765625 0.046875
0 0.27421875 0.2421875 0.03984375 0.03828125
0 0.4015625 0.87890625 0.0515625 0.059375
0 0.403125 0.815625 0.053125 0.0546875
0 0.475 0.77734375 0.0375 0.03671875
0 0.846875 0.78203125 0.03828125 0.04140625
2 0.16171875 0.50078125 0.1390625 0.1140625
0 0.7546875 0.5703125 0.03515625 0.03828125
0 0.371875 0.86796875 0.028125 0.034375
1 0.740625 0.9078125 0.059375 0.01953125
1 0.13125 0.10546875 0.0578125 0.02421875
2 0.7375 0.76171875 0.0671875 0.078125
0 0.1796875 0.125 0.04140625 0.0453125
2 0.72109375 0.6578125 0.103125 0.13359375
0 0.17890625 0.09140625 0.04375 0.0640625
1 0.43515625 0.3109375 0.0265625 0.090625
1 0.875 0.7296875 0.0234375 0.0640625
0 0.37109375 0.80390625 0.03046875 0.03203125
1 0.2359375 0.10546875 0.03984375 0.015625
1 0.69375 0.90859375 0.046875 0.02109375
1 0.4375 0.1546875 0.02265625 0.0703125
0 0.51640625 0.6234375 0.046875 0.04921875
1 0.4921875 0.9078125 0.05859375 0.02109375
0 0.290625 0.75078125 0.1265625 0.20859375
0 0.7375 0.73828125 0.0609375 0.121875
2 0.8171875 0.34140625 0.19765625 0.31015625