2 0.14140625 0.17578125 0.21640625 0.3109375
2 0.56484375 0.225 0.4625 0.396875
2 0.62265625 0.578125 0.33984375 0.1984375
2 0.2921875 0.58359375 0.15078125 0.19375
2 0.2859375 0.13203125 0.0984375 0.2203125
2 0.40859375 0.57890625 0.08671875 0.203125
2 0.08984375 0.5703125 0.11328125 0.16328125
2 0.65078125 0.77578125 0.2609375 0.190625
1 0.028125 0.36875 0.0234375 0.07109375
1 0.02890625 0.1828125 0.02578125 0.1828125
1 0.121875 0.43203125 0.15 0.02578125
1 0.4890625 0.43046875 0.05234375 0.0234375
1 0.67578125 0.4390625 0.1546875 0.03359375
1 0.7953125 0.2734375 0.0234375 0.24609375
1 0.79375 0.725 0.02109375 0.25234375
1 0.02890625 0.578125 0.02421875 0.096875
1 0.02265625 0.7875 0.0171875 0.14609375
1 0.1578125 0.88515625 0.0703125 0.025
1 0.48984375 0.890625 0.046875 0.03515625
2 0.078125 0.7828125 0.103125 0.1765625
0 0.08515625 0.928125 0.0703125 0.0828125
0 0.1671875 0.734375 0.065625 0.0890625
0 0.178125 0.58515625 0.0515625 0.0890625
0 0.33984375 0.58671875 0.06640625 0.0921875
0 0.32578125 0.72109375 0.0640625 0.0859375
0 0.4453125 0.75078125 0.06640625 0.06015625
0 0.4890625 0.64453125 0.06640625 0.090625
0 0.54765625 0.7265625 0.05625 0.0953125
0 0.81875 0.546875 0.06875 0.0796875
0 0.821875 0.09375 0.04921875 0.08125
0 0.2140625 0.28203125 0.08515625 0.0796875
0 0.275 0.275 0.065625 0.0859375