2 0.2328125 0.70703125 0.1015625 0.1234375
2 0.9015625 0.546875 0.1390625 0.375
2 0.15859375 0.49921875 0.25859375 0.284375
2 0.91640625 0.90390625 0.1640625 0.1921875
2 0.72578125 0.21015625 0.2234375 0.29375
2 0.67578125 0.8921875 0.32109375 0.215625
0 0.54296875 0.95390625 0.06640625 0.0921875
0 0.25546875 0.5953125 0.07109375 0.0953125
0 0.46640625 0.9359375 0.05 0.0796875
0 0.30625 0.89609375 0.059375 0.08984375
0 0.30625 0.68515625 0.05703125 0.07734375
2 0.09921875 0.7078125 0.1453125 0.12421875
0 0.86640625 0.4453125 0.0640625 0.08515625
0 0.64765625 0.3078125 0.06171875 0.0953125
0 0.1015625 0.61171875 0.0578125 0.078125
0 0.80859375 0.4453125 0.06484375 0.0875
2 0.16875 0.86171875 0.23984375 0.178125
0 0.3625 0.9046875 0.0625 0.1015625
2 0.153125 0.20625 0.2515625 0.28984375
1 0.83671875 0.19921875 0.028125 0.12109375
0 0.25625 0.3015625 0.06328125 0.08984375
1 0.3640625 0.04921875 0.11171875 0.04296875
1 0.83359375 0.57890625 0.03203125 0.1796875
1 0.025 0.471875 0.03203125 0.15
1 0.52109375 0.04765625 0.1046875 0.0375
2 0.45703125 0.825 0.1109375 0.16484375
2 0.5375 0.184375 0.10859375 0.246875
0 0.17734375 0.03984375 0.0375 0.065625
2 0.4703125 0.1359375 0.0484375 0.1453125
1 0.0265625 0.26015625 0.02890625 0.14140625
1 0.834375 0.8890625 0.028125 0.12421875