2 0.82421875 0.3 0.06796875 0.13125
2 0.69453125 0.69765625 0.1296875 0.13359375
2 0.24921875 0.4921875 0.17578125 0.15390625
2 0.3046875 0.71640625 0.0625 0.0859375
0 0.7015625 0.49375 0.04609375 0.06171875
0 0.7734375 0.41328125 0.05 0.05625
2 0.81796875 0.41796875 0.06640625 0.109375
0 0.315625 0.64609375 0.04765625 0.059375
0 0.371875 0.7921875 0.0515625 0.0734375
0 0.31640625 0.35390625 0.04765625 0.0578125
0 0.31640625 0.47890625 0.04765625 0.05625
0 0.6515625 0.49609375 0.05234375 0.06328125
0 0.65234375 0.43828125 0.0546875 0.06171875
2 0.25 0.30859375 0.17265625 0.14765625
2 0.80390625 0.68203125 0.09453125 0.1171875
0 0.878125 0.29921875 0.0296875 0.05390625
0 0.3515625 0.7015625 0.04375 0.05078125
1 0.80859375 0.76640625 0.05859375 0.0296875
0 0.39375 0.20625 0.04453125 0.0671875
1 0.334375 0.53671875 0.015625 0.06796875
0 0.7 0.603125 0.04453125 0.0640625
1 0.66015625 0.76875 0.03515625 0.0296875
1 0.7140625 0.228125 0.0671875 0.02734375
1 0.259375 0.22734375 0.06171875 0.02265625
1 0.546875 0.76796875 0.0453125 0.028125
1 0.50625 0.7671875 0.0515625 0.028125
1 0.2265625 0.76796875 0.07421875 0.02578125
2 0.21328125 0.4046875 0.0875 0.04140625
1 0.159375 0.503125 0.0234375 0.08515625
0 0.73828125 0.65859375 0.0453125 0.05703125
2 0.24140625 0.6546875 0.16484375 0.18203125
2 0.709375 0.35 0.1640625 0.23046875