2 0.790625 0.21875 0.2359375 0.2078125
2 0.63359375 0.22265625 0.08203125 0.21640625
2 0.484375 0.4703125 0.115625 0.13828125
2 0.828125 0.57421875 0.165625 0.228125
2 0.6703125 0.57578125 0.1546875 0.22578125
0 0.18125 0.11171875 0.040625 0.1171875
0 0.40234375 0.71015625 0.04453125 0.07734375
2 0.17421875 0.22578125 0.32578125 0.22421875
0 0.7234375 0.1140625 0.04453125 0.11875
2 0.8296875 0.421875 0.06015625 0.07578125
2 0.4859375 0.61015625 0.11328125 0.14375
2 0.88359375 0.3953125 0.05078125 0.13203125
2 0.05234375 0.3734375 0.0671875 0.0875
0 0.70546875 0.43828125 0.04375 0.0640625
0 0.7046875 0.35234375 0.0421875 0.0625
2 0.3203125 0.365625 0.040625 0.07421875
0 0.76640625 0.484375 0.03671875 0.0578125
0 0.14609375 0.4390625 0.04296875 0.059375
0 0.78828125 0.4078125 0.034375 0.0453125
0 0.41328125 0.4703125 0.0421875 0.0515625
2 0.0671875 0.63046875 0.0890625 0.1140625
0 0.6859375 0.2265625 0.040625 0.0515625
0 0.87421875 0.47734375 0.03046875 0.0453125
0 0.096875 0.38359375 0.034375 0.04375
0 0.39921875 0.3765625 0.0421875 0.05859375
2 0.096875 0.49453125 0.15625 0.1578125
0 0.0875 0.553125 0.0375 0.0515625
1 0.484375 0.68359375 0.0578125 0.02890625
0 0.39921875 0.2859375 0.040625 0.05859375
0 0.3625 0.42890625 0.0375 0.0609375
0 0.0984375 0.59921875 0.0296875 0.0390625
1 0.065625 0.68984375 0.04296875 0.02734375
1 0.53984375 0.603125 0.01796875 0.0640625
1 0.2421875 0.1109375 0.06953125 0.02734375
1 0.1234375 0.1125 0.0671875 0.02890625
2 0.4765625 0.35234375 0.12421875 0.090625
1 0.540625 0.46328125 0.01796875 0.0625
1 0.34296875 0.221875 0.02109375 0.0875
1 0.79921875 0.6859375 0.0640625 0.03125
0 0.3203125 0.4171875 0.0296875 0.0453125
1 0.01953125 0.515625 0.01953125 0.059375
1 0.78046875 0.11171875 0.06875 0.025
1 0.1453125 0.6875 0.040625 0.0265625
2 0.14375 0.5953125 0.07265625 0.046875
1 0.34609375 0.73203125 0.01640625 0.05703125
2 0.14375 0.634375 0.0734375 0.10546875
1 0.54453125 0.72890625 0.0171875 0.0796875
2 0.3859375 0.5390625 0.08203125 0.26640625
1 0.49453125 0.3046875 0.028125 0.02421875
2 0.45859375 0.14296875 0.21640625 0.28046875
1 0.2609375 0.77109375 0.11640625 0.03359375
0 0.0953125 0.58046875 0.03515625 0.05859375
1 0.06171875 0.1140625 0.07109375 0.02578125
2 0.2640625 0.58046875 0.165625 0.37421875
1 0.39296875 0.79453125 0.0578125 0.03828125
2 0.1953125 0.6265625 0.02578125 0.08984375
1 0.85859375 0.6859375 0.071875 0.03203125
1 0.2328125 0.771875 0.0546875 0.0265625