2 0.13046875 0.31875 0.190625 0.23671875
2 0.34921875 0.3453125 0.2390625 0.2859375
2 0.53203125 0.334375 0.13046875 0.284375
2 0.64140625 0.29375 0.08203125 0.20546875
2 0.68125 0.67109375 0.13984375 0.35546875
2 0.515625 0.7203125 0.16875 0.2578125
2 0.240625 0.72734375 0.13359375 0.23984375
2 0.10078125 0.56640625 0.13046875 0.25625
0 0.19765625 0.46875 0.04453125 0.08125
0 0.0515625 0.67109375 0.03984375 0.0578125
0 0.19140625 0.6359375 0.0375 0.0734375
0 0.1828125 0.8203125 0.03359375 0.05390625
0 0.39765625 0.84609375 0.0546875 0.08203125
0 0.4015625 0.67109375 0.04453125 0.07109375
0 0.45234375 0.628125 0.03671875 0.0765625
0 0.77421875 0.4578125 0.0375 0.071875
0 0.81015625 0.4671875 0.03984375 0.06875
2 0.88125 0.35078125 0.11640625 0.30625
0 0.52109375 0.178125 0.04453125 0.071875
0 0.590625 0.23671875 0.0421875 0.05859375
0 0.6703125 0.253125 0.03125 0.06484375
1 0.34140625 0.20234375 0.15 0.01953125
1 0.12421875 0.20390625 0.08359375 0.0265625
1 0.03515625 0.553125 0.0125 0.11875
1 0.2359375 0.85546875 0.06875 0.0234375
1 0.51171875 0.8578125 0.0890625 0.025
1 0.68359375 0.85390625 0.10234375 0.01953125
0 0.35625 0.67890625 0.0265625 0.05546875
2 0.3375 0.7625 0.053125 0.11953125