2 0.25078125 0.203125 0.11171875 0.10625
2 0.7890625 0.46171875 0.11015625 0.109375
2 0.64765625 0.85625 0.13203125 0.1
2 0.51796875 0.3609375 0.084375 0.1015625
2 0.28359375 0.7078125 0.13359375 0.0640625
2 0.62734375 0.7109375 0.09296875 0.1125
2 0.421875 0.35703125 0.11796875 0.1046875
2 0.44609375 0.1359375 0.1390625 0.090625
2 0.21796875 0.50078125 0.1421875 0.0984375
2 0.20078125 0.35 0.10390625 0.11875
2 0.709375 0.48359375 0.05 0.05859375
2 0.22265625 0.27421875 0.05703125 0.03515625
2 0.709375 0.43125 0.0515625 0.0515625
2 0.76875 0.35546875 0.140625 0.10234375
0 0.75078125 0.74765625 0.03203125 0.0328125
2 0.3265625 0.4796875 0.078125 0.05859375
0 0.75078125 0.41875 0.03125 0.03203125
2 0.2765625 0.28046875 0.05546875 0.05390625
2 0.34453125 0.13359375 0.07578125 0.090625
0 0.29140625 0.240625 0.034375 0.0296875
0 0.2421875 0.39140625 0.03359375 0.0296875
0 0.27265625 0.465625 0.03046875 0.0296875
2 0.75390625 0.80390625 0.09453125 0.1296875
0 0.17890625 0.39765625 0.0296875 0.02578125
0 0.6921875 0.79453125 0.03203125 0.03046875
0 0.70234375 0.39296875 0.034375 0.03046875
2 0.17734375 0.43046875 0.05 0.04609375
0 0.78984375 0.76015625 0.03046875 0.02578125
2 0.2296875 0.4296875 0.05546875 0.0484375
1 0.58125 0.7203125 0.01796875 0.05
0 0.60546875 0.753125 0.03359375 0.0296875
0 0.22109375 0.24609375 0.02734375 0.02421875
0 0.34296875 0.1671875 0.03125 0.03125
1 0.84140625 0.4640625 0.0171875 0.04765625
0 0.35703125 0.7203125 0.034375 0.03046875
2 0.7046875 0.71875 0.0515625 0.03828125
2 0.6421875 0.40859375 0.08125 0.08515625
1 0.1515625 0.35546875 0.0203125 0.05234375
2 0.28671875 0.88125 0.08515625 0.05625
2 0.83046875 0.7625 0.053125 0.05859375
1 0.1984375 0.20859375 0.01796875 0.05
2 0.76796875 0.7046875 0.06953125 0.06171875
1 0.4828125 0.08828125 0.0421875 0.0140625
2 0.63984375 0.48203125 0.0703125 0.05546875
2 0.43671875 0.44140625 0.078125 0.0671875
0 0.43359375 0.190625 0.04453125 0.028125
1 0.51640625 0.21015625 0.0234375 0.05234375
2 0.4328125 0.78828125 0.121875 0.25390625
0 0.48515625 0.36875 0.02734375 0.02890625
1 0.24921875 0.54765625 0.053125 0.01796875
2 0.29140625 0.82421875 0.15 0.178125
2 0.3109375 0.3578125 0.11171875 0.0984375
0 0.76015625 0.5046875 0.02421875 0.02734375
0 0.74375 0.47265625 0.02734375 0.02421875
1 0.2421875 0.146875 0.03359375 0.015625
0 0.3453125 0.0796875 0.02890625 0.0265625
0 0.8546875 0.390625 0.03125 0.02734375
0 0.79765625 0.30234375 0.0296875 0.01875
2 0.64453125 0.3375 0.053125 0.0578125
2 0.70859375 0.77109375 0.06640625 0.06484375
0 0.434375 0.7875 0.1203125 0.25234375
2 0.12578125 0.4390625 0.04375 0.1
2 0.28984375 0.43125 0.075 0.04296875
1 0.796875 0.30234375 0.0265625 0.01875
0 0.26796875 0.2453125 0.0296875 0.02109375
1 0.69921875 0.515625 0.025 0.01328125
2 0.12734375 0.51328125 0.04296875 0.071875
0 0.27109375 0.4390625 0.0265625 0.02421875
2 0.28984375 0.2953125 0.06875 0.08984375
2 0.6421875 0.4421875 0.07734375 0.08203125
0 0.4234375 0.296875 0.04609375 0.021875
2 0.29140625 0.34140625 0.071875 0.0640625
2 0.86328125 0.3484375 0.04375 0.07265625