2 0.68828125 0.575 0.36796875 0.1609375
2 0.67421875 0.3859375 0.37265625 0.20703125
2 0.2140625 0.8609375 0.17734375 0.134375
2 0.2265625 0.521875 0.2015625 0.14375
0 0.53984375 0.53203125 0.11484375 0.04765625
0 0.43828125 0.6703125 0.11796875 0.05546875
0 0.35546875 0.86640625 0.14140625 0.0546875
2 0.21953125 0.6421875 0.19453125 0.084375
0 0.36484375 0.4921875 0.1203125 0.0453125
0 0.446875 0.6109375 0.1203125 0.05234375
2 0.2234375 0.40625 0.196875 0.07265625
2 0.3171875 0.30078125 0.3921875 0.140625
1 0.68828125 0.2859375 0.2859375 0.03125
0 0.28203125 0.5890625 0.084375 0.03828125
2 0.21875 0.9609375 0.2078125 0.078125
0 0.35546875 0.39140625 0.09375 0.03984375
1 0.12109375 0.98671875 0.0515625 0.02578125
1 0.696875 0.65390625 0.23515625 0.025
0 0.25703125 0.5171875 0.26171875 0.1328125
1 0.13984375 0.8453125 0.040625 0.09140625
1 0.34140625 0.23203125 0.17734375 0.02109375