2 0.44921875 0.30078125 0.1328125 0.184375
2 0.76015625 0.28046875 0.1296875 0.15390625
2 0.1234375 0.5734375 0.14140625 0.10078125
2 0.8796875 0.303125 0.10703125 0.20078125
2 0.88125 0.52109375 0.10234375 0.21484375
2 0.475 0.43671875 0.078125 0.08984375
2 0.35625 0.34921875 0.05078125 0.0921875
2 0.3859375 0.440625 0.1 0.0984375
2 0.35859375 0.2515625 0.0515625 0.10859375
0 0.39765625 0.2609375 0.034375 0.04609375
0 0.66484375 0.17734375 0.03828125 0.05546875
0 0.1078125 0.50078125 0.03359375 0.05
0 0.80859375 0.3328125 0.03828125 0.053125
0 0.725 0.64609375 0.040625 0.0609375
0 0.496875 0.2609375 0.0390625 0.05234375
0 0.3984375 0.36484375 0.034375 0.0453125
0 0.84453125 0.38125 0.03984375 0.0515625
0 0.79375 0.44765625 0.034375 0.0515625
0 0.84609375 0.4390625 0.03984375 0.053125
2 0.38125 0.5421875 0.09765625 0.10703125
0 0.475 0.54765625 0.03671875 0.0546875
2 0.8015625 0.51953125 0.0578125 0.1
1 0.46171875 0.19921875 0.05 0.02421875
0 0.72421875 0.55546875 0.04375 0.05625
0 0.31640625 0.5453125 0.03515625 0.04921875
1 0.87421875 0.19921875 0.04921875 0.02265625
0 0.42265625 0.415625 0.0265625 0.03828125
1 0.5765625 0.2 0.053125 0.025
1 0.7703125 0.19921875 0.04765625 0.021875
2 0.8 0.58515625 0.06015625 0.075
0 0.10234375 0.92109375 0.04609375 0.06796875
1 0.140625 0.5203125 0.03515625 0.01796875
1 0.19609375 0.75546875 0.01328125 0.04609375
1 0.621875 0.1984375 0.05 0.02265625
1 0.87734375 0.62421875 0.04765625 0.0265625
0 0.359375 0.41171875 0.03359375 0.03828125
0 0.34609375 0.41015625 0.02265625 0.03046875
0 0.1484375 0.9234375 0.0453125 0.065625
0 0.42265625 0.50625 0.0328125 0.0390625
1 0.603125 0.62265625 0.04140625 0.0203125
1 0.3828125 0.625 0.02734375 0.0171875
1 0.46328125 0.62265625 0.04609375 0.02109375
1 0.3703125 0.196875 0.025 0.01796875