2 0.83046875 0.46796875 0.1203125 0.12890625
2 0.73359375 0.465625 0.071875 0.12890625
2 0.56640625 0.575 0.1328125 0.203125
2 0.934375 0.46953125 0.09375 0.12578125
2 0.8390625 0.60625 0.1015625 0.1421875
2 0.390625 0.57421875 0.14765625 0.20625
0 0.7640625 0.7015625 0.04765625 0.05703125
0 0.81796875 0.41875 0.0390625 0.04140625
0 0.36875 0.49609375 0.0453125 0.05
0 0.72265625 0.55078125 0.03671875 0.0421875
0 0.61171875 0.5625 0.0546875 0.04765625
1 0.6484375 0.2546875 0.10625 0.0234375
0 0.7703125 0.5984375 0.0515625 0.04609375
0 0.875 0.43359375 0.04375 0.03828125
0 0.33984375 0.4296875 0.0609375 0.05078125
2 0.059375 0.70390625 0.04765625 0.053125
2 0.715625 0.60390625 0.1546875 0.1453125
1 0.83671875 0.6765625 0.09375 0.021875
1 0.54921875 0.6765625 0.1015625 0.02109375
0 0.76328125 0.62578125 0.04921875 0.05
1 0.71484375 0.678125 0.0375 0.01953125
2 0.05859375 0.5765625 0.084375 0.21875
1 0.315625 0.33671875 0.028125 0.15546875
2 0.8703125 0.3296875 0.0421875 0.14296875
1 0.39453125 0.6765625 0.14140625 0.02265625
2 0.7875 0.328125 0.1984375 0.14375
1 0.00625 0.07734375 0.01015625 0.059375
2 0.50234375 0.3640625 0.38515625 0.22734375