2 0.49296875 0.22890625 0.7515625 0.3046875
2 0.22734375 0.525 0.2078125 0.2421875
2 0.2203125 0.8078125 0.20234375 0.30078125
2 0.40390625 0.48515625 0.10078125 0.171875
1 0.11640625 0.25390625 0.01796875 0.25234375
1 0.11796875 0.53125 0.02109375 0.18828125
1 0.11484375 0.80859375 0.0171875 0.24375
1 0.86640625 0.18828125 0.01484375 0.22265625
0 0.484375 0.46484375 0.05703125 0.07265625
0 0.35859375 0.61640625 0.07734375 0.05390625
0 0.3671875 0.71328125 0.075 0.07890625
0 0.49296875 0.71640625 0.06796875 0.07109375
0 0.49453125 0.790625 0.0609375 0.0875
0 0.890625 0.334375 0.05703125 0.06953125