2 0.06875 0.1578125 0.10859375 0.2046875
2 0.19921875 0.16015625 0.0703125 0.20390625
2 0.90390625 0.33046875 0.1296875 0.24921875
2 0.06796875 0.35390625 0.10703125 0.19375
2 0.14140625 0.12734375 0.04375 0.13359375
2 0.196875 0.3078125 0.0703125 0.09375
2 0.4375 0.12265625 0.034375 0.13828125
0 0.4109375 0.11875 0.028125 0.0546875
2 0.36328125 0.11328125 0.11484375 0.1078125
0 0.109375 0.41015625 0.03046875 0.0609375
2 0.33203125 0.2015625 0.04609375 0.09375
1 0.65390625 0.0515625 0.0484375 0.03203125
0 0.10859375 0.2265625 0.03046875 0.05625
0 0.415625 0.3890625 0.03359375 0.0640625
2 0.8078125 0.16171875 0.06015625 0.0859375
0 0.275 0.48046875 0.03125 0.06796875
0 0.278125 0.68984375 0.03203125 0.07265625
1 0.671875 0.453125 0.05625 0.03203125
0 0.85234375 0.3984375 0.03046875 0.0578125
0 0.1734375 0.28515625 0.02578125 0.05
1 0.9703125 0.38984375 0.01796875 0.1171875
2 0.353125 0.38203125 0.09296875 0.11171875
0 0.80859375 0.478125 0.028125 0.0671875
0 0.1375 0.2203125 0.02734375 0.05859375
0 0.17578125 0.2265625 0.02734375 0.0515625
2 0.425 0.24921875 0.05078125 0.11953125
0 0.29375 0.32734375 0.02734375 0.05625
1 0.04765625 0.45234375 0.05859375 0.03515625
1 0.5328125 0.38671875 0.015625 0.11171875
2 0.2484375 0.1890625 0.03125 0.14140625
0 0.80859375 0.37578125 0.02578125 0.05546875
2 0.90390625 0.13203125 0.13203125 0.1484375
1 0.72734375 0.453125 0.05546875 0.03125
1 0.209375 0.45078125 0.05546875 0.03203125
1 0.97109375 0.13046875 0.01484375 0.115625
0 0.29296875 0.0265625 0.02734375 0.05234375
1 0.56328125 0.45546875 0.0546875 0.03125
0 0.29609375 0.278125 0.0265625 0.04609375
1 0.01640625 0.40625 0.015625 0.06640625
1 0.0625 0.05078125 0.05703125 0.03046875
1 0.2109375 0.053125 0.03046875 0.0234375
1 0.015625 0.22890625 0.01328125 0.0546875
0 0.28828125 0.09375 0.021875 0.0421875
0 0.31796875 0.28203125 0.02578125 0.0515625
2 0.81171875 0.28359375 0.0609375 0.14453125
1 0.1546875 0.4515625 0.05390625 0.02734375
2 0.375 0.25 0.04921875 0.115625
1 0.3359375 0.046875 0.0453125 0.02265625
2 0.66015625 0.253125 0.24453125 0.38828125
1 0.53359375 0.2296875 0.01484375 0.0609375
0 0.39140625 0.28046875 0.02265625 0.04453125
1 0.45546875 0.81875 0.0171875 0.1828125
1 0.853125 0.05078125 0.01875 0.02890625
1 0.60390625 0.45390625 0.02890625 0.0296875
2 0.24140625 0.81875 0.03046875 0.2
1 0.77578125 0.0515625 0.053125 0.0265625
0 0.3875 0.1171875 0.071875 0.0734375
2 0.25703125 0.0921875 0.0453125 0.06640625
2 0.8265625 0.234375 0.03125 0.0515625