2 0.41328125 0.715625 0.1484375 0.17578125
2 0.12421875 0.6859375 0.11953125 0.22109375
2 0.33671875 0.3984375 0.0890625 0.1140625
2 0.43359375 0.4421875 0.10625 0.21875
2 0.7234375 0.49609375 0.13125 0.33125
2 0.453125 0.5921875 0.065625 0.08203125
0 0.2390625 0.31171875 0.0375 0.05546875
2 0.68671875 0.7078125 0.06328125 0.10625
2 0.18125 0.4453125 0.22421875 0.22265625
0 0.39453125 0.4171875 0.03671875 0.05234375
0 0.22734375 0.81953125 0.040625 0.065625
0 0.40625 0.5984375 0.0375 0.0546875
0 0.228125 0.9328125 0.04140625 0.06171875
0 0.30859375 0.434375 0.028125 0.04609375
0 0.803125 0.5015625 0.03984375 0.05390625
0 0.6421875 0.59375 0.03984375 0.0578125
0 0.67890625 0.628125 0.03984375 0.0578125
0 0.80234375 0.62578125 0.03984375 0.05703125
2 0.865625 0.684375 0.1578125 0.240625
0 0.725 0.3140625 0.03515625 0.05625
2 0.33671875 0.51015625 0.0859375 0.1
1 0.06640625 0.45390625 0.01875 0.071875
1 0.15625 0.3296875 0.04921875 0.028125
0 0.4 0.52265625 0.034375 0.0546875
1 0.93828125 0.61484375 0.02109375 0.07890625
1 0.5171875 0.51640625 0.0203125 0.07890625
1 0.4078125 0.8 0.0546875 0.02734375
1 0.76328125 0.334375 0.04296875 0.0234375
2 0.29765625 0.75078125 0.06875 0.078125
1 0.93828125 0.51875 0.01875 0.0703125
1 0.6859375 0.3328125 0.0484375 0.02265625
0 0.215625 0.5859375 0.05859375 0.053125
1 0.30625 0.85390625 0.015625 0.07109375
0 0.415625 0.3140625 0.0359375 0.04609375
0 0.275 0.9015625 0.03125 0.04140625
1 0.12578125 0.79609375 0.05859375 0.02890625
0 0.934375 0.43828125 0.025 0.03515625
0 0.35234375 0.67421875 0.03359375 0.0546875
1 0.334375 0.33515625 0.021875 0.028125
1 0.11484375 0.33125 0.04296875 0.0265625
1 0.5171875 0.61171875 0.0171875 0.0703125
2 0.58828125 0.7140625 0.12578125 0.0984375
2 0.54765625 0.709375 0.06484375 0.096875
1 0.275 0.1671875 0.04375 0.021875
1 0.31328125 0.184375 0.03671875 0.05
0 0.521875 0.43828125 0.021875 0.03125
2 0.0046875 0.85703125 0.009375 0.1109375
1 0.23828125 0.17421875 0.028125 0.03359375
2 0.5859375 0.4890625 0.140625 0.3265625
2 0.8640625 0.446875 0.1578125 0.240625