2 0.26875 0.22109375 0.41953125 0.39765625
2 0.65546875 0.16484375 0.359375 0.27421875
2 0.890625 0.15234375 0.1171875 0.27265625
2 0.76640625 0.45234375 0.31875 0.27734375
2 0.14921875 0.62578125 0.1703125 0.39921875
2 0.31328125 0.72109375 0.12421875 0.1984375
1 0.053125 0.22265625 0.02578125 0.31328125
1 0.05546875 0.525 0.02265625 0.1125
1 0.15 0.834375 0.0609375 0.03125
1 0.9328125 0.46015625 0.021875 0.17109375
1 0.83125 0.10625 0.01953125 0.15625
0 0.4015625 0.72109375 0.06328125 0.078125
0 0.44296875 0.77421875 0.06953125 0.10546875
0 0.44453125 0.8734375 0.06953125 0.1015625
0 0.540625 0.4578125 0.0453125 0.0796875
0 0.584375 0.47109375 0.075 0.09140625
2 0.55625 0.36640625 0.10234375 0.11875
0 0.79609375 0.22734375 0.0734375 0.0828125
0 0.86875 0.22734375 0.06875 0.09609375