0 0.54765625 0.1171875 0.065625 0.05234375
0 0.61015625 0.1171875 0.0765625 0.05078125
0 0.22734375 0.1203125 0.06015625 0.034375
0 0.21796875 0.16015625 0.0578125 0.034375
0 0.30078125 0.1640625 0.06171875 0.03203125
0 0.21953125 0.2421875 0.065625 0.0359375
0 0.24609375 0.63984375 0.0890625 0.090625
0 0.36875 0.60390625 0.0578125 0.04296875
0 0.4265625 0.6125 0.05703125 0.04453125
0 0.4328125 0.6484375 0.0578125 0.04296875
0 0.48828125 0.6078125 0.0578125 0.0265625
0 0.49765625 0.7109375 0.059375 0.0328125
0 0.3140625 0.72265625 0.059375 0.04921875
0 0.32265625 0.796875 0.06015625 0.0484375
0 0.425 0.796875 0.0640625 0.05078125
1 0.05234375 0.5875 0.046875 0.05703125
1 0.0515625 0.6921875 0.0359375 0.0625
1 0.05 0.1890625 0.03828125 0.0765625
1 0.04609375 0.1015625 0.0390625 0.07109375
1 0.58515625 0.06796875 0.02109375 0.07265625
1 0.58125 0.19921875 0.03359375 0.10625
2 0.1640625 0.08046875 0.22734375 0.1125
2 0.14921875 0.2109375 0.20234375 0.1359375
2 0.43359375 0.10546875 0.30703125 0.13671875
2 0.2953125 0.2046875 0.12734375 0.04296875
2 0.77890625 0.24140625 0.3875 0.45
2 0.16640625 0.64375 0.23671875 0.26484375
2 0.36796875 0.64296875 0.16640625 0.1125
2 0.51484375 0.6453125 0.11953125 0.1078125
2 0.45390625 0.72890625 0.22734375 0.06640625
2 0.2953125 0.25390625 0.10625 0.05546875
2 0.434375 0.5578125 0.0703125 0.0765625
2 0.52109375 0.55703125 0.10234375 0.06640625