0 0.325 0.26640625 0.04453125 0.0578125
0 0.359375 0.45546875 0.05234375 0.0515625
0 0.325 0.58203125 0.03828125 0.0390625
0 0.1578125 0.52265625 0.03984375 0.059375
0 0.14609375 0.5375 0.0359375 0.04765625
0 0.16328125 0.6359375 0.04375 0.06640625
0 0.20546875 0.63671875 0.0359375 0.0578125
0 0.0515625 0.6984375 0.0203125 0.04765625
0 0.13828125 0.65234375 0.025 0.0375
0 0.64375 0.77578125 0.0390625 0.0640625
0 0.64296875 0.8578125 0.0296875 0.059375
0 0.78671875 0.65390625 0.02890625 0.06015625
0 0.83203125 0.65546875 0.0328125 0.0546875
0 0.8359375 0.60234375 0.0453125 0.0546875
0 0.8328125 0.47734375 0.03359375 0.0640625
0 0.63828125 0.21328125 0.03515625 0.0515625
1 0.115625 0.2328125 0.14296875 0.021875
1 0.271875 0.2328125 0.13125 0.021875
1 0.40234375 0.2296875 0.10078125 0.01875
1 0.053125 0.83515625 0.03359375 0.0140625
1 0.2671875 0.83515625 0.13125 0.02265625
1 0.40234375 0.8328125 0.125 0.025
1 0.5703125 0.22890625 0.09609375 0.01875
1 0.80703125 0.22734375 0.30625 0.0296875
1 0.95859375 0.36484375 0.0125 0.2484375
1 0.95625 0.73671875 0.0078125 0.1796875
1 0.73671875 0.83359375 0.140625 0.03046875
1 0.878125 0.83203125 0.1375 0.0265625
2 0.1859375 0.365625 0.30390625 0.26875
2 0.396875 0.696875 0.13671875 0.2890625
2 0.7375 0.73671875 0.14609375 0.1984375
2 0.40234375 0.32421875 0.11875 0.1921875
2 0.25703125 0.71953125 0.1515625 0.225
2 0.10703125 0.75234375 0.15390625 0.15546875
2 0.07890625 0.56015625 0.1078125 0.11171875
2 0.4171875 0.4875 0.0921875 0.12890625
2 0.23046875 0.55703125 0.209375 0.11875
2 0.65859375 0.36640625 0.29140625 0.2734375
2 0.8828125 0.36015625 0.1515625 0.275
2 0.56171875 0.73203125 0.09375 0.2078125
1 0.56328125 0.83515625 0.09140625 0.0140625
2 0.90546875 0.56328125 0.09375 0.1296875