2 0.225 0.2453125 0.3046875 0.3859375
2 0.58984375 0.2375 0.4296875 0.39453125
2 0.77421875 0.5875 0.34375 0.29765625
2 0.5484375 0.5953125 0.11171875 0.3046875
2 0.20546875 0.51875 0.1796875 0.1640625
2 0.340625 0.52265625 0.08046875 0.16796875
2 0.2453125 0.740625 0.25546875 0.2734375
1 0.0625 0.2546875 0.02578125 0.29609375
1 0.0625 0.53125 0.021875 0.07421875
1 0.0671875 0.74609375 0.02734375 0.1421875
1 0.95078125 0.5796875 0.01796875 0.165625
1 0.80859375 0.19453125 0.01796875 0.25546875
2 0.43359375 0.65 0.12578125 0.44296875
0 0.153125 0.39296875 0.0546875 0.08359375
0 0.3359375 0.38203125 0.078125 0.08046875
0 0.39921875 0.55703125 0.04921875 0.06875
0 0.41953125 0.93203125 0.07734375 0.10546875
0 0.8453125 0.3734375 0.075 0.1046875