1 0.103125 0.62734375 0.01171875 0.20625
1 0.98515625 0.615625 0.02109375 0.21484375
1 0.98515625 0.315625 0.0140625 0.2109375
0 0.1796875 0.37265625 0.134375 0.1140625
0 0.640625 0.3734375 0.04609375 0.1140625
0 0.6359375 0.67109375 0.05 0.09140625
0 0.6625 0.81328125 0.06640625 0.2375
0 0.72734375 0.37265625 0.06328125 0.10546875
0 0.7328125 0.50859375 0.0640625 0.09609375
0 0.625 0.24140625 0.0546875 0.08515625
2 0.30625 0.428125 0.36875 0.71484375
2 0.5421875 0.16796875 0.1125 0.2328125
2 0.84375 0.2515625 0.275 0.38828125
2 0.84453125 0.615625 0.278125 0.3390625
2 0.58125 0.67734375 0.06953125 0.20625
2 0.6453125 0.18515625 0.1046875 0.2796875