2 0.21796875 0.26328125 0.3546875 0.41328125
2 0.61796875 0.26171875 0.45078125 0.409375
2 0.21640625 0.62890625 0.35078125 0.31640625
2 0.465625 0.628125 0.15 0.31875
2 0.609375 0.5890625 0.115625 0.24453125
2 0.584375 0.84296875 0.18125 0.228125
2 0.81640625 0.7140625 0.28671875 0.48125
1 0.046875 0.31953125 0.021875 0.1296875
1 0.04140625 0.66328125 0.01875 0.18515625
1 0.85703125 0.27578125 0.015625 0.12109375
1 0.9671875 0.759375 0.021875 0.1765625
0 0.35625 0.40546875 0.0953125 0.08828125
0 0.36953125 0.65234375 0.08046875 0.0859375
0 0.52421875 0.5921875 0.0625 0.1046875
0 0.440625 0.78984375 0.0765625 0.22890625
0 0.515625 0.7515625 0.053125 0.0859375
0 0.69765625 0.5859375 0.0578125 0.08671875
0 0.859375 0.3890625 0.1484375 0.10546875