2 0.15546875 0.221875 0.2296875 0.23046875
2 0.14921875 0.41640625 0.23203125 0.17109375
2 0.3109375 0.196875 0.0875 0.190625
2 0.31171875 0.353125 0.075 0.10859375
2 0.3125 0.4609375 0.08359375 0.08515625
2 0.40546875 0.203125 0.09296875 0.1984375
2 0.40546875 0.403125 0.09453125 0.203125
2 0.53125 0.2171875 0.13671875 0.22421875
2 0.49921875 0.38359375 0.08046875 0.103125
2 0.67734375 0.22421875 0.14453125 0.2359375
2 0.84296875 0.21953125 0.19140625 0.23828125
2 0.646875 0.72265625 0.2125 0.35546875
2 0.84140625 0.7875 0.17578125 0.21953125
2 0.84375 0.55703125 0.1875 0.2328125
2 0.90390625 0.3890625 0.05390625 0.1140625
2 0.84765625 0.38359375 0.05390625 0.10625
2 0.65 0.48515625 0.07109375 0.08828125
1 0.18984375 0.50234375 0.1078125 0.01875
1 0.4109375 0.50390625 0.059375 0.02265625
1 0.36015625 0.1109375 0.11640625 0.025
1 0.5390625 0.11015625 0.090625 0.03203125
1 0.68515625 0.11484375 0.084375 0.02890625
1 0.83125 0.1125 0.0921875 0.03046875
1 0.53984375 0.7125 0.01328125 0.2609375
1 0.93671875 0.53046875 0.01640625 0.1453125
1 0.93359375 0.75 0.0140625 0.140625
0 0.1125 0.52421875 0.04375 0.0703125
0 0.36875 0.4390625 0.03046875 0.06171875
0 0.378125 0.3828125 0.0390625 0.06875
0 0.37421875 0.25234375 0.03046875 0.0484375
0 0.37578125 0.315625 0.0421875 0.059375
0 0.4734375 0.3671875 0.05 0.0546875
0 0.4828125 0.46796875 0.0375 0.0703125
0 0.52890625 0.36640625 0.046875 0.06953125
0 0.58203125 0.30546875 0.0359375 0.06953125
0 0.65546875 0.30546875 0.04375 0.07734375
0 0.796875 0.30546875 0.03359375 0.05234375
0 0.65234375 0.41796875 0.03671875 0.053125
0 0.809375 0.3765625 0.03046875 0.05
0 0.8 0.46171875 0.03828125 0.0578125
0 0.8984375 0.4578125 0.0296875 0.05234375
0 0.91328125 0.646875 0.040625 0.08203125
0 0.765625 0.71484375 0.046875 0.0640625