0 0.50546875 0.1640625 0.13671875 0.08125
0 0.62265625 0.6109375 0.15625 0.10390625
0 0.56171875 0.709375 0.1453125 0.08828125
0 0.559375 0.87265625 0.14375 0.096875
1 0.275 0.8296875 0.17890625 0.02890625
1 0.7515625 0.8328125 0.10859375 0.0171875
1 0.2546875 0.20234375 0.36484375 0.025
1 0.76640625 0.20390625 0.2125 0.028125
2 0.2484375 0.5203125 0.41328125 0.63046875
2 0.76015625 0.340625 0.37265625 0.2765625
2 0.809375 0.58359375 0.28359375 0.20703125
0 0.73125 0.6546875 0.09921875 0.06796875
2 0.809375 0.7609375 0.28359375 0.1453125
2 0.55625 0.7953125 0.2234375 0.0859375