1 0.121875 0.2359375 0.15390625 0.0171875
1 0.27265625 0.23671875 0.12421875 0.025
1 0.409375 0.2359375 0.1046875 0.0234375
1 0.26796875 0.8640625 0.12109375 0.02578125
1 0.40546875 0.86875 0.11953125 0.0203125
1 0.57265625 0.86328125 0.08125 0.0328125
1 0.75 0.86953125 0.13515625 0.021875
1 0.89140625 0.8734375 0.140625 0.0203125
1 0.97109375 0.77265625 0.01328125 0.1953125
1 0.9734375 0.3921875 0.01640625 0.275
1 0.7421875 0.23828125 0.14453125 0.01640625
1 0.89140625 0.23671875 0.140625 0.02890625
0 0.3328125 0.27890625 0.05625 0.05546875
0 0.365625 0.4734375 0.0375 0.0734375
0 0.1625 0.53828125 0.03515625 0.05859375
0 0.1515625 0.55703125 0.0375 0.05234375
0 0.1671875 0.66171875 0.0359375 0.0625
0 0.2125 0.66328125 0.034375 0.06484375
0 0.33125 0.6125 0.05 0.05
0 0.0578125 0.7265625 0.02421875 0.0578125
1 0.05546875 0.8640625 0.028125 0.02265625
1 0.584375 0.2390625 0.09765625 0.0296875
0 0.65078125 0.21953125 0.0390625 0.0734375
0 0.84375 0.48828125 0.03984375 0.078125
0 0.84921875 0.61796875 0.04765625 0.0609375
0 0.84140625 0.6890625 0.03671875 0.075
0 0.796875 0.6796875 0.03828125 0.06484375
0 0.6515625 0.80390625 0.03359375 0.05703125
0 0.65703125 0.89296875 0.03125 0.06640625
2 0.19375 0.378125 0.3109375 0.27734375
2 0.41171875 0.3328125 0.13125 0.20546875
2 0.4296875 0.50703125 0.1046875 0.1421875
2 0.4109375 0.721875 0.12734375 0.2953125
2 0.26875 0.746875 0.14609375 0.23515625
2 0.08359375 0.5734375 0.11015625 0.1203125
2 0.1078125 0.78359375 0.1734375 0.1625
2 0.671875 0.440625 0.30234375 0.42109375
2 0.89765625 0.38203125 0.15078125 0.28828125
2 0.89140625 0.7703125 0.15390625 0.221875
2 0.75 0.76171875 0.14375 0.20546875
2 0.5765625 0.76171875 0.1 0.22421875