0 0.15390625 0.35703125 0.04453125 0.07734375
0 0.12734375 0.5453125 0.0421875 0.078125
0 0.26875 0.5859375 0.040625 0.07421875
0 0.37890625 0.5703125 0.04453125 0.09375
0 0.3875 0.74375 0.05 0.1640625
0 0.7921875 0.4 0.04140625 0.0859375
0 0.790625 0.5671875 0.0359375 0.0921875
0 0.7703125 0.6265625 0.0421875 0.0875
1 0.9421875 0.55625 0.01484375 0.20234375
1 0.94375 0.1890625 0.0171875 0.21328125
1 0.53984375 0.1703125 0.01796875 0.1890625
1 0.16640625 0.19765625 0.01875 0.20078125
2 0.35390625 0.2515625 0.38125 0.3734375
2 0.4515625 0.59375 0.18125 0.30234375
2 0.3078125 0.59140625 0.10546875 0.30546875
2 0.1203125 0.6578125 0.0953125 0.16796875
2 0.20859375 0.63046875 0.0875 0.22734375
2 0.665625 0.24609375 0.19140625 0.3921875
2 0.85625 0.25078125 0.18125 0.384375
2 0.84921875 0.584375 0.178125 0.2953125
2 0.659375 0.6328125 0.1859375 0.1984375