0 0.57265625 0.20625 0.1453125 0.121875
0 0.51640625 0.78671875 0.115625 0.0890625
0 0.62890625 0.93984375 0.14921875 0.1125
0 0.31484375 0.7328125 0.14140625 0.1046875
0 0.4171875 0.50390625 0.1453125 0.090625
1 0.2953125 0.25234375 0.21953125 0.0390625
1 0.7734375 0.2609375 0.240625 0.0328125
2 0.28359375 0.41015625 0.36640625 0.2890625
2 0.16875 0.62890625 0.1828125 0.14765625
2 0.36328125 0.62734375 0.21171875 0.140625
2 0.28203125 0.8 0.38203125 0.1875
2 0.69921875 0.51015625 0.46015625 0.48984375
2 0.70859375 0.82265625 0.47578125 0.15