2 0.265625 0.47734375 0.22109375 0.25625
2 0.6203125 0.48046875 0.5140625 0.278125
2 0.721875 0.74296875 0.2765625 0.21953125
2 0.26640625 0.68125 0.209375 0.159375
1 0.35703125 0.35 0.18828125 0.0296875
1 0.69453125 0.34921875 0.178125 0.03125
1 0.86328125 0.5484375 0.0578125 0.05390625
1 0.678125 0.859375 0.2015625 0.02890625
1 0.3234375 0.85546875 0.05 0.02734375
0 0.540625 0.38203125 0.115625 0.07578125
0 0.41875 0.6921875 0.1109375 0.05625
0 0.63515625 0.659375 0.09453125 0.07421875
0 0.440625 0.76328125 0.0984375 0.0671875
0 0.315625 0.734375 0.0859375 0.06015625
0 0.43984375 0.884375 0.115625 0.07265625