1 0.14140625 0.1546875 0.11640625 0.02578125
1 0.265625 0.15390625 0.1125 0.03125
1 0.43359375 0.15390625 0.06796875 0.03125
1 0.5671875 0.1484375 0.10625 0.02578125
1 0.7296875 0.14609375 0.06640625 0.025
1 0.8703125 0.14375 0.10390625 0.025
1 0.86171875 0.865625 0.08359375 0.028125
1 0.753125 0.86328125 0.08515625 0.02890625
1 0.58125 0.86875 0.065625 0.03046875
1 0.39921875 0.86953125 0.03671875 0.02890625
0 0.05546875 0.60546875 0.04453125 0.06328125
0 0.121875 0.61484375 0.05 0.07421875
0 0.2234375 0.61640625 0.04140625 0.06796875
0 0.27109375 0.61640625 0.03671875 0.07578125
0 0.23984375 0.74765625 0.03984375 0.0515625
0 0.4453125 0.61328125 0.0484375 0.05859375
0 0.41171875 0.7265625 0.03359375 0.06484375
0 0.46015625 0.77578125 0.05078125 0.07265625
0 0.46015625 0.896875 0.040625 0.07734375
0 0.7875 0.5796875 0.0421875 0.06171875
0 0.8265625 0.640625 0.040625 0.0640625
0 0.840625 0.53046875 0.03828125 0.06015625
0 0.86328125 0.47421875 0.04296875 0.05625
0 0.834375 0.38125 0.03984375 0.07109375
2 0.20859375 0.396875 0.27578125 0.4859375
2 0.2953125 0.675 0.0921875 0.08359375
2 0.209375 0.75078125 0.08984375 0.2265625
2 0.29765625 0.7921875 0.08671875 0.15078125
2 0.12265625 0.75546875 0.0921875 0.22890625
2 0.5078125 0.384375 0.271875 0.4734375
2 0.4 0.60078125 0.05390625 0.08984375
2 0.5640625 0.7421875 0.16171875 0.253125
2 0.40078125 0.8078125 0.0625 0.13203125
2 0.815625 0.28125 0.26953125 0.26953125
2 0.7390625 0.71015625 0.13671875 0.3171875
2 0.9 0.55 0.09375 0.1171875
2 0.90546875 0.459375 0.10703125 0.096875
2 0.878125 0.73515625 0.1484375 0.26171875