0 0.22421875 0.3203125 0.03046875 0.0890625
0 0.15078125 0.41796875 0.03125 0.0671875
0 0.16796875 0.39609375 0.02421875 0.05234375
0 0.37734375 0.409375 0.02265625 0.03984375
0 0.50703125 0.415625 0.025 0.04765625
0 0.6 0.41171875 0.0234375 0.04453125
0 0.67578125 0.3015625 0.02890625 0.046875
0 0.8203125 0.62890625 0.0234375 0.05703125
0 0.82265625 0.76875 0.015625 0.06953125
0 0.4984375 0.64765625 0.04296875 0.04453125
0 0.26171875 0.42578125 0.02265625 0.05234375
1 0.30078125 0.6875 0.028125 0.0296875
1 0.35546875 0.65625 0.02890625 0.0515625
1 0.39921875 0.6609375 0.03046875 0.02734375
1 0.44453125 0.66484375 0.03046875 0.03515625
1 0.53515625 0.66640625 0.04140625 0.0421875
1 0.58046875 0.6671875 0.034375 0.03515625
1 0.62734375 0.6625 0.03203125 0.0296875
1 0.6703125 0.6609375 0.034375 0.0375
1 0.70703125 0.73828125 0.01015625 0.0671875
1 0.9703125 0.6921875 0.01953125 0.109375
1 0.96953125 0.48125 0.021875 0.09921875
1 0.9671875 0.59296875 0.01953125 0.09921875
1 0.97265625 0.38203125 0.01953125 0.0890625
1 0.97265625 0.28046875 0.01953125 0.0796875
1 0.97578125 0.17109375 0.01953125 0.06953125
1 0.028125 0.31875 0.01875 0.0671875
1 0.03671875 0.234375 0.015625 0.071875
1 0.04609375 0.15234375 0.01796875 0.08203125
1 0.11015625 0.0734375 0.06875 0.0421875
1 0.19140625 0.0734375 0.07890625 0.046875
1 0.2734375 0.075 0.078125 0.03984375
1 0.38046875 0.06796875 0.08046875 0.04765625
1 0.45078125 0.071875 0.05078125 0.0546875
1 0.515625 0.07109375 0.08515625 0.04765625
1 0.60390625 0.0671875 0.10234375 0.0546875
1 0.67265625 0.0734375 0.03828125 0.05234375
1 0.7578125 0.078125 0.078125 0.05234375
1 0.8359375 0.07578125 0.078125 0.0515625
1 0.915625 0.07734375 0.08125 0.0546875
2 0.0984375 0.2296875 0.09765625 0.3046875
2 0.18984375 0.21875 0.09296875 0.29765625
2 0.27578125 0.17109375 0.078125 0.21328125
2 0.47421875 0.17890625 0.26796875 0.21328125
2 0.678125 0.18359375 0.05234375 0.21796875
2 0.7796875 0.49375 0.13828125 0.24296875
2 0.55703125 0.51640625 0.09140625 0.27734375
2 0.65546875 0.51484375 0.09765625 0.28515625
2 0.4484375 0.51640625 0.13046875 0.2734375
2 0.35234375 0.51875 0.05234375 0.28828125