0 0.05625 0.67890625 0.04375 0.146875
0 0.20703125 0.60234375 0.0703125 0.1515625
0 0.3109375 0.50390625 0.0578125 0.184375
0 0.353125 0.81796875 0.06484375 0.3453125
1 0.0203125 0.234375 0.03984375 0.175
1 0.01484375 0.621875 0.028125 0.24296875
1 0.928125 0.7703125 0.04140625 0.3171875
1 0.92109375 0.2015625 0.03203125 0.28828125
0 0.6265625 0.39140625 0.0671875 0.1734375
2 0.128125 0.44453125 0.2109375 0.65
2 0.3078125 0.271875 0.14296875 0.3296875
2 0.46171875 0.3375 0.171875 0.4640625
2 0.7359375 0.2453125 0.3625 0.41328125
2 0.7375 0.71875 0.36484375 0.54296875