1 0.12109375 0.128125 0.12421875 0.03125
1 0.525 0.1296875 0.23984375 0.04453125
1 0.73203125 0.1953125 0.0359375 0.0734375
1 0.72578125 0.44609375 0.04453125 0.14765625
1 0.6 0.81875 0.13203125 0.0421875
1 0.41796875 0.81875 0.11015625 0.0265625
1 0.128125 0.81640625 0.0421875 0.0234375
0 0.2546875 0.334375 0.06875 0.1140625
0 0.24375 0.47265625 0.05703125 0.04765625
0 0.2515625 0.59296875 0.06953125 0.0765625
0 0.1296875 0.64921875 0.04921875 0.0671875
0 0.3609375 0.6 0.06484375 0.0625
0 0.59375 0.59296875 0.0671875 0.06640625
0 0.30234375 0.09375 0.06328125 0.0796875
2 0.1234375 0.25859375 0.20078125 0.2625
2 0.11875 0.596875 0.19140625 0.16875
2 0.1671875 0.465625 0.10546875 0.08828125
2 0.1171875 0.74921875 0.190625 0.13515625
2 0.428125 0.6875 0.19609375 0.24609375
2 0.62109375 0.6875 0.190625 0.24921875
2 0.47421875 0.3390625 0.503125 0.434375
0 0.278125 0.85078125 0.08359375 0.09609375