0 0.18046875 0.22265625 0.16015625 0.06640625
0 0.54453125 0.32109375 0.08359375 0.06875
0 0.7359375 0.31171875 0.0640625 0.05390625
0 0.7453125 0.4421875 0.0796875 0.04140625
0 0.70390625 0.59375 0.08125 0.09375
0 0.7953125 0.46484375 0.05546875 0.0609375
0 0.54296875 0.53125 0.07578125 0.0484375
0 0.61171875 0.675 0.06484375 0.06015625
1 0.19453125 0.3984375 0.04375 0.1421875
1 0.1984375 0.12734375 0.03359375 0.14921875
1 0.79296875 0.015625 0.178125 0.01875
1 0.18984375 0.60859375 0.025 0.1375
1 0.18671875 0.81640625 0.03515625 0.13984375
2 0.56953125 0.15703125 0.74765625 0.26171875
2 0.35078125 0.3921875 0.346875 0.21015625
2 0.37734375 0.60234375 0.38515625 0.2015625
2 0.421875 0.80625 0.48203125 0.21875
2 0.84921875 0.540625 0.17421875 0.10859375
2 0.8453125 0.42578125 0.17421875 0.1140625
2 0.83671875 0.325 0.15625 0.0828125