1 0.35546875 0.3765625 0.2015625 0.02265625
1 0.078125 0.515625 0.02265625 0.10703125
1 0.4953125 0.83125 0.07890625 0.01953125
1 0.178125 0.8359375 0.0703125 0.0265625
1 0.65078125 0.8328125 0.05 0.02265625
1 0.7859375 0.83046875 0.06796875 0.01796875
1 0.8734375 0.63515625 0.0265625 0.05390625
1 0.87109375 0.48125 0.0203125 0.12890625
1 0.5609375 0.09453125 0.04609375 0.0203125
1 0.7640625 0.0953125 0.034375 0.01875
1 0.50546875 0.171875 0.0203125 0.040625
0 0.14453125 0.36015625 0.0859375 0.05390625
0 0.48515625 0.3328125 0.053125 0.05546875
0 0.3375 0.8609375 0.053125 0.06796875
0 0.46328125 0.6796875 0.05546875 0.0609375
0 0.58671875 0.5984375 0.04609375 0.05859375
0 0.65 0.56015625 0.071875 0.05234375
0 0.58671875 0.41953125 0.05703125 0.05390625
0 0.6765625 0.2015625 0.04921875 0.05390625
0 0.7203125 0.61171875 0.05546875 0.065625
2 0.2875 0.51640625 0.4328125 0.28125
2 0.6015625 0.1546875 0.184375 0.12421875
2 0.53671875 0.24296875 0.05859375 0.10234375
2 0.75234375 0.17578125 0.12265625 0.16484375
2 0.5546875 0.528125 0.096875 0.1015625
2 0.73984375 0.4765625 0.26328125 0.20390625
2 0.778125 0.70703125 0.18203125 0.25625
2 0.4984375 0.74140625 0.178125 0.18125
2 0.64375 0.74296875 0.10703125 0.184375
2 0.18046875 0.7421875 0.21171875 0.20078125
0 0.83359375 0.32890625 0.05703125 0.06328125