1 0.171875 0.14140625 0.0390625 0.0296875
1 0.034375 0.4140625 0.0109375 0.10625
1 0.41484375 0.140625 0.0625 0.02734375
1 0.34609375 0.2984375 0.0125 0.15
1 0.34765625 0.475 0.01484375 0.0390625
1 0.365625 0.76640625 0.0140625 0.08515625
1 0.40390625 0.825 0.0578125 0.0265625
1 0.5375 0.67578125 0.071875 0.0375
1 0.57109375 0.14609375 0.06953125 0.0203125
1 0.66484375 0.31796875 0.0140625 0.13984375
1 0.66484375 0.55390625 0.0078125 0.03984375
1 0.959375 0.32578125 0.02578125 0.10859375
1 0.95703125 0.50078125 0.02109375 0.125
0 0.05078125 0.11796875 0.03125 0.0734375
0 0.0578125 0.25625 0.02109375 0.0625
0 0.12734375 0.33671875 0.04140625 0.0515625
0 0.09375 0.4859375 0.028125 0.075
0 0.24453125 0.25234375 0.02734375 0.0546875
0 0.2953125 0.2546875 0.03359375 0.0796875
0 0.44140625 0.48515625 0.0296875 0.06015625
0 0.40390625 0.496875 0.028125 0.0421875
0 0.403125 0.5640625 0.0265625 0.0390625
0 0.4625 0.55546875 0.0375 0.05625
0 0.4546875 0.696875 0.0265625 0.0625
1 0.47421875 0.7625 0.01328125 0.0734375
0 0.57421875 0.42578125 0.02734375 0.03359375
0 0.59453125 0.4234375 0.028125 0.0453125
0 0.76171875 0.42734375 0.02421875 0.075
0 0.79609375 0.3328125 0.01796875 0.0609375
0 0.84375 0.35234375 0.03125 0.0578125
0 0.8265625 0.4953125 0.03359375 0.0609375
2 0.721875 0.32890625 0.10703125 0.26875
2 0.89296875 0.31171875 0.12109375 0.2109375
2 0.8859375 0.521875 0.14921875 0.18359375
2 0.56796875 0.28046875 0.134375 0.25234375
2 0.55390625 0.56015625 0.1640625 0.228125
2 0.36875 0.48984375 0.046875 0.075
2 0.42734375 0.29375 0.15390625 0.3
2 0.109375 0.3734375 0.05078125 0.1625
2 0.17265625 0.35078125 0.06953125 0.10859375
2 0.23828125 0.3890625 0.0578125 0.25234375
2 0.23984375 0.59296875 0.1734375 0.1875
2 0.80859375 0.25625 0.05390625 0.125
2 0.5484375 0.42578125 0.0375 0.05859375
2 0.62265625 0.4234375 0.02734375 0.05