0 0.146875 0.25625 0.12109375 0.08046875
0 0.38203125 0.48984375 0.0515625 0.07421875
0 0.43828125 0.4671875 0.06171875 0.06484375
0 0.46875 0.26796875 0.06171875 0.08203125
0 0.58359375 0.725 0.04765625 0.075
0 0.5390625 0.84453125 0.07109375 0.13671875
1 0.05078125 0.4859375 0.034375 0.18671875
1 0.15078125 0.13828125 0.034375 0.16484375
1 0.9140625 0.2484375 0.04140625 0.33203125
1 0.9125 0.54140625 0.0328125 0.11875
1 0.81640625 0.8546875 0.1046875 0.04140625
2 0.3140625 0.1921875 0.35078125 0.271875
2 0.69609375 0.25859375 0.41171875 0.37578125
2 0.2125 0.46328125 0.31953125 0.2796875
2 0.66328125 0.74609375 0.11953125 0.19765625
2 0.81875 0.74140625 0.18203125 0.23046875