2 0.196875 0.34375 0.3296875 0.2609375
2 0.55 0.4578125 0.39453125 0.47109375
2 0.48203125 0.80390625 0.26640625 0.22109375
2 0.853125 0.82734375 0.23125 0.153125
2 0.85703125 0.7109375 0.2421875 0.0953125
2 0.77890625 0.57890625 0.08984375 0.12578125
2 0.89609375 0.57734375 0.14296875 0.12734375
2 0.85234375 0.3671875 0.24296875 0.296875
1 0.20703125 0.21171875 0.1796875 0.04296875
1 0.415625 0.20703125 0.12578125 0.03671875
1 0.66953125 0.21875 0.10234375 0.02890625
1 0.85390625 0.2078125 0.17109375 0.04140625
1 0.97265625 0.27890625 0.040625 0.04921875
0 0.57265625 0.178125 0.1140625 0.1125
0 0.33046875 0.39296875 0.10625 0.071875
0 0.77578125 0.48046875 0.09296875 0.075
0 0.86328125 0.5015625 0.08203125 0.0703125
0 0.70546875 0.59375 0.1125 0.04921875
0 0.69609375 0.8359375 0.115625 0.04765625
0 0.65703125 0.93203125 0.10625 0.07421875
0 0.8421875 0.784375 0.10390625 0.06484375