0 0.25 0.41796875 0.0796875 0.06875
0 0.24765625 0.55078125 0.07109375 0.07734375
0 0.3875 0.63203125 0.0546875 0.0890625
0 0.50703125 0.634375 0.065625 0.08984375
0 0.6328125 0.6234375 0.0671875 0.07890625
0 0.6921875 0.6796875 0.0453125 0.06328125
0 0.61484375 0.82265625 0.0796875 0.16875
0 0.53671875 0.17734375 0.0703125 0.08046875
1 0.18671875 0.20859375 0.10703125 0.034375
1 0.40234375 0.20234375 0.11171875 0.03359375
1 0.65 0.20546875 0.09375 0.021875
1 0.06171875 0.58125 0.0234375 0.134375
2 0.16640625 0.35546875 0.22421875 0.31328125
2 0.16796875 0.63515625 0.21328125 0.25234375
2 0.42890625 0.446875 0.30546875 0.45546875
2 0.68125 0.384375 0.2203125 0.34609375
2 0.7265625 0.6296875 0.13203125 0.146875
2 0.71953125 0.75859375 0.1328125 0.13046875
2 0.51875 0.70234375 0.1 0.0984375
2 0.36953125 0.7125 0.1984375 0.096875