0 0.29296875 0.7015625 0.07421875 0.11796875
0 0.4203125 0.66171875 0.05546875 0.115625
0 0.52265625 0.8375 0.08828125 0.246875
0 0.790625 0.27890625 0.08125 0.27421875
0 0.6140625 0.58125 0.06796875 0.1390625
1 0.16640625 0.08359375 0.23359375 0.05078125
1 0.60703125 0.0796875 0.13203125 0.0453125
2 0.18203125 0.459375 0.303125 0.7453125
2 0.4046875 0.4328125 0.13671875 0.4
2 0.59296875 0.3640625 0.24296875 0.5671875
0 0.5109375 0.23515625 0.0796875 0.10625
0 0.8390625 0.55546875 0.26875 0.56484375