1 0.3046875 0.184375 0.17265625 0.03046875
1 0.71796875 0.18671875 0.2703125 0.028125
1 0.80234375 0.896875 0.17421875 0.028125
1 0.25546875 0.89453125 0.18125 0.02578125
1 0.42734375 0.90078125 0.0765625 0.02421875
0 0.13828125 0.375 0.08359375 0.053125
0 0.271875 0.5234375 0.075 0.07109375
0 0.48125 0.62890625 0.0859375 0.08125
0 0.325 0.76875 0.10390625 0.06796875
0 0.55 0.790625 0.115625 0.1
0 0.55625 0.934375 0.1 0.090625
2 0.27890625 0.29609375 0.4234375 0.234375
0 0.52890625 0.25546875 0.1125 0.08125
0 0.5421875 0.1578125 0.0859375 0.0859375
2 0.353125 0.509375 0.23828125 0.225
2 0.15234375 0.5578125 0.18125 0.1375
2 0.20625 0.76171875 0.31875 0.27578125
2 0.434375 0.84296875 0.1265625 0.103125
0 0.4328125 0.77578125 0.0875 0.07578125
2 0.71171875 0.4 0.47734375 0.446875
2 0.77265625 0.76015625 0.31484375 0.2703125