1 0.040625 0.15859375 0.028125 0.09453125
1 0.03203125 0.2703125 0.025 0.12421875
1 0.1078125 0.0875 0.0671875 0.0375
1 0.1796875 0.0828125 0.07421875 0.0421875
1 0.25390625 0.07578125 0.06953125 0.0421875
1 0.3625 0.0765625 0.08671875 0.04453125
1 0.44765625 0.07265625 0.07734375 0.0421875
1 0.53046875 0.0765625 0.0875 0.04453125
1 0.6 0.06953125 0.03828125 0.04453125
1 0.6359375 0.07578125 0.0390625 0.05703125
1 0.72265625 0.08671875 0.078125 0.03515625
1 0.7984375 0.08046875 0.08046875 0.05703125
1 0.86875 0.08046875 0.0625 0.0421875
1 0.92421875 0.2171875 0.02109375 0.2015625
1 0.92265625 0.40546875 0.01640625 0.1953125
1 0.92265625 0.59375 0.02734375 0.2015625
1 0.92265625 0.73046875 0.01953125 0.05703125
1 0.6125 0.62265625 0.07265625 0.03046875
1 0.53125 0.63125 0.075 0.0375
1 0.42578125 0.625 0.04609375 0.025
1 0.365625 0.6265625 0.06796875 0.03203125
1 0.28671875 0.65390625 0.0421875 0.03203125
0 0.14453125 0.3921875 0.01875 0.04453125
0 0.1578125 0.378125 0.025 0.05234375
0 0.21640625 0.3203125 0.028125 0.109375
0 0.3125 0.21328125 0.01640625 0.05390625
0 0.32265625 0.3484375 0.01328125 0.0375
0 0.328125 0.40703125 0.0109375 0.01953125
0 0.36015625 0.39921875 0.01484375 0.04453125
0 0.4859375 0.403125 0.0265625 0.05703125
0 0.571875 0.40703125 0.02265625 0.059375
0 0.6390625 0.2875 0.028125 0.03984375
0 0.68828125 0.3328125 0.02421875 0.04453125
0 0.71796875 0.46015625 0.0125 0.02734375
0 0.71640625 0.5234375 0.01015625 0.03984375
0 0.78125 0.59921875 0.01484375 0.046875
0 0.77890625 0.72578125 0.02109375 0.05703125
2 0.09453125 0.22421875 0.0921875 0.28046875
2 0.18203125 0.2234375 0.0859375 0.28828125
2 0.2609375 0.17265625 0.07734375 0.19609375
2 0.4515625 0.16875 0.259375 0.18828125
2 0.64453125 0.17109375 0.05546875 0.20859375
2 0.79609375 0.20703125 0.25 0.23046875
2 0.1921875 0.509375 0.1078125 0.2953125
0 0.246875 0.390625 0.02734375 0.05703125
2 0.27734375 0.50859375 0.0625 0.30234375
2 0.33984375 0.50234375 0.05546875 0.28515625
2 0.428125 0.49375 0.12578125 0.26796875
0 0.4703125 0.6140625 0.03203125 0.0375
2 0.53125 0.4921875 0.08125 0.2703125
2 0.62109375 0.49609375 0.0921875 0.2578125
2 0.75546875 0.45625 0.09375 0.24765625
2 0.7328125 0.66953125 0.12578125 0.16875