1 0.1515625 0.3078125 0.021875 0.36796875
1 0.92890625 0.2765625 0.0203125 0.2203125
1 0.9296875 0.64140625 0.021875 0.21640625
0 0.1515625 0.51484375 0.115625 0.10390625
0 0.4703125 0.53359375 0.0703125 0.13828125
0 0.615625 0.50390625 0.053125 0.12265625
0 0.67578125 0.39765625 0.05390625 0.12265625
0 0.665625 0.21171875 0.04296875 0.08828125
0 0.734375 0.5203125 0.05234375 0.1125
0 0.6484375 0.82734375 0.06484375 0.2453125
2 0.3265625 0.36796875 0.3515625 0.51640625
2 0.571875 0.35546875 0.15625 0.209375
2 0.58046875 0.18203125 0.13125 0.15234375
2 0.7890625 0.28046875 0.28984375 0.3640625
2 0.815625 0.63515625 0.2265625 0.371875
2 0.60625 0.5578125 0.209375 0.20625