1 0.146875 0.17109375 0.0890625 0.03359375
1 0.3171875 0.17421875 0.08828125 0.03125
1 0.42265625 0.1828125 0.09296875 0.025
1 0.6296875 0.178125 0.096875 0.0328125
1 0.7953125 0.1765625 0.05 0.02578125
1 0.91953125 0.175 0.0578125 0.0328125
1 0.9078125 0.77890625 0.0734375 0.04140625
1 0.79453125 0.78203125 0.06328125 0.01796875
1 0.60625 0.78203125 0.0953125 0.02421875
1 0.440625 0.78046875 0.059375 0.02421875
1 0.1 0.78515625 0.04609375 0.02421875
0 0.21875 0.5859375 0.06015625 0.08125
0 0.17421875 0.67578125 0.0640625 0.06640625
0 0.23515625 0.8140625 0.059375 0.084375
0 0.359375 0.5859375 0.05859375 0.08515625
0 0.4109375 0.615625 0.0640625 0.0953125
0 0.6609375 0.5515625 0.05 0.0640625
0 0.7265625 0.4453125 0.0546875 0.09296875
0 0.828125 0.44453125 0.05234375 0.078125
0 0.68046875 0.634375 0.0578125 0.08125
0 0.84375 0.14609375 0.0546875 0.08984375
0 0.240625 0.14453125 0.0578125 0.0796875
2 0.25859375 0.3296875 0.45390625 0.29921875
2 0.1546875 0.55390625 0.0734375 0.15234375
2 0.11015625 0.6328125 0.1734375 0.30234375
2 0.42734375 0.56328125 0.09375 0.17109375
2 0.43125 0.71875 0.1 0.13359375
2 0.6296875 0.6953125 0.2296875 0.18984375
2 0.5734375 0.5328125 0.12421875 0.12265625
2 0.634375 0.3203125 0.25234375 0.2921875
2 0.85703125 0.33203125 0.19765625 0.30625