1 0.165625 0.19453125 0.05078125 0.2671875
1 0.49375 0.0328125 0.10859375 0.04296875
1 0.971875 0.33359375 0.05234375 0.2609375
1 0.975 0.7078125 0.03515625 0.28203125
1 0.0265625 0.73203125 0.03515625 0.26484375
0 0.15625 0.39609375 0.1640625 0.09921875
0 0.54765625 0.44140625 0.0703125 0.12265625
0 0.63515625 0.3578125 0.08359375 0.1109375
0 0.82109375 0.44140625 0.0734375 0.1203125
0 0.496875 0.76796875 0.07578125 0.096875
0 0.32734375 0.61328125 0.08515625 0.0890625
0 0.5734375 0.7890625 0.06171875 0.103125
0 0.55859375 0.96328125 0.08359375 0.0734375
2 0.384375 0.265625 0.4453125 0.453125
2 0.78671875 0.2625 0.36875 0.45703125
2 0.196875 0.7109375 0.328125 0.45
2 0.40859375 0.5953125 0.1046875 0.2234375
2 0.4125 0.80859375 0.1109375 0.21953125
2 0.66953125 0.78359375 0.12890625 0.32421875
2 0.8515625 0.72421875 0.2421875 0.453125