2 0.321875 0.41875 0.36171875 0.2015625
2 0.721875 0.40078125 0.2203125 0.1609375
2 0.55703125 0.37421875 0.10390625 0.115625
2 0.75234375 0.64296875 0.16796875 0.2015625
2 0.08984375 0.41171875 0.103125 0.19375
0 0.1640625 0.43984375 0.06015625 0.05703125
0 0.6921875 0.55859375 0.046875 0.05
0 0.6453125 0.5578125 0.04375 0.04765625
0 0.66875 0.46015625 0.0484375 0.0484375
0 0.11171875 0.48515625 0.05234375 0.06015625
2 0.1265625 0.26796875 0.21640625 0.05859375
2 0.625 0.45390625 0.03984375 0.0625
0 0.58515625 0.4625 0.04453125 0.046875
2 0.7796875 0.509375 0.09140625 0.05234375
2 0.58515625 0.6421875 0.159375 0.20703125
2 0.528125 0.459375 0.046875 0.0546875
1 0.5875 0.7546875 0.075 0.028125
1 0.75 0.753125 0.07734375 0.02890625
2 0.36484375 0.64375 0.26015625 0.23125
1 0.30390625 0.75625 0.08828125 0.028125
0 0.53046875 0.50859375 0.0484375 0.05078125
1 0.403125 0.3109375 0.1125 0.021875
0 0.45234375 0.66484375 0.04140625 0.040625
0 0.1125 0.346875 0.04609375 0.0421875
1 0.10625 0.309375 0.046875 0.02578125
1 0.26328125 0.303125 0.0453125 0.02265625
1 0.40234375 0.30390625 0.10390625 0.01953125
1 0.54453125 0.303125 0.04609375 0.01953125
1 0.71875 0.3 0.06953125 0.025
1 0.1265625 0.83046875 0.13203125 0.009375
2 0.12578125 0.6734375 0.19140625 0.3078125