1 0.28984375 0.0296875 0.1453125 0.03515625
1 0.79921875 0.028125 0.05 0.0265625
1 0.78984375 0.61953125 0.02734375 0.28984375
1 0.80703125 0.4015625 0.02421875 0.0328125
1 0.82890625 0.215625 0.02265625 0.3828125
0 0.42890625 0.29453125 0.08046875 0.08984375
0 0.65859375 0.36328125 0.06640625 0.10234375
0 0.74296875 0.30078125 0.0734375 0.1
0 0.2515625 0.6828125 0.08046875 0.10234375
0 0.24453125 0.83828125 0.075 0.09140625
2 0.23671875 0.5234375 0.103125 0.246875
2 0.540625 0.60625 0.48515625 0.39765625
2 0.290625 0.2171875 0.2234375 0.3734375
2 0.56015625 0.21640625 0.31171875 0.3765625