1 0.0625 0.396875 0.02109375 0.09921875
1 0.38359375 0.440625 0.01953125 0.29296875
1 0.89609375 0.79296875 0.05234375 0.04296875
0 0.2125 0.284375 0.05546875 0.09140625
0 0.26328125 0.2625 0.04765625 0.09140625
0 0.25625 0.45390625 0.04375 0.09140625
0 0.0953125 0.64140625 0.06875 0.128125
0 0.6296875 0.83828125 0.04765625 0.11328125
0 0.72890625 0.30859375 0.034375 0.04375
0 0.72578125 0.41328125 0.03203125 0.0703125
0 0.72734375 0.51015625 0.03125 0.06328125
0 0.7640625 0.5375 0.04765625 0.103125
2 0.8359375 0.3796875 0.24453125 0.38046875
2 0.74609375 0.68046875 0.121875 0.2203125
2 0.51796875 0.41328125 0.278125 0.4625
2 0.45546875 0.73046875 0.146875 0.1515625
1 0.4546875 0.79921875 0.0546875 0.03125
2 0.14140625 0.4359375 0.16640625 0.50078125
2 0.290625 0.58671875 0.12109375 0.20390625
2 0.29375 0.3546875 0.1171875 0.271875
2 0.29453125 0.15625 0.12890625 0.13125
2 0.203125 0.74609375 0.29375 0.13359375