1 0.03671875 0.43515625 0.02421875 0.090625
1 0.125 0.71640625 0.08125 0.02890625
1 0.3484375 0.71328125 0.05078125 0.0203125
1 0.465625 0.634375 0.01328125 0.07890625
1 0.6265625 0.715625 0.0671875 0.01875
1 0.88359375 0.71484375 0.14921875 0.03828125
1 0.96796875 0.21640625 0.0328125 0.1140625
1 0.55390625 0.2578125 0.02421875 0.1171875
1 0.55390625 0.49453125 0.01953125 0.1078125
2 0.11015625 0.409375 0.153125 0.1609375
2 0.17265625 0.60625 0.2953125 0.22890625
2 0.37890625 0.603125 0.12734375 0.22890625
2 0.25234375 0.41015625 0.13671875 0.16484375
2 0.3765625 0.37578125 0.12265625 0.234375
2 0.50625 0.6328125 0.09375 0.17109375
2 0.6328125 0.46328125 0.1609375 0.19609375
2 0.62734375 0.265625 0.1578125 0.19921875
2 0.75 0.2875 0.08046875 0.1171875
2 0.8375 0.54296875 0.26171875 0.35625
2 0.8765625 0.265625 0.178125 0.20703125
0 0.87578125 0.3921875 0.0890625 0.08203125
0 0.90703125 0.19453125 0.05703125 0.09609375
0 0.74296875 0.20625 0.03125 0.0515625
0 0.5703125 0.6203125 0.05625 0.07265625
0 0.503125 0.74140625 0.05625 0.07734375
0 0.29453125 0.603125 0.0703125 0.075
0 0.12265625 0.51640625 0.053125 0.08046875
0 0.30234375 0.365625 0.04375 0.05078125