0 0.2890625 0.4109375 0.090625 0.103125
0 0.290625 0.6046875 0.075 0.1109375
0 0.59140625 0.59296875 0.0765625 0.11640625
0 0.6953125 0.41953125 0.0703125 0.1234375
0 0.8515625 0.39765625 0.0828125 0.11640625
0 0.4546875 0.76171875 0.09140625 0.08984375
0 0.35859375 0.9390625 0.0796875 0.1203125
1 0.04296875 0.3375 0.034375 0.2359375
1 0.04140625 0.6046875 0.02890625 0.26015625
1 0.8296875 0.67421875 0.02109375 0.275
1 0.8296875 0.20859375 0.01875 0.3140625
1 0.428125 0.0484375 0.13984375 0.03828125
2 0.1796875 0.2609375 0.2828125 0.43203125
2 0.1765625 0.67578125 0.28046875 0.41953125
2 0.52890625 0.7921875 0.190625 0.19609375
2 0.5765625 0.25390625 0.5203125 0.41328125
2 0.7234375 0.678125 0.215625 0.40703125
2 0.521875 0.58984375 0.1859375 0.25234375