0 0.290625 0.26640625 0.08203125 0.07265625
0 0.765625 0.2734375 0.0984375 0.07421875
0 0.671875 0.52421875 0.06875 0.0515625
0 0.740625 0.525 0.06328125 0.059375
0 0.74609375 0.5875 0.078125 0.0546875
0 0.75234375 0.65078125 0.05390625 0.04765625
0 0.66328125 0.609375 0.05703125 0.04453125
0 0.16171875 0.53671875 0.0703125 0.04765625
0 0.20078125 0.5859375 0.0484375 0.04140625
0 0.32421875 0.653125 0.0671875 0.04609375
0 0.2609375 0.67265625 0.06328125 0.04765625
0 0.2578125 0.76171875 0.0796875 0.0546875
0 0.21953125 0.828125 0.0859375 0.04609375
0 0.22421875 0.89140625 0.046875 0.08984375
1 0.1421875 0.28828125 0.0984375 0.02578125
1 0.3953125 0.290625 0.12734375 0.025
1 0.6109375 0.29296875 0.12578125 0.0265625
1 0.40546875 0.7375 0.090625 0.0328125
1 0.7046875 0.74375 0.0953125 0.0265625
1 0.85703125 0.7453125 0.0953125 0.02578125
2 0.26875 0.40625 0.4234375 0.23828125
2 0.61796875 0.42109375 0.20703125 0.2765625
2 0.38125 0.63046875 0.18828125 0.2234375
2 0.11640625 0.596875 0.11796875 0.06015625
2 0.1265625 0.834375 0.13828125 0.19609375
2 0.82734375 0.41875 0.22578125 0.265625
2 0.859375 0.58203125 0.1625 0.06171875
2 0.859375 0.67734375 0.1625 0.1296875