0 0.22109375 0.11640625 0.04765625 0.0921875
0 0.29921875 0.1140625 0.04140625 0.090625
0 0.175 0.43203125 0.04765625 0.078125
0 0.16953125 0.5125 0.05390625 0.06796875
0 0.2984375 0.41171875 0.04140625 0.084375
0 0.5421875 0.4359375 0.0609375 0.0921875
0 0.76875 0.440625 0.04609375 0.06171875
0 0.7609375 0.5421875 0.04453125 0.0796875
1 0.3484375 0.93515625 0.071875 0.04609375
0 0.83984375 0.659375 0.03125 0.0625
1 0.65 0.93359375 0.1984375 0.0390625
1 0.81484375 0.93359375 0.06796875 0.04609375
1 0.8859375 0.14765625 0.0734375 0.0515625
1 0.93359375 0.2578125 0.0265625 0.10546875
1 0.0328125 0.58828125 0.021875 0.14921875
1 0.0328125 0.33671875 0.02421875 0.14375
2 0.11171875 0.30859375 0.1578125 0.31328125
2 0.1109375 0.596875 0.15625 0.25078125
2 0.23359375 0.65546875 0.0890625 0.1515625
0 0.2515625 0.76875 0.04140625 0.09453125
1 0.64609375 0.48359375 0.19609375 0.040625
2 0.22421875 0.26953125 0.09921875 0.2296875
2 0.3078125 0.32578125 0.08515625 0.1171875
2 0.30625 0.20703125 0.07421875 0.11484375
2 0.38125 0.2109375 0.0734375 0.11796875
2 0.434375 0.37578125 0.18125 0.2421875
2 0.46953125 0.2078125 0.096875 0.11953125
1 0.5171875 0.2390625 0.01640625 0.0828125
1 0.5171875 0.38828125 0.0203125 0.16640625
2 0.85859375 0.25703125 0.1609375 0.22578125
2 0.88671875 0.4296875 0.10390625 0.1234375
2 0.884375 0.54375 0.1046875 0.1234375
2 0.89921875 0.64375 0.0890625 0.08671875
2 0.85703125 0.8125 0.16328125 0.23671875
2 0.52890625 0.7203125 0.49453125 0.428125