0 0.72578125 0.19375 0.14765625 0.04609375
0 0.65703125 0.5484375 0.09609375 0.04609375
0 0.471875 0.5921875 0.09375 0.04140625
0 0.3296875 0.65625 0.0984375 0.04609375
0 0.6 0.715625 0.11015625 0.04453125
0 0.07109375 0.659375 0.128125 0.05234375
0 0.36953125 0.7828125 0.06171875 0.04609375
0 0.2390625 0.83671875 0.09375 0.04921875
0 0.2390625 0.884375 0.11015625 0.04921875
0 0.4890625 0.83125 0.128125 0.0484375
1 0.87265625 0.87265625 0.05078125 0.09609375
1 0.86875 0.76640625 0.0640625 0.14375
1 0.878125 0.45703125 0.0515625 0.0984375
1 0.95390625 0.30390625 0.0484375 0.15
1 0.29296875 0.3015625 0.0375 0.1484375
1 0.290625 0.46328125 0.0640625 0.13125
1 0.10859375 0.7734375 0.0484375 0.07890625
1 0.1015625 0.85078125 0.03984375 0.08359375
2 0.6265625 0.296875 0.66640625 0.18515625
2 0.57734375 0.45078125 0.55703125 0.1484375
2 0.77578125 0.60625 0.32890625 0.165625
2 0.70390625 0.74921875 0.3234375 0.1359375
2 0.38125 0.72421875 0.10703125 0.08046875
2 0.359375 0.56328125 0.13046875 0.09609375
2 0.57578125 0.88046875 0.30234375 0.146875
2 0.78984375 0.88046875 0.125 0.1546875