0 0.375 0.2375 0.0625 0.08046875
0 0.803125 0.30859375 0.12421875 0.09140625
0 0.37578125 0.40625 0.0640625 0.08359375
0 0.371875 0.6015625 0.053125 0.07265625
0 0.38984375 0.68125 0.078125 0.0984375
0 0.4375 0.7296875 0.07265625 0.08984375
2 0.578125 0.18515625 0.45703125 0.33828125
1 0.80625 0.1484375 0.01875 0.23984375
1 0.08125 0.15234375 0.03125 0.1921875
1 0.07890625 0.42109375 0.028125 0.17421875
1 0.07734375 0.5453125 0.02578125 0.08984375
0 0.496875 0.39609375 0.0625 0.09453125
0 0.746875 0.6734375 0.04765625 0.11015625
0 0.53125 0.7859375 0.06953125 0.07890625
1 0.80390625 0.5765625 0.03359375 0.27421875
1 0.80390625 0.7640625 0.0234375 0.12890625
2 0.58515625 0.1890625 0.45390625 0.3296875
2 0.2171875 0.15234375 0.2859375 0.26484375
2 0.215625 0.45703125 0.28046875 0.35625
2 0.28984375 0.578125 0.14375 0.1390625
2 0.63359375 0.521875 0.3375 0.35390625
2 0.7375 0.79453125 0.14453125 0.19453125
2 0.61015625 0.7921875 0.11640625 0.196875