0 0.60546875 0.2484375 0.1125 0.0734375
0 0.33046875 0.47734375 0.11484375 0.071875
0 0.56796875 0.60703125 0.08515625 0.0734375
0 0.609375 0.67109375 0.09296875 0.0671875
0 0.53203125 0.80625 0.1 0.065625
0 0.33203125 0.8484375 0.10390625 0.06875
0 0.2234375 0.29765625 0.05234375 0.046875
0 0.1046875 0.375 0.0328125 0.0296875
1 0.4828125 0.28515625 0.17578125 0.03671875
1 0.765625 0.2765625 0.184375 0.0359375
1 0.30390625 0.27734375 0.121875 0.025
2 0.25703125 0.4140625 0.2546875 0.2640625
2 0.2078125 0.59375 0.121875 0.103125
2 0.3484375 0.59375 0.140625 0.09296875
2 0.28515625 0.709375 0.271875 0.14296875
0 0.3234375 0.665625 0.08671875 0.059375
0 0.46328125 0.70390625 0.07578125 0.0609375
2 0.77421875 0.6609375 0.2546875 0.221875
2 0.5265625 0.41015625 0.3109375 0.27421875
2 0.78203125 0.409375 0.25703125 0.27890625