0 0.26171875 0.20859375 0.08671875 0.1796875
0 0.37265625 0.6359375 0.07734375 0.08046875
0 0.625 0.5515625 0.06484375 0.0953125
0 0.71328125 0.55390625 0.0703125 0.090625
0 0.74609375 0.7203125 0.0765625 0.078125
0 0.73203125 0.81640625 0.0796875 0.16015625
0 0.5109375 0.7734375 0.084375 0.09375
0 0.3703125 0.7296875 0.0859375 0.0828125
1 0.5390625 0.20703125 0.18984375 0.046875
1 0.8234375 0.20625 0.171875 0.0578125
1 0.1375 0.2046875 0.16328125 0.0265625
1 0.02578125 0.58359375 0.04921875 0.1140625
1 0.028125 0.8109375 0.03203125 0.175
2 0.2171875 0.4515625 0.38203125 0.48046875
2 0.53984375 0.4 0.2859375 0.384375
2 0.8234375 0.3953125 0.30078125 0.3734375
2 0.8765625 0.7296875 0.2046875 0.171875
2 0.2078125 0.83125 0.3921875 0.28984375
2 0.5421875 0.8890625 0.27578125 0.1703125