1 0.45859375 0.1890625 0.12421875 0.0328125
1 0.72578125 0.35703125 0.03125 0.17109375
1 0.721875 0.63125 0.03203125 0.171875
1 0.221875 0.1921875 0.09296875 0.04140625
2 0.30390625 0.50078125 0.065625 0.07890625
2 0.39453125 0.490625 0.0765625 0.1109375
2 0.75625 0.4921875 0.0921875 0.09921875
2 0.1859375 0.81953125 0.07265625 0.1140625
0 0.5265625 0.36484375 0.38984375 0.34453125
0 0.59296875 0.6578125 0.25859375 0.24140625
0 0.39765625 0.65546875 0.128125 0.246875
0 0.27890625 0.58359375 0.10625 0.09296875
0 0.28203125 0.69765625 0.11171875 0.13828125
2 0.359375 0.6734375 0.05859375 0.075
0 0.21484375 0.315625 0.234375 0.246875