1 0.25390625 0.15 0.1 0.0765625
1 0.3828125 0.14296875 0.1015625 0.05234375
1 0.71875 0.128125 0.06328125 0.06328125
1 0.78359375 0.28515625 0.03046875 0.2125
1 0.78203125 0.74296875 0.03203125 0.2203125
2 0.1953125 0.69375 0.05546875 0.096875
2 0.2953125 0.609375 0.06484375 0.1109375
2 0.38671875 0.70625 0.065625 0.1203125
2 0.26875 0.76171875 0.07734375 0.09453125
2 0.28203125 0.85 0.07734375 0.11640625
2 0.44921875 0.45 0.06640625 0.1015625
0 0.21171875 0.3140625 0.23515625 0.34375
2 0.7828125 0.4296875 0.14765625 0.11015625
0 0.4015625 0.31796875 0.16015625 0.3578125
0 0.36640625 0.57421875 0.0953125 0.1609375
0 0.159375 0.565625 0.13125 0.175
0 0.16484375 0.78203125 0.153125 0.246875
0 0.6328125 0.38125 0.315625 0.49609375
0 0.63046875 0.76015625 0.3125 0.265625