2 0.63515625 0.328125 0.078125 0.109375
2 0.275 0.68203125 0.07578125 0.09921875
2 0.50078125 0.6875 0.071875 0.0828125
2 0.23671875 0.82421875 0.06953125 0.059375
2 0.03125 0.91640625 0.06171875 0.11484375
1 0.2640625 0.1703125 0.1046875 0.059375
1 0.44375 0.16328125 0.10078125 0.0515625
1 0.565625 0.16328125 0.096875 0.059375
1 0.74375 0.159375 0.10078125 0.05546875
0 0.38046875 0.41171875 0.4984375 0.45
1 0.03359375 0.1890625 0.06640625 0.05546875
2 0.02421875 0.828125 0.04765625 0.10546875
0 0.06640625 0.50859375 0.11875 0.53828125
0 0.384375 0.71796875 0.17734375 0.16796875
0 0.58046875 0.71640625 0.08359375 0.15625
0 0.753125 0.53203125 0.15234375 0.6328125