0 0.2140625 0.253125 0.19375 0.1421875
0 0.1984375 0.36640625 0.05078125 0.09296875
0 0.07890625 0.2734375 0.1078125 0.16640625
0 0.09375 0.4203125 0.13046875 0.1390625
0 0.15234375 0.70234375 0.2609375 0.27265625
0 0.44453125 0.615625 0.08984375 0.2515625
0 0.3921875 0.303125 0.18671875 0.2296875
0 0.60625 0.303125 0.18203125 0.22734375
0 0.72109375 0.3203125 0.053125 0.08828125
0 0.75078125 0.23671875 0.11796875 0.11640625
0 0.89140625 0.30390625 0.15625 0.234375
0 0.8734375 0.6140625 0.20390625 0.23671875
0 0.64921875 0.70703125 0.2671875 0.278125
1 0.653125 0.8265625 0.19609375 0.02734375
1 0.83515625 0.73515625 0.09609375 0.01875
1 0.91875 0.190625 0.090625 0.0328125
1 0.7640625 0.19765625 0.05234375 0.021875
1 0.6234375 0.18984375 0.090625 0.02734375
1 0.4828125 0.30703125 0.021875 0.1125
1 0.22578125 0.1953125 0.10859375 0.0234375
1 0.10234375 0.19140625 0.0375 0.01875
1 0.15078125 0.8265625 0.1609375 0.0171875
2 0.26640625 0.60703125 0.0640625 0.08046875
2 0.3234375 0.71328125 0.06015625 0.18515625
2 0.3359375 0.51640625 0.04765625 0.07578125
2 0.43203125 0.46953125 0.0640625 0.0625
2 0.196875 0.43359375 0.040625 0.04921875
2 0.17421875 0.45703125 0.03671875 0.04921875
2 0.246875 0.440625 0.03515625 0.06328125
2 0.1421875 0.25859375 0.05234375 0.0546875
2 0.240625 0.30234375 0.05 0.06171875
2 0.32734375 0.38828125 0.05078125 0.08515625
2 0.80078125 0.3984375 0.0390625 0.06484375
2 0.7609375 0.3421875 0.0609375 0.0515625
2 0.83984375 0.38984375 0.059375 0.06640625
2 0.84140625 0.521875 0.046875 0.07109375
2 0.79765625 0.77578125 0.05703125 0.078125