2 0.31875 0.1640625 0.0609375 0.06015625
2 0.45078125 0.165625 0.06484375 0.053125
2 0.4859375 0.0953125 0.0609375 0.04765625
2 0.321875 0.2375 0.0671875 0.053125
2 0.79765625 0.39921875 0.0828125 0.06015625
2 0.325 0.61953125 0.078125 0.0546875
2 0.3859375 0.6890625 0.053125 0.06796875
2 0.4578125 0.75390625 0.053125 0.05
2 0.640625 0.834375 0.05078125 0.0515625
2 0.65234375 0.89140625 0.04375 0.053125
1 0.07109375 0.125 0.03984375 0.109375
1 0.08046875 0.2921875 0.02265625 0.12890625
1 0.0765625 0.56015625 0.0484375 0.1140625
1 0.7765625 0.56015625 0.0296875 0.11328125
1 0.78359375 0.7578125 0.03203125 0.0921875
1 0.7796875 0.9390625 0.03359375 0.0859375
1 0.78125 0.3015625 0.0296875 0.14375
1 0.7765625 0.10546875 0.03671875 0.1140625
0 0.21015625 0.10546875 0.27578125 0.2015625
0 0.62265625 0.1046875 0.31328125 0.19375
0 0.20859375 0.3328125 0.284375 0.259375
0 0.21171875 0.5703125 0.28515625 0.203125
0 0.6640625 0.56171875 0.24375 0.21640625
0 0.56171875 0.3296875 0.44375 0.24453125
0 0.64375 0.7625 0.28515625 0.18359375
0 0.465625 0.81328125 0.09609375 0.06875
0 0.5484375 0.9203125 0.246875 0.1328125
0 0.725 0.92578125 0.10703125 0.125