1 0.03203125 0.1234375 0.0234375 0.09609375
1 0.1328125 0.03359375 0.02734375 0.0109375
1 0.2421875 0.02890625 0.06484375 0.015625
1 0.3625 0.03359375 0.04921875 0.0140625
1 0.4578125 0.18984375 0.01171875 0.08984375
1 0.15078125 0.421875 0.11796875 0.009375
1 0.353125 0.42109375 0.0546875 0.0234375
1 0.496875 0.23984375 0.02421875 0.1171875
1 0.49453125 0.50546875 0.01328125 0.04453125
1 0.59140625 0.4609375 0.0390625 0.009375
1 0.70234375 0.4578125 0.0453125 0.015625
1 0.81015625 0.46015625 0.02734375 0.0109375
1 0.90859375 0.25 0.01953125 0.15625
1 0.9109375 0.615625 0.021875 0.04609375
1 0.49921875 0.73984375 0.01953125 0.14375
1 0.60390625 0.83203125 0.1 0.0265625
1 0.909375 0.8046875 0.01328125 0.03671875
0 0.10390625 0.1328125 0.14140625 0.20078125
0 0.1421875 0.32734375 0.2125 0.18203125
0 0.2515625 0.11484375 0.14375 0.1578125
0 0.23671875 0.209375 0.06484375 0.05390625
0 0.3875 0.1640625 0.12578125 0.26875
0 0.57109375 0.23046875 0.15 0.246875
0 0.7140625 0.140625 0.128125 0.121875
0 0.70546875 0.2359375 0.0515625 0.08359375
0 0.84296875 0.1625 0.134375 0.240625
0 0.58046875 0.51328125 0.18359375 0.1078125
0 0.72734375 0.51015625 0.1078125 0.1109375
0 0.5578125 0.60703125 0.13984375 0.08046875
0 0.73515625 0.60703125 0.11015625 0.07734375
0 0.8734375 0.5515625 0.0765625 0.18671875
0 0.6390625 0.734375 0.2859375 0.17421875
0 0.87265625 0.6765625 0.07734375 0.06171875
0 0.87890625 0.74140625 0.07890625 0.05234375