2 0.38125 0.3125 0.0609375 0.06171875
2 0.309375 0.33359375 0.08125 0.0625
2 0.79609375 0.3703125 0.13671875 0.0640625
2 0.3203125 0.403125 0.07578125 0.07109375
2 0.32421875 0.63203125 0.07265625 0.07421875
2 0.3796875 0.82890625 0.07578125 0.16875
1 0.06640625 0.25546875 0.0375 0.1546875
1 0.0671875 0.4796875 0.0265625 0.140625
1 0.0640625 0.71171875 0.02265625 0.1265625
0 0.37421875 0.2171875 0.14609375 0.15
0 0.20234375 0.25625 0.2671875 0.23125
0 0.20859375 0.4875 0.275 0.2328125
0 0.20078125 0.7140625 0.2828125 0.2359375
0 0.6171875 0.29375 0.35625 0.30546875