1 0.278125 0.0703125 0.08125 0.0203125
1 0.36640625 0.06640625 0.090625 0.03046875
1 0.42109375 0.253125 0.015625 0.04296875
1 0.025 0.259375 0.02265625 0.09765625
1 0.33359375 0.43671875 0.04453125 0.02734375
1 0.49140625 0.49765625 0.07421875 0.03984375
1 0.5484375 0.5046875 0.0328125 0.0359375
1 0.28984375 0.6015625 0.06171875 0.034375
1 0.3859375 0.61015625 0.06484375 0.034375
1 0.2359375 0.7546875 0.015625 0.053125
1 0.23515625 0.696875 0.01875 0.0328125
1 0.55859375 0.284375 0.01796875 0.05703125
1 0.84609375 0.0734375 0.0546875 0.03125
1 0.953125 0.2796875 0.01640625 0.09921875
2 0.21875 0.13203125 0.04140625 0.04453125
2 0.33671875 0.10546875 0.0453125 0.05
2 0.08359375 0.396875 0.04296875 0.05546875
2 0.0625 0.4609375 0.03203125 0.0546875
1 0.121875 0.44140625 0.0328125 0.0296875
2 0.43359375 0.353125 0.0375 0.0546875
2 0.4296875 0.56171875 0.04140625 0.04453125
2 0.54296875 0.54140625 0.0296875 0.04765625
2 0.44921875 0.6546875 0.0375 0.04140625
2 0.46484375 0.6953125 0.02890625 0.04609375
2 0.6 0.703125 0.0328125 0.0578125
2 0.3421875 0.67109375 0.03515625 0.05703125
2 0.22890625 0.665625 0.04140625 0.0359375
2 0.2921875 0.73671875 0.0421875 0.0578125
2 0.40234375 0.74140625 0.0296875 0.06640625
2 0.77578125 0.3109375 0.028125 0.053125
2 0.79296875 0.25703125 0.03203125 0.06171875
2 0.8796875 0.26484375 0.0359375 0.06328125
2 0.94375 0.3625 0.02890625 0.05
2 0.8375 0.365625 0.0265625 0.03984375
1 0.8640625 0.440625 0.028125 0.03046875
0 0.121875 0.1046875 0.2015625 0.13046875
0 0.12578125 0.38671875 0.059375 0.1015625
0 0.371875 0.18203125 0.1125 0.228125
0 0.29375 0.365625 0.27578125 0.1359375
0 0.3015625 0.6609375 0.1234375 0.1046875
0 0.40078125 0.65625 0.090625 0.11640625
0 0.30078125 0.7984375 0.12734375 0.1578125
0 0.40078125 0.7953125 0.0859375 0.1578125
0 0.50390625 0.790625 0.1203125 0.1625
0 0.6 0.7984375 0.071875 0.16171875
0 0.58203125 0.6046875 0.11171875 0.22578125
0 0.4859375 0.6109375 0.09375 0.2140625
0 0.7265625 0.30859375 0.0734375 0.26015625
0 0.79375 0.18125 0.0578125 0.225
0 0.88984375 0.17734375 0.121875 0.22421875
0 0.890625 0.37265625 0.1296875 0.153125