0 0.47265625 0.49140625 0.434375 0.33046875
0 0.6484375 0.7046875 0.10546875 0.10234375
0 0.75234375 0.50859375 0.159375 0.1328125
0 0.7625 0.3859375 0.1609375 0.12578125
0 0.725 0.2015625 0.23125 0.2484375
0 0.534375 0.2046875 0.1609375 0.24921875
0 0.36328125 0.2078125 0.1765625 0.24921875
1 0.265625 0.3984375 0.04296875 0.11953125
1 0.26484375 0.63359375 0.04375 0.11953125
1 0.26640625 0.1796875 0.0375 0.1
1 0.35546875 0.06875 0.0671875 0.04921875
1 0.546875 0.0625 0.09140625 0.04140625
1 0.71484375 0.0640625 0.12109375 0.0453125
2 0.2234375 0.51640625 0.08515625 0.075
2 0.65546875 0.29765625 0.05859375 0.0796875
2 0.7578125 0.471875 0.05546875 0.0734375
2 0.7625 0.60859375 0.05546875 0.0890625
2 0.728125 0.68828125 0.059375 0.05703125
2 0.80625 0.8875 0.0703125 0.1765625