1 0.1234375 0.28515625 0.0375 0.1046875
1 0.121875 0.4578125 0.0484375 0.10625
1 0.12890625 0.634375 0.0453125 0.1109375
1 0.78203125 0.6703125 0.034375 0.1359375
1 0.78359375 0.45234375 0.04921875 0.121875
1 0.78828125 0.30859375 0.03984375 0.1125
1 0.7828125 0.11015625 0.02890625 0.090625
0 0.23125 0.26640625 0.215625 0.234375
0 0.3953125 0.20703125 0.1140625 0.13671875
0 0.23125 0.45703125 0.215625 0.1375
0 0.23125 0.64296875 0.2375 0.234375
0 0.6203125 0.66171875 0.33515625 0.23046875
0 0.62265625 0.8625 0.35234375 0.1953125
0 0.84140625 0.7984375 0.1140625 0.1328125
0 0.65390625 0.46640625 0.26015625 0.15859375
0 0.58359375 0.3359375 0.13046875 0.1015625
0 0.58046875 0.24375 0.09765625 0.08125
0 0.7296875 0.296875 0.146875 0.190625
2 0.40078125 0.28828125 0.05859375 0.04140625
2 0.55546875 0.1859375 0.05859375 0.03671875
2 0.709375 0.18984375 0.04609375 0.03828125
2 0.78515625 0.17421875 0.1 0.04453125
2 0.66796875 0.36796875 0.046875 0.04296875
2 0.3296875 0.49296875 0.04296875 0.04921875
2 0.32734375 0.60703125 0.05078125 0.05859375
2 0.409375 0.734375 0.0640625 0.04140625
2 0.84296875 0.715625 0.0578125 0.0359375
2 0.78828125 0.58046875 0.13046875 0.04921875