1 0.034375 0.3625 0.01640625 0.22578125
1 0.465625 0.0703125 0.078125 0.0203125
1 0.590625 0.040625 0.02890625 0.04296875
1 0.65 0.025 0.06953125 0.03203125
1 0.7078125 0.04453125 0.028125 0.05
1 0.853125 0.07265625 0.06484375 0.0234375
1 0.94453125 0.36796875 0.0140625 0.08984375
1 0.9453125 0.65703125 0.01796875 0.14375
1 0.825 0.75859375 0.07890625 0.028125
1 0.5515625 0.86796875 0.02734375 0.046875
1 0.62890625 0.89765625 0.1234375 0.04140625
1 0.7078125 0.871875 0.02109375 0.04296875
1 0.4078125 0.8484375 0.0890625 0.021875
1 0.32265625 0.8125 0.01015625 0.05
0 0.11796875 0.340625 0.1625 0.52421875
0 0.26640625 0.23515625 0.1125 0.3265625
0 0.359375 0.1796875 0.0703125 0.20546875
0 0.46953125 0.2109375 0.1640625 0.278125
0 0.3546875 0.34609375 0.0703125 0.13984375
0 0.4078125 0.7046875 0.178125 0.2921875
0 0.63359375 0.23125 0.16640625 0.33359375
0 0.83671875 0.14765625 0.22734375 0.1390625
0 0.765625 0.2625 0.078125 0.07734375
0 0.7640625 0.3828125 0.08125 0.16640625
0 0.87265625 0.37890625 0.13046875 0.22578125
0 0.834375 0.60625 0.215625 0.28359375
2 0.25 0.4140625 0.04765625 0.090625
2 0.30546875 0.46953125 0.06015625 0.084375
2 0.36953125 0.471875 0.05390625 0.07890625
2 0.4046875 0.3828125 0.03984375 0.06953125
2 0.43828125 0.30625 0.0453125 0.09296875
2 0.40625 0.21015625 0.04296875 0.0703125
2 0.4671875 0.5703125 0.0453125 0.0609375
2 0.7359375 0.18203125 0.046875 0.0734375
2 0.76953125 0.1984375 0.0375 0.09140625
2 0.83125 0.246875 0.0421875 0.07890625
2 0.81640625 0.34375 0.03671875 0.0703125
2 0.82734375 0.46796875 0.0390625 0.075
2 0.7625 0.7890625 0.0390625 0.0765625
2 0.9578125 0.19140625 0.05390625 0.0734375