1 0.16953125 0.23671875 0.04453125 0.39609375
1 0.0203125 0.69921875 0.03125 0.38046875
1 0.98671875 0.27890625 0.0265625 0.334375
1 0.984375 0.68515625 0.03125 0.4265625
0 0.6484375 0.1765625 0.175 0.28984375
0 0.359375 0.240625 0.39375 0.4234375
0 0.8625 0.2453125 0.24375 0.4359375
0 0.85859375 0.71015625 0.26328125 0.51328125
0 0.2921875 0.71796875 0.5484375 0.53515625
2 0.0984375 0.39453125 0.078125 0.1375
2 0.5203125 0.3828125 0.125 0.11796875
2 0.634375 0.3671875 0.07734375 0.13203125
2 0.76484375 0.38203125 0.09453125 0.11640625
2 0.7640625 0.60078125 0.07734375 0.11640625
2 0.665625 0.91953125 0.09296875 0.14375