1 0.184375 0.05390625 0.2953125 0.03984375
1 0.46796875 0.0484375 0.09296875 0.0421875
1 0.73671875 0.0546875 0.425 0.04375
2 0.1875 0.45703125 0.30546875 0.7890625
2 0.4328125 0.48671875 0.165625 0.2765625
2 0.42421875 0.19609375 0.1828125 0.28359375
2 0.73515625 0.4109375 0.440625 0.69609375
0 0.2890625 0.1890625 0.1171875 0.0984375
0 0.5609375 0.18359375 0.1078125 0.09140625
0 0.3921875 0.65390625 0.1125 0.11328125
0 0.58359375 0.56328125 0.1125 0.1296875
0 0.50703125 0.71484375 0.121875 0.11875
0 0.50625 0.9015625 0.13125 0.134375