1 0.1484375 0.1109375 0.13046875 0.03125
1 0.34453125 0.109375 0.11171875 0.04296875
1 0.56015625 0.190625 0.059375 0.0453125
1 0.71953125 0.1859375 0.05703125 0.034375
1 0.1921875 0.81953125 0.096875 0.03828125
1 0.5953125 0.82265625 0.08515625 0.04140625
1 0.68671875 0.81953125 0.09296875 0.03828125
2 0.171875 0.35234375 0.21953125 0.4828125
2 0.3390625 0.34453125 0.11953125 0.4890625
2 0.33828125 0.6484375 0.12890625 0.11796875
2 0.34375 0.75625 0.13203125 0.1109375
2 0.109375 0.646875 0.07578125 0.06328125
2 0.11015625 0.74453125 0.07734375 0.1421875
2 0.56171875 0.70078125 0.1609375 0.24296875
2 0.73125 0.70078125 0.178125 0.24296875
2 0.75859375 0.52578125 0.1046875 0.103125
2 0.73046875 0.303125 0.17421875 0.2390625
0 0.23671875 0.08046875 0.0515625 0.08203125
0 0.1640625 0.65 0.05703125 0.05078125
0 0.16875 0.73671875 0.0421875 0.0453125
0 0.221875 0.73984375 0.03984375 0.06328125
0 0.334375 0.55625 0.04375 0.07109375
0 0.340625 0.67890625 0.053125 0.05625
0 0.21796875 0.90390625 0.06328125 0.06953125
0 0.61484375 0.60859375 0.0546875 0.06875
0 0.665625 0.6109375 0.053125 0.078125
0 0.6890625 0.53515625 0.03828125 0.04921875
0 0.67109375 0.3953125 0.05546875 0.06875
0 0.665625 0.18515625 0.0515625 0.13671875
0 0.615625 0.18515625 0.06171875 0.140625
2 0.55859375 0.3046875 0.16640625 0.24296875