1 0.34140625 0.03515625 0.21640625 0.03515625
1 0.58828125 0.0375 0.2625 0.0359375
1 0.609375 0.484375 0.246875 0.0390625
2 0.290625 0.13515625 0.3375 0.21015625
2 0.66640625 0.1484375 0.41953125 0.19453125
2 0.64140625 0.36015625 0.4765625 0.240625
2 0.2625 0.3125 0.315625 0.13984375
2 0.2640625 0.4296875 0.3046875 0.103125
2 0.57265625 0.903125 0.18125 0.14296875
0 0.4203125 0.9234375 0.13125 0.07578125
0 0.30703125 0.5078125 0.1421875 0.0765625
0 0.2875 0.41015625 0.16171875 0.05546875
0 0.41015625 0.17578125 0.1640625 0.0578125