1 0.4828125 0.15859375 0.1890625 0.0328125
1 0.68671875 0.1515625 0.10546875 0.02734375
1 0.86796875 0.14921875 0.09296875 0.03984375
1 0.5390625 0.7875 0.128125 0.02578125
1 0.21640625 0.784375 0.096875 0.0234375
2 0.07734375 0.15703125 0.07890625 0.24296875
2 0.078125 0.35625 0.084375 0.14765625
2 0.22734375 0.29453125 0.2078125 0.28359375
2 0.275 0.51875 0.1046875 0.159375
2 0.171875 0.53046875 0.11328125 0.20390625
2 0.4734375 0.31171875 0.28125 0.32734375
2 0.47265625 0.63359375 0.2875 0.31875
2 0.65078125 0.7109375 0.07109375 0.1609375
2 0.70703125 0.271875 0.1859375 0.25390625
2 0.88359375 0.3203125 0.16171875 0.33515625
2 0.878125 0.63671875 0.15625 0.31015625
0 0.146875 0.09375 0.08046875 0.0875
0 0.3609375 0.12109375 0.05625 0.08828125
0 0.3046875 0.19453125 0.0609375 0.0734375
0 0.0703125 0.46015625 0.05078125 0.0671875
0 0.2015625 0.5328125 0.05859375 0.07734375
0 0.1921875 0.6609375 0.065625 0.08359375
0 0.08515625 0.73671875 0.06171875 0.08046875
0 0.30234375 0.6984375 0.06484375 0.06875
0 0.65546875 0.60546875 0.06640625 0.08203125
0 0.765625 0.36875 0.0625 0.0734375
0 0.82265625 0.44453125 0.059375 0.07890625
0 0.81875 0.5703125 0.06484375 0.07421875