1 0.16953125 0.1453125 0.075 0.025
1 0.57578125 0.14765625 0.15625 0.0328125
1 0.75078125 0.14453125 0.0765625 0.0359375
1 0.7578125 0.9125 0.1296875 0.028125
1 0.27265625 0.90703125 0.06171875 0.021875
1 0.34765625 0.91015625 0.046875 0.034375
2 0.146875 0.2890625 0.2734375 0.29609375
2 0.35625 0.2796875 0.15859375 0.30625
2 0.21484375 0.47890625 0.15859375 0.075
2 0.36328125 0.58203125 0.1390625 0.28125
2 0.23203125 0.8109375 0.13828125 0.19296875
2 0.3671875 0.81328125 0.14375 0.1875
2 0.5765625 0.39609375 0.2390625 0.50703125
2 0.78671875 0.34296875 0.1828125 0.4109375
2 0.790625 0.6 0.190625 0.10546875
2 0.74453125 0.7765625 0.27890625 0.25390625
0 0.1046875 0.13984375 0.05859375 0.15703125
0 0.3515625 0.1171875 0.075 0.09296875
0 0.8234375 0.1453125 0.06640625 0.13984375
0 0.3546875 0.465625 0.06484375 0.07578125
0 0.3171875 0.55859375 0.06015625 0.0703125
0 0.2453125 0.54375 0.06328125 0.06796875
0 0.1171875 0.5546875 0.0609375 0.06484375
0 0.2625 0.69765625 0.05546875 0.0703125
0 0.2828125 0.76484375 0.06640625 0.0796875
0 0.10625 0.79375 0.0703125 0.09609375
0 0.10859375 0.9359375 0.07265625 0.09453125
0 0.546875 0.8078125 0.07578125 0.09609375
0 0.553125 0.9390625 0.07265625 0.090625
0 0.64296875 0.675 0.05859375 0.078125
0 0.684375 0.62109375 0.06328125 0.0640625