1 0.30390625 0.3078125 0.1046875 0.0265625
1 0.43125 0.303125 0.05546875 0.0234375
1 0.58984375 0.31171875 0.09921875 0.028125
1 0.7 0.3125 0.096875 0.0296875
1 0.61484375 0.7953125 0.08828125 0.025
1 0.33828125 0.79765625 0.0859375 0.021875
2 0.26328125 0.58125 0.06953125 0.09296875
2 0.3265625 0.5828125 0.0640625 0.09296875
2 0.3109375 0.71171875 0.17265625 0.175
2 0.4625 0.73984375 0.040625 0.11484375
2 0.54921875 0.61640625 0.06484375 0.16015625
2 0.54453125 0.7453125 0.06875 0.10234375
2 0.62578125 0.69765625 0.1 0.196875
2 0.74453125 0.578125 0.04140625 0.08046875
2 0.70703125 0.42109375 0.12265625 0.225
2 0.5796875 0.41796875 0.13984375 0.23125
0 0.38671875 0.33359375 0.04921875 0.07578125
0 0.3671875 0.56484375 0.04609375 0.05
0 0.41484375 0.8203125 0.053125 0.05859375
0 0.69140625 0.771875 0.04609375 0.0546875
2 0.35625 0.42109375 0.25234375 0.23359375