1 0.31796875 0.31875 0.27109375 0.0328125
1 0.60859375 0.38046875 0.1609375 0.02890625
1 0.621875 0.90859375 0.1609375 0.0140625
1 0.25234375 0.90859375 0.14453125 0.0171875
2 0.3125 0.45546875 0.40703125 0.26640625
2 0.65390625 0.59140625 0.2859375 0.09140625
2 0.66796875 0.4609375 0.2796875 0.178125
2 0.1859375 0.63359375 0.19765625 0.10546875
2 0.2421875 0.80390625 0.30546875 0.2234375
2 0.66015625 0.8125 0.27734375 0.190625
2 0.56484375 0.67421875 0.10234375 0.090625
2 0.71015625 0.67421875 0.18359375 0.090625
2 0.696875 0.12109375 0.22578125 0.2046875
0 0.5109375 0.35078125 0.1359375 0.07578125
0 0.484375 0.6046875 0.0875 0.05078125
0 0.65234375 0.6109375 0.0625 0.0359375
0 0.490625 0.6765625 0.08515625 0.0421875
0 0.54609375 0.7734375 0.09921875 0.040625
0 0.35546875 0.75078125 0.0796875 0.05390625
0 0.1859375 0.703125 0.06796875 0.0390625
0 0.4515625 0.85 0.11328125 0.05390625
0 0.44453125 0.93359375 0.0984375 0.06015625
0 0.53359375 0.128125 0.125 0.05546875