1 0.13359375 0.15 0.11875 0.03125
1 0.3625 0.1515625 0.14375 0.028125
1 0.61171875 0.1484375 0.1265625 0.03046875
1 0.8328125 0.15078125 0.1453125 0.0234375
1 0.6765625 0.896875 0.08515625 0.0296875
1 0.81953125 0.8921875 0.14375 0.02265625
1 0.34921875 0.89609375 0.1359375 0.03046875
2 0.2703125 0.3859375 0.4296875 0.46640625
2 0.15625 0.7078125 0.21796875 0.1765625
2 0.36953125 0.75234375 0.221875 0.28125
2 0.1140625 0.84296875 0.13125 0.103125
2 0.57734375 0.68046875 0.121875 0.121875
2 0.63125 0.82265625 0.23203125 0.1625
2 0.84296875 0.75703125 0.19453125 0.28125
2 0.88125 0.54609375 0.125 0.1375
2 0.83828125 0.31640625 0.19765625 0.321875
2 0.63046875 0.31171875 0.215625 0.325
0 0.23515625 0.16953125 0.05 0.071875
0 0.70390625 0.175 0.06796875 0.0703125
0 0.7140625 0.45234375 0.05703125 0.053125
0 0.771875 0.4578125 0.0484375 0.053125
0 0.7984375 0.5578125 0.05 0.06171875
0 0.778125 0.63828125 0.0515625 0.0625
0 0.6796875 0.63671875 0.05390625 0.06484375
0 0.60390625 0.76171875 0.046875 0.05625
0 0.14296875 0.76796875 0.07265625 0.0625
0 0.21015625 0.81015625 0.05703125 0.06640625
0 0.22265625 0.92109375 0.06015625 0.0625