1 0.55703125 0.01484375 0.09453125 0.028125
1 0.79765625 0.0125 0.103125 0.02421875
1 0.3609375 0.42734375 0.0359375 0.06328125
1 0.39296875 0.38671875 0.0359375 0.0359375
1 0.553125 0.38359375 0.0375 0.0328125
1 0.57890625 0.4265625 0.0390625 0.06796875
1 0.85234375 0.5015625 0.08046875 0.02890625
1 0.95078125 0.43203125 0.0578125 0.05390625
1 0.84453125 0.8453125 0.06796875 0.028125
2 0.409375 0.1359375 0.63046875 0.26015625
2 0.85078125 0.15625 0.26484375 0.29453125
2 0.15078125 0.4484375 0.10390625 0.10546875
2 0.89921875 0.58515625 0.1984375 0.16796875
2 0.78671875 0.39765625 0.4171875 0.21875
2 0.84140625 0.70234375 0.09921875 0.09375
2 0.8921875 0.796875 0.190625 0.1125
0 0.03984375 0.42421875 0.0734375 0.10703125
0 0.103125 0.3796875 0.05546875 0.05546875
0 0.47578125 0.35546875 0.1109375 0.05625
0 0.9171875 0.48984375 0.05234375 0.06796875
0 0.90859375 0.8234375 0.05 0.07265625
0 0.953125 0.96796875 0.05625 0.06328125