1 0.03046875 0.20234375 0.04140625 0.19375
1 0.4875 0.15078125 0.03125 0.10859375
1 0.4859375 0.27421875 0.01875 0.05546875
1 0.5671875 0.38046875 0.07109375 0.03046875
1 0.39609375 0.38515625 0.03828125 0.03359375
1 0.7125 0.37890625 0.13203125 0.02578125
1 0.9796875 0.12578125 0.02734375 0.05859375
1 0.7859375 0.596875 0.0265625 0.06328125
1 0.515625 0.865625 0.0921875 0.03515625
1 0.3046875 0.69765625 0.0203125 0.04921875
1 0.30546875 0.80546875 0.02578125 0.040625
2 0.39375 0.69453125 0.1703125 0.1046875
2 0.371875 0.80234375 0.13203125 0.1015625
2 0.53359375 0.80625 0.1921875 0.1109375
2 0.553125 0.696875 0.15390625 0.10078125
2 0.43203125 0.5703125 0.2421875 0.1234375
2 0.58828125 0.56875 0.08359375 0.12109375
2 0.74296875 0.59453125 0.1015625 0.12265625
2 0.7390625 0.7046875 0.1046875 0.06640625
2 0.56015625 0.1109375 0.0828125 0.16484375
2 0.703125 0.20234375 0.19765625 0.353125
2 0.571875 0.28359375 0.09453125 0.1828125
2 0.86015625 0.128125 0.1078125 0.2
2 0.9484375 0.13046875 0.05859375 0.196875
2 0.3515625 0.12734375 0.2515625 0.1859375
2 0.1265625 0.2 0.19765625 0.34609375
2 0.26171875 0.3359375 0.0671875 0.0796875
0 0.271875 0.278125 0.05078125 0.06015625
0 0.34296875 0.3421875 0.0578125 0.06796875
0 0.32734375 0.4046875 0.0671875 0.06640625
0 0.81640625 0.28359375 0.06484375 0.05546875
0 0.821875 0.08359375 0.06171875 0.0640625
0 0.91640625 0.096875 0.1078125 0.0484375
0 0.8375 0.38359375 0.05234375 0.12421875
0 0.67109375 0.55546875 0.06015625 0.05390625
0 0.64375 0.609375 0.0609375 0.06015625
0 0.6703125 0.70390625 0.06875 0.05546875
0 0.6453125 0.80234375 0.07109375 0.05625
0 0.65703125 0.89453125 0.06796875 0.07734375
0 0.396875 0.728125 0.0671875 0.0640625
0 0.4953125 0.70078125 0.06171875 0.05390625
0 0.521875 0.6 0.0703125 0.071875