1 0.18125 0.31171875 0.18125 0.04453125
1 0.30703125 0.2046875 0.046875 0.1296875
1 0.496875 0.071875 0.13671875 0.0546875
1 0.809375 0.0703125 0.11640625 0.0328125
1 0.0265625 0.5375 0.0515625 0.3203125
1 0.03046875 0.809375 0.05546875 0.19375
1 0.23046875 0.9375 0.05859375 0.040625
1 0.3984375 0.93515625 0.14375 0.0421875
1 0.5734375 0.9359375 0.12578125 0.0375
2 0.48984375 0.28984375 0.35703125 0.44375
2 0.815625 0.21171875 0.28984375 0.26796875
2 0.90078125 0.42890625 0.11640625 0.1859375
2 0.7578125 0.42734375 0.17734375 0.1859375
2 0.41875 0.6234375 0.23125 0.221875
1 0.31171875 0.59921875 0.02734375 0.08125
1 0.41640625 0.83203125 0.21953125 0.2046875
2 0.16953125 0.62578125 0.284375 0.61953125
0 0.3 0.4671875 0.0640625 0.1
0 0.29296875 0.80078125 0.04296875 0.0984375
0 0.35703125 0.7421875 0.07890625 0.04453125
0 0.15390625 0.94453125 0.0984375 0.0546875
0 0.65078125 0.28203125 0.040625 0.09765625
0 0.83203125 0.44921875 0.05 0.075
0 0.77578125 0.540625 0.103125 0.0578125