1 0.26015625 0.0625 0.0390625 0.0171875
1 0.321875 0.0609375 0.03671875 0.034375
1 0.3828125 0.06484375 0.04140625 0.0265625
1 0.69609375 0.06328125 0.07265625 0.03046875
1 0.6453125 0.14453125 0.01484375 0.046875
1 0.4828125 0.31171875 0.01171875 0.13359375
1 0.5046875 0.57421875 0.0203125 0.11640625
1 0.43046875 0.70390625 0.065625 0.0265625
1 0.3046875 0.703125 0.06328125 0.025
1 0.24296875 0.703125 0.06484375 0.02890625
1 0.62109375 0.59375 0.01640625 0.0734375
1 0.69140625 0.7078125 0.075 0.03046875
1 0.778125 0.70078125 0.02421875 0.02890625
1 0.89296875 0.70078125 0.06953125 0.02890625
1 0.96171875 0.56484375 0.021875 0.13515625
1 0.93984375 0.29765625 0.02578125 0.12734375
1 0.7734375 0.06484375 0.03046875 0.03046875
2 0.23125 0.146875 0.08125 0.17421875
2 0.31171875 0.1453125 0.07578125 0.1609375
2 0.41484375 0.1484375 0.13671875 0.16640625
2 0.440625 0.34296875 0.1265625 0.2375
2 0.4453125 0.5828125 0.1203125 0.24609375
2 0.33671875 0.5859375 0.11171875 0.23984375
2 0.2203125 0.59765625 0.11015625 0.2203125
2 0.20234375 0.440625 0.0640625 0.0859375
2 0.26796875 0.4359375 0.06328125 0.0875
2 0.24765625 0.3203125 0.11640625 0.1625
2 0.12578125 0.3890625 0.0984375 0.3546875
2 0.12265625 0.72734375 0.09609375 0.3328125
2 0.69296875 0.1640625 0.096875 0.20078125
2 0.77109375 0.14375 0.0609375 0.16484375
2 0.86640625 0.15703125 0.1375 0.1875
2 0.5921875 0.2953125 0.1171875 0.1703125
2 0.7140625 0.4328125 0.06875 0.0890625
2 0.690625 0.59296875 0.13828125 0.21875
2 0.86171875 0.571875 0.2015625 0.26328125
0 0.7359375 0.25390625 0.0375 0.09140625
0 0.75625 0.2296875 0.03125 0.0734375
0 0.77265625 0.54140625 0.0359375 0.11953125
0 0.82265625 0.71171875 0.0328125 0.12734375
0 0.72109375 0.496875 0.034375 0.06953125
0 0.58125 0.409375 0.0390625 0.07734375
0 0.221875 0.503125 0.0296875 0.04765625
0 0.26484375 0.51640625 0.04609375 0.0578125
0 0.365625 0.70390625 0.0390625 0.1203125
0 0.4015625 0.5515625 0.040625 0.0640625
0 0.29921875 0.48203125 0.04296875 0.05234375
0 0.28671875 0.33203125 0.04296875 0.07734375
0 0.38984375 0.315625 0.04375 0.06015625
0 0.34375 0.15625 0.034375 0.05078125
0 0.27890625 0.16953125 0.04375 0.04296875
0 0.14921875 0.5890625 0.034375 0.07890625
0 0.08515625 0.7640625 0.0359375 0.078125
0 0.184375 0.746875 0.034375 0.075