1 0.425 0.02734375 0.115625 0.021875
1 0.54921875 0.09296875 0.07890625 0.02265625
1 0.6359375 0.2390625 0.03671875 0.0140625
1 0.65546875 0.296875 0.01484375 0.0859375
1 0.64140625 0.36171875 0.03125 0.015625
1 0.615625 0.43671875 0.0171875 0.096875
1 0.56640625 0.6265625 0.0890625 0.021875
2 0.42265625 0.16171875 0.13046875 0.27421875
2 0.5484375 0.16328125 0.1296875 0.15703125
2 0.3984375 0.33515625 0.08203125 0.06640625
2 0.55234375 0.41796875 0.1328125 0.13046875
2 0.39921875 0.40546875 0.0828125 0.07890625
2 0.39140625 0.48984375 0.06015625 0.0953125
2 0.3890625 0.57890625 0.06484375 0.0953125
2 0.44453125 0.58359375 0.04765625 0.07734375
1 0.4 0.61953125 0.025 0.0234375
1 0.44375 0.62578125 0.02890625 0.0203125
2 0.56640625 0.55703125 0.09609375 0.1484375
2 0.3921875 0.68671875 0.07421875 0.1171875
2 0.575 0.3 0.18125 0.12578125
0 0.50234375 0.06171875 0.053125 0.04921875
0 0.49921875 0.2140625 0.04765625 0.04609375
0 0.43125 0.34765625 0.03359375 0.04296875
0 0.39921875 0.43125 0.0296875 0.04609375
0 0.45546875 0.421875 0.02890625 0.04921875
0 0.5 0.42109375 0.0296875 0.05078125
0 0.5359375 0.5046875 0.03359375 0.04765625
0 0.5015625 0.56953125 0.0359375 0.05234375
0 0.459375 0.53671875 0.034375 0.04140625
0 0.4046875 0.52734375 0.0265625 0.03828125
0 0.42421875 0.66875 0.04296875 0.04296875
0 0.5 0.64140625 0.03671875 0.05078125
0 0.39140625 0.80546875 0.0609375 0.05234375