1 0.28984375 0.26015625 0.0265625 0.13046875
1 0.41015625 0.18203125 0.140625 0.03984375
1 0.603125 0.1734375 0.13984375 0.0375
1 0.28984375 0.59765625 0.03125 0.0765625
2 0.49921875 0.296875 0.42265625 0.2484375
2 0.37421875 0.54921875 0.1703125 0.265625
1 0.5734375 0.78828125 0.09609375 0.0328125
2 0.62421875 0.48984375 0.1828125 0.15234375
2 0.66171875 0.5671875 0.1 0.0921875
2 0.61875 0.6953125 0.18359375 0.20703125
2 0.35234375 0.7765625 0.13125 0.20546875
0 0.50078125 0.1375 0.0875 0.1
0 0.5109375 0.48359375 0.05703125 0.09296875
0 0.67421875 0.490625 0.0578125 0.08046875
0 0.5484375 0.6453125 0.04921875 0.06953125
0 0.43828125 0.6046875 0.065625 0.06484375
0 0.43203125 0.834375 0.0609375 0.084375
0 0.49296875 0.8265625 0.0625 0.10234375