1 0.16171875 0.38984375 0.028125 0.18125
1 0.1671875 0.15703125 0.0328125 0.10390625
1 0.4328125 0.025 0.08359375 0.0234375
1 0.5640625 0.334375 0.03203125 0.0578125
1 0.56484375 0.42734375 0.021875 0.07109375
1 0.56484375 0.4859375 0.028125 0.05625
1 0.56484375 0.603125 0.028125 0.053125
1 0.56484375 0.7421875 0.021875 0.0796875
1 0.36171875 0.86796875 0.15390625 0.034375
1 0.27578125 0.80546875 0.0265625 0.09921875
1 0.22890625 0.678125 0.0546875 0.0234375
2 0.26015625 0.13828125 0.1953125 0.22890625
2 0.4609375 0.13828125 0.2078125 0.23671875
2 0.51796875 0.315625 0.103125 0.1078125
2 0.51015625 0.465625 0.0953125 0.20625
2 0.53125 0.6203125 0.071875 0.1125
2 0.31328125 0.46171875 0.3140625 0.43125
2 0.35546875 0.76796875 0.19609375 0.19609375
0 0.325 0.22578125 0.05 0.0765625
0 0.38125 0.22421875 0.04921875 0.08203125
0 0.5375 0.38203125 0.04140625 0.059375
0 0.471875 0.55390625 0.0625 0.0578125
0 0.47109375 0.67734375 0.0546875 0.09140625
0 0.52734375 0.69609375 0.04765625 0.06875
0 0.503125 0.82109375 0.06328125 0.07421875