1 0.10390625 0.375 0.02265625 0.1390625
1 0.109375 0.24140625 0.02734375 0.121875
1 0.2109375 0.49453125 0.12578125 0.040625
1 0.4390625 0.4953125 0.1796875 0.0359375
1 0.93515625 0.3984375 0.03515625 0.1421875
1 0.48046875 0.015625 0.1234375 0.028125
1 0.23515625 0.01171875 0.11484375 0.02265625
1 0.66328125 0.01328125 0.12109375 0.02578125
1 0.83125 0.015625 0.14296875 0.0296875
1 0.578125 0.75234375 0.02734375 0.0875
1 0.74140625 0.98828125 0.175 0.0234375
2 0.21796875 0.06171875 0.2203125 0.1125
2 0.15703125 0.19765625 0.10546875 0.16875
2 0.2671875 0.19375 0.1234375 0.1703125
2 0.21640625 0.3890625 0.23671875 0.2234375
2 0.6625 0.09375 0.19140625 0.171875
2 0.44765625 0.2484375 0.2640625 0.47578125
2 0.76171875 0.26640625 0.09453125 0.0828125
2 0.81484375 0.39453125 0.24140625 0.1875
2 0.82578125 0.11796875 0.2296875 0.225
2 0.6421875 0.7265625 0.1390625 0.2234375
2 0.75546875 0.8859375 0.37734375 0.22734375
0 0.07578125 0.08359375 0.07265625 0.08125
0 0.25390625 0.096875 0.084375 0.0703125
0 0.29921875 0.08125 0.07578125 0.059375
0 0.1359375 0.14140625 0.05703125 0.06875
0 0.184375 0.24453125 0.06015625 0.075
0 0.1703125 0.30703125 0.06953125 0.0625
0 0.35390625 0.3890625 0.07578125 0.1359375
0 0.29609375 0.51640625 0.06640625 0.08125
0 0.65234375 0.51796875 0.06640625 0.0875
0 0.73671875 0.6875 0.07578125 0.0703125
0 0.74765625 0.759375 0.06953125 0.0765625
0 0.959375 0.8890625 0.06796875 0.13125
0 0.553125 0.690625 0.07421875 0.0796875
0 0.67421875 0.14140625 0.06484375 0.078125
0 0.6859375 0.2609375 0.0625 0.0921875
0 0.7328125 0.334375 0.08359375 0.0671875
0 0.7328125 0.19140625 0.0796875 0.078125