1 0.4125 0.0703125 0.1859375 0.03671875
1 0.90859375 0.1625 0.06015625 0.1125
1 0.9171875 0.36171875 0.04375 0.09921875
1 0.9140625 0.52890625 0.0578125 0.07265625
1 0.18984375 0.565625 0.05390625 0.121875
1 0.1859375 0.3859375 0.0375 0.12109375
1 0.18828125 0.71171875 0.0453125 0.07109375
2 0.53984375 0.1796875 0.7328125 0.21875
2 0.32890625 0.375 0.30234375 0.1765625
2 0.784375 0.3625 0.259375 0.1765625
2 0.85546875 0.52890625 0.134375 0.14921875
2 0.715625 0.490625 0.153125 0.06328125
2 0.31953125 0.559375 0.28046875 0.184375
2 0.26015625 0.70859375 0.18203125 0.12265625
2 0.38125 0.7171875 0.1171875 0.13671875
2 0.34921875 0.87578125 0.35234375 0.1953125
0 0.15625 0.24140625 0.1046875 0.06484375
0 0.62734375 0.34765625 0.10234375 0.0734375
0 0.88515625 0.434375 0.06171875 0.06171875
0 0.6 0.5140625 0.078125 0.1109375
0 0.64140625 0.490625 0.08203125 0.0453125
0 0.4703125 0.5609375 0.08671875 0.08046875
0 0.46328125 0.71953125 0.071875 0.04609375
0 0.34765625 0.70703125 0.0640625 0.05546875
0 0.484375 0.80078125 0.08203125 0.06953125
0 0.1671875 0.8203125 0.08671875 0.06015625