1 0.2109375 0.54453125 0.07734375 0.0296875
1 0.36328125 0.5484375 0.11328125 0.028125
1 0.15078125 0.34765625 0.0265625 0.08359375
1 0.19609375 0.17734375 0.06953125 0.0328125
1 0.2796875 0.184375 0.0328125 0.0234375
1 0.540625 0.36015625 0.01015625 0.08046875
1 0.5390625 0.26328125 0.01640625 0.08515625
2 0.20234375 0.25078125 0.1 0.1375
2 0.2 0.375 0.1046875 0.11875
2 0.19921875 0.48671875 0.1125 0.1234375
2 0.2765625 0.209375 0.040625 0.06015625
2 0.34921875 0.271875 0.10859375 0.18515625
1 0.3453125 0.1828125 0.04765625 0.0296875
2 0.43984375 0.2296875 0.071875 0.09765625
2 0.49375 0.25859375 0.03125 0.03828125
2 0.42421875 0.31796875 0.05078125 0.08203125
2 0.478125 0.3203125 0.05546875 0.08671875
2 0.43515625 0.46015625 0.19609375 0.175
2 0.1625 0.71796875 0.11796875 0.06015625
2 0.17734375 0.8171875 0.1515625 0.153125
2 0.65546875 0.23359375 0.06171875 0.09609375
2 0.6109375 0.31640625 0.1484375 0.2609375
2 0.7390625 0.2625 0.11953125 0.1734375
2 0.84375 0.2609375 0.1046875 0.1734375
2 0.60859375 0.5 0.1515625 0.115625
2 0.8109375 0.45078125 0.18203125 0.19609375
0 0.2421875 0.2921875 0.04609375 0.03671875
0 0.278125 0.25546875 0.03125 0.0359375
0 0.24453125 0.3953125 0.03359375 0.03671875
0 0.24375 0.459375 0.028125 0.03125
0 0.26640625 0.55859375 0.03125 0.05078125
0 0.65234375 0.28515625 0.03359375 0.05078125
0 0.67890625 0.31328125 0.040625 0.05078125
0 0.6703125 0.45859375 0.0328125 0.04765625
0 0.39296875 0.2328125 0.03046875 0.0328125
0 0.47109375 0.1984375 0.03359375 0.04765625
0 0.46875 0.26328125 0.028125 0.03828125
0 0.4625 0.29921875 0.021875 0.0328125
0 0.4625 0.528125 0.05234375 0.05078125
0 0.22890625 0.7203125 0.03359375 0.03984375