1 0.04296875 0.42265625 0.01953125 0.10234375
1 0.04609375 0.51640625 0.02578125 0.0453125
1 0.1796875 0.57421875 0.0453125 0.0265625
1 0.41796875 0.18671875 0.06640625 0.02890625
1 0.13203125 0.24765625 0.01953125 0.09765625
1 0.6078125 0.2484375 0.01875 0.08671875
1 0.56015625 0.35 0.07421875 0.02109375
1 0.51484375 0.41796875 0.01875 0.08828125
1 0.51328125 0.509375 0.0125 0.03125
1 0.64140625 0.5703125 0.06484375 0.01875
1 0.56484375 0.5765625 0.06953125 0.028125
1 0.809375 0.5734375 0.07109375 0.028125
1 0.903125 0.57578125 0.075 0.02890625
1 0.9578125 0.40546875 0.021875 0.04765625
1 0.88671875 0.18671875 0.0625 0.0234375
1 0.8078125 0.18984375 0.05703125 0.0203125
1 0.67890625 0.1625 0.0765625 0.0328125
1 0.7171875 0.1765625 0.021875 0.03125
1 0.63984375 0.17265625 0.021875 0.034375
1 0.7203125 0.571875 0.02109375 0.03125
2 0.19921875 0.25703125 0.15 0.146875
2 0.41015625 0.246875 0.16015625 0.11171875
2 0.44140625 0.38046875 0.0859375 0.15
2 0.4578125 0.51875 0.06953125 0.11171875
2 0.38359375 0.328125 0.03984375 0.06484375
2 0.25 0.48515625 0.2 0.1765625
2 0.38828125 0.51484375 0.07890625 0.12265625
2 0.09296875 0.46328125 0.11875 0.22578125
2 0.65625 0.4859375 0.09921875 0.18125
2 0.5578125 0.528125 0.09296875 0.1140625
2 0.8171875 0.5015625 0.0953125 0.153125
2 0.91328125 0.496875 0.09765625 0.159375
2 0.9265625 0.3890625 0.06640625 0.07109375
2 0.909375 0.2734375 0.109375 0.1625
2 0.83046875 0.30546875 0.0484375 0.10859375
2 0.8328125 0.22421875 0.0484375 0.0609375
0 0.609375 0.31171875 0.06875 0.05234375
0 0.86484375 0.21015625 0.0328125 0.0328125
0 0.86875 0.340625 0.03125 0.05
0 0.840625 0.36875 0.0265625 0.04375
0 0.8828125 0.40390625 0.02578125 0.0421875
0 0.878125 0.43515625 0.02890625 0.04765625
0 0.84765625 0.43828125 0.02421875 0.04296875
0 0.753125 0.49765625 0.0328125 0.05859375
0 0.7578125 0.596875 0.03359375 0.05859375
0 0.61796875 0.51171875 0.03828125 0.0359375
0 0.4171875 0.37734375 0.03125 0.03515625
0 0.378125 0.36796875 0.0234375 0.0390625
0 0.3609375 0.3875 0.0265625 0.0375
0 0.36328125 0.47265625 0.021875 0.040625
0 0.41640625 0.4859375 0.02890625 0.0390625
0 0.09296875 0.59140625 0.0859375 0.07421875
0 0.1671875 0.38203125 0.0359375 0.0359375
0 0.28828125 0.35 0.0390625 0.05546875
0 0.12890625 0.3140625 0.08046875 0.0453125