1 0.08828125 0.08671875 0.11171875 0.04375
1 0.04140625 0.1359375 0.03046875 0.10390625
1 0.3609375 0.084375 0.1125 0.04765625
1 0.4546875 0.4796875 0.0234375 0.209375
1 0.50546875 0.33828125 0.021875 0.05625
1 0.92421875 0.38515625 0.01875 0.15234375
1 0.23359375 0.7546875 0.0203125 0.10703125
1 0.0953125 0.75546875 0.02890625 0.1140625
1 0.0359375 0.490625 0.0234375 0.0640625
2 0.35 0.496875 0.21015625 0.3359375
2 0.14453125 0.2609375 0.21875 0.36875
2 0.35546875 0.21796875 0.21953125 0.2453125
2 0.0828125 0.5046875 0.09453125 0.13203125
2 0.665625 0.32890625 0.14375 0.128125
2 0.546875 0.32890625 0.1078125 0.14453125
2 0.8296875 0.37734375 0.184375 0.25
2 0.81953125 0.5828125 0.2125 0.171875
2 0.71484375 0.16953125 0.4375 0.17734375
0 0.7609375 0.28671875 0.05234375 0.08125
0 0.62734375 0.415625 0.0484375 0.08203125
0 0.61171875 0.35234375 0.04140625 0.0515625
0 0.52421875 0.42421875 0.05546875 0.07109375
0 0.23125 0.5515625 0.0671875 0.08984375
0 0.16875 0.4671875 0.0671875 0.09375
0 0.15 0.4953125 0.05390625 0.0765625
0 0.16171875 0.68984375 0.053125 0.09609375
0 0.1578125 0.85 0.059375 0.0921875