1 0.90078125 0.14296875 0.08671875 0.0265625
1 0.884375 0.4734375 0.09375 0.0234375
1 0.6515625 0.1375 0.0796875 0.01875
1 0.52265625 0.1078125 0.08671875 0.028125
1 0.46171875 0.16328125 0.03046875 0.07265625
1 0.46640625 0.2609375 0.02265625 0.04765625
1 0.46015625 0.40078125 0.03671875 0.07578125
1 0.56875 0.471875 0.03828125 0.0234375
1 0.246875 0.5453125 0.0296875 0.0265625
1 0.40390625 0.6953125 0.025 0.0328125
1 0.40234375 0.77578125 0.028125 0.06953125
1 0.18125 0.7015625 0.025 0.0359375
1 0.18046875 0.77421875 0.0265625 0.05390625
1 0.0953125 0.46953125 0.03984375 0.021875
1 0.05625 0.4171875 0.028125 0.053125
1 0.0546875 0.34609375 0.03125 0.0515625
1 0.05859375 0.265625 0.0234375 0.02890625
1 0.05703125 0.21484375 0.0265625 0.034375
1 0.24609375 0.14375 0.08828125 0.021875
2 0.23046875 0.2109375 0.125 0.14765625
2 0.1140625 0.33828125 0.1265625 0.08515625
2 0.14921875 0.26875 0.04453125 0.06328125
2 0.096875 0.26875 0.0734375 0.07265625
2 0.14765625 0.2078125 0.03828125 0.06328125
2 0.11171875 0.14453125 0.11640625 0.0703125
2 0.13359375 0.421875 0.1828125 0.10078125
2 0.2578125 0.41171875 0.075 0.12578125
2 0.23671875 0.68203125 0.12265625 0.065625
2 0.34921875 0.684375 0.128125 0.07265625
2 0.5296875 0.40078125 0.1359375 0.14296875
2 0.678125 0.37890625 0.04296875 0.06953125
2 0.52578125 0.215625 0.125 0.221875
2 0.64140625 0.20859375 0.11328125 0.15546875
2 0.85078125 0.20625 0.2 0.13203125
2 0.79609375 0.30703125 0.1 0.09296875
2 0.8453125 0.4109375 0.2046875 0.11015625
0 0.84609375 0.1390625 0.053125 0.07734375
0 0.85703125 0.27421875 0.04140625 0.04609375
0 0.846875 0.29921875 0.0484375 0.04296875
0 0.86796875 0.340625 0.03671875 0.053125
0 0.603125 0.13671875 0.046875 0.08515625
0 0.640625 0.38828125 0.04140625 0.04140625
0 0.628125 0.42578125 0.03984375 0.04375
0 0.63125 0.4875 0.04296875 0.0484375
0 0.64140625 0.52578125 0.03984375 0.0359375
2 0.678125 0.51015625 0.053125 0.09296875
0 0.1890625 0.1296875 0.03515625 0.0375
0 0.15546875 0.1609375 0.03046875 0.03359375
0 0.1828125 0.209375 0.04453125 0.04140625
0 0.11328125 0.18984375 0.03359375 0.0375
0 0.10703125 0.22734375 0.03359375 0.03359375
0 0.1859375 0.3765625 0.04140625 0.034375
0 0.234375 0.37109375 0.03515625 0.0359375
0 0.24140625 0.48671875 0.03359375 0.04296875
0 0.33828125 0.4828125 0.04296875 0.04140625
0 0.2890625 0.55625 0.03515625 0.03125
0 0.24140625 0.63828125 0.04296875 0.04140625
0 0.34921875 0.6375 0.03828125 0.0375