1 0.165625 0.1078125 0.059375 0.03125
1 0.35546875 0.115625 0.09765625 0.034375
1 0.54765625 0.11171875 0.11640625 0.0328125
1 0.73515625 0.1140625 0.1 0.03125
1 0.8828125 0.11171875 0.08828125 0.028125
1 0.8859375 0.66953125 0.10390625 0.03125
1 0.553125 0.80390625 0.10859375 0.034375
1 0.34609375 0.80390625 0.09296875 0.02890625
1 0.08828125 0.42734375 0.03359375 0.15390625
1 0.965625 0.384375 0.01796875 0.06796875
2 0.171875 0.18359375 0.17890625 0.13828125
2 0.178125 0.45 0.1828125 0.39921875
2 0.30078125 0.44453125 0.0765625 0.13984375
2 0.39140625 0.44140625 0.1046875 0.128125
2 0.39609375 0.57109375 0.121875 0.15078125
2 0.29921875 0.57109375 0.08515625 0.13203125
2 0.353125 0.71875 0.19765625 0.17265625
2 0.55234375 0.64921875 0.2234375 0.31953125
2 0.86640625 0.56640625 0.2046875 0.21875
2 0.8875 0.2265625 0.15859375 0.2328125
2 0.91796875 0.3984375 0.1046875 0.11484375
2 0.734375 0.225 0.159375 0.2375
2 0.3515625 0.24140625 0.18515625 0.2515625
2 0.55078125 0.3125 0.2171875 0.36484375
0 0.78125 0.3140625 0.05703125 0.07734375
0 0.83671875 0.3125 0.05390625 0.08828125
0 0.8609375 0.42109375 0.05 0.0859375
0 0.7921875 0.484375 0.0515625 0.0828125
0 0.69765625 0.5828125 0.0578125 0.09296875
0 0.69921875 0.69453125 0.05 0.08671875
0 0.46796875 0.72265625 0.06484375 0.07421875
0 0.3765625 0.66484375 0.046875 0.09140625
0 0.3703125 0.534375 0.06171875 0.07109375
0 0.31484375 0.65625 0.0515625 0.07421875
0 0.24921875 0.70625 0.07890625 0.07578125
0 0.24609375 0.41640625 0.0671875 0.0828125
0 0.06171875 0.17734375 0.059375 0.0890625