1 0.09375 0.37890625 0.053125 0.11796875
1 0.57421875 0.5421875 0.21171875 0.02109375
1 0.778125 0.5453125 0.215625 0.02734375
1 0.8953125 0.7171875 0.04296875 0.0609375
1 0.2796875 0.61796875 0.2375 0.03203125
1 0.2796875 0.13046875 0.2328125 0.02734375
1 0.6828125 0.065625 0.46796875 0.03203125
1 0.9109375 0.2359375 0.03125 0.06953125
1 0.8046875 0.39375 0.1828125 0.0296875
1 0.6015625 0.396875 0.12265625 0.0234375
2 0.30390625 0.20234375 0.309375 0.13359375
2 0.67734375 0.125 0.43203125 0.1
2 0.82109375 0.29296875 0.16796875 0.22265625
2 0.70390625 0.36796875 0.0765625 0.071875
2 0.6 0.3625 0.11484375 0.0671875
2 0.5046875 0.36328125 0.08125 0.075
2 0.22265625 0.3734375 0.27109375 0.20546875
2 0.28828125 0.57890625 0.30703125 0.0734375
2 0.565625 0.61953125 0.228125 0.1640625
2 0.79140625 0.6203125 0.23828125 0.15703125
2 0.8140625 0.78359375 0.16328125 0.18125
2 0.63515625 0.8453125 0.19921875 0.0625
2 0.4984375 0.84609375 0.0890625 0.07109375
2 0.39765625 0.8421875 0.121875 0.065625
2 0.1703125 0.83984375 0.17265625 0.06484375
2 0.29921875 0.87578125 0.12265625 0.15
2 0.1609375 0.91015625 0.17734375 0.08515625
0 0.415625 0.12265625 0.0578125 0.03984375
0 0.825 0.19453125 0.06484375 0.04453125
0 0.721875 0.31328125 0.06484375 0.05234375
0 0.7625 0.346875 0.06953125 0.03984375
0 0.60546875 0.3203125 0.05234375 0.0296875
0 0.4875 0.31953125 0.0671875 0.03984375
0 0.1765625 0.4984375 0.175 0.06328125
0 0.415625 0.4078125 0.08125 0.04453125
0 0.41796875 0.36171875 0.08671875 0.03828125
0 0.40859375 0.60234375 0.0625 0.03984375
0 0.63671875 0.6828125 0.053125 0.03828125
0 0.69609375 0.6828125 0.0671875 0.05078125
0 0.64453125 0.7953125 0.06015625 0.04921875
0 0.71796875 0.790625 0.05234375 0.03671875
0 0.47890625 0.7953125 0.05078125 0.03046875
0 0.42421875 0.79609375 0.05078125 0.03203125
0 0.30546875 0.80078125 0.0578125 0.02890625
0 0.18359375 0.79921875 0.06015625 0.04765625
0 0.1984375 0.884375 0.05546875 0.03984375