1 0.0390625 0.24765625 0.0453125 0.2875
1 0.0453125 0.621875 0.034375 0.2765625
1 0.82890625 0.20390625 0.05078125 0.325
2 0.621875 0.25859375 0.42109375 0.4546875
2 0.23046875 0.2453125 0.375 0.4203125
2 0.31328125 0.7203125 0.11171875 0.3015625
2 0.14609375 0.6609375 0.21796875 0.41484375
2 0.45 0.6671875 0.14765625 0.40234375
0 0.8203125 0.38984375 0.146875 0.12265625
0 0.4859375 0.48828125 0.06328125 0.1265625
0 0.31796875 0.4078125 0.08984375 0.12265625
0 0.32890625 0.5359375 0.07421875 0.12109375
0 0.4578125 0.8703125 0.09609375 0.2125
0 0.240625 0.52421875 0.07265625 0.11875