1 0.35078125 0.23515625 0.0328125 0.140625
1 0.68515625 0.1390625 0.1234375 0.0296875
1 0.35390625 0.4640625 0.0296875 0.1265625
1 0.26640625 0.703125 0.028125 0.1390625
2 0.6921875 0.25390625 0.2140625 0.25
2 0.73828125 0.47890625 0.1140625 0.175
2 0.73515625 0.6296875 0.12421875 0.1515625
2 0.421875 0.68671875 0.315625 0.20625
2 0.45234375 0.4828125 0.2109375 0.19765625
2 0.4640625 0.26328125 0.23828125 0.24375
0 0.3546875 0.32578125 0.1265625 0.059375
0 0.53046875 0.42421875 0.0734375 0.06875
0 0.65859375 0.46640625 0.0734375 0.0625
0 0.66171875 0.61953125 0.0578125 0.065625
0 0.55625 0.6125 0.071875 0.06171875
0 0.609375 0.703125 0.075 0.1203125