1 0.33671875 0.23515625 0.09921875 0.0578125
1 0.45078125 0.23828125 0.0578125 0.0546875
1 0.75625 0.36015625 0.04609375 0.11875
1 0.7578125 0.62109375 0.06015625 0.26875
2 0.45859375 0.3140625 0.10234375 0.12421875
2 0.45859375 0.50625 0.10078125 0.2859375
2 0.32421875 0.44453125 0.18515625 0.40390625
2 0.63515625 0.35625 0.2640625 0.21953125
2 0.62890625 0.6296875 0.24453125 0.3453125
0 0.64296875 0.23828125 0.059375 0.1421875
0 0.43671875 0.64140625 0.06171875 0.1421875
0 0.4421875 0.4 0.04921875 0.09140625
0 0.2984375 0.80546875 0.07265625 0.15390625