1 0.1203125 0.23984375 0.14609375 0.03828125
1 0.37890625 0.23046875 0.14375 0.0421875
1 0.59609375 0.23515625 0.15859375 0.03828125
1 0.86953125 0.2375 0.1515625 0.03046875
1 0.6578125 0.77265625 0.05390625 0.03671875
2 0.14375 0.3640625 0.21953125 0.25703125
2 0.3671875 0.38984375 0.234375 0.2984375
2 0.40703125 0.59296875 0.15546875 0.1078125
2 0.3703125 0.71171875 0.25 0.15625
2 0.0953125 0.559375 0.14609375 0.1359375
2 0.6484375 0.4296875 0.278125 0.371875
2 0.87734375 0.43125 0.18984375 0.37421875
2 0.9265625 0.68515625 0.08359375 0.14921875
2 0.88359375 0.8703125 0.18359375 0.2
0 0.7015625 0.2375 0.0765625 0.14609375
0 0.2171875 0.2421875 0.075 0.1359375
0 0.2140625 0.465625 0.06875 0.07265625
0 0.28046875 0.52734375 0.075 0.07265625
0 0.18359375 0.546875 0.0578125 0.06015625
0 0.23203125 0.684375 0.059375 0.05859375
0 0.36484375 0.675 0.053125 0.07109375
0 0.75 0.69296875 0.05078125 0.07734375
0 0.86875 0.68828125 0.0703125 0.06953125
0 0.85703125 0.5859375 0.0703125 0.071875
0 0.7390625 0.803125 0.06640625 0.08046875
0 0.7734375 0.8890625 0.07890625 0.08203125