1 0.28125 0.15 0.2765625 0.0296875
1 0.71015625 0.14296875 0.27421875 0.03359375
1 0.70859375 0.91484375 0.3078125 0.03125
1 0.2390625 0.9140625 0.1921875 0.0234375
2 0.3375 0.32109375 0.434375 0.35234375
2 0.71328125 0.3171875 0.33515625 0.3515625
2 0.7765625 0.54921875 0.20234375 0.109375
2 0.71328125 0.7578125 0.309375 0.3203125
2 0.24453125 0.55625 0.26328125 0.14140625
2 0.2390625 0.765625 0.27421875 0.3
0 0.459375 0.1453125 0.12578125 0.125
0 0.4546875 0.47421875 0.12578125 0.0734375
0 0.6 0.47421875 0.090625 0.0671875
0 0.6296875 0.5453125 0.10234375 0.0703125
0 0.60546875 0.625 0.109375 0.0703125
0 0.39765625 0.5578125 0.09921875 0.06015625
0 0.4171875 0.7015625 0.103125 0.06953125
0 0.43515625 0.79375 0.1078125 0.08828125
0 0.44140625 0.9390625 0.1046875 0.08046875