1 0.4046875 0.1546875 0.1421875 0.0828125
1 0.59921875 0.1375 0.14296875 0.06171875
1 0.82421875 0.134375 0.11875 0.05859375
1 0.91875 0.809375 0.059375 0.12890625
1 0.08828125 0.5984375 0.0484375 0.16796875
1 0.0859375 0.3265625 0.05390625 0.19921875
2 0.2953125 0.32734375 0.4109375 0.35546875
2 0.25390625 0.628125 0.32109375 0.24140625
2 0.38125 0.63984375 0.05546875 0.08125
2 0.384375 0.7078125 0.0609375 0.0703125
2 0.5890625 0.821875 0.16875 0.16328125
2 0.7890625 0.78125 0.24296875 0.27890625
2 0.88046875 0.884375 0.0484375 0.06015625
2 0.875 0.60859375 0.071875 0.06171875
2 0.69765625 0.6046875 0.06640625 0.06171875
2 0.74921875 0.60703125 0.0640625 0.06640625
2 0.6453125 0.36171875 0.22890625 0.4421875
2 0.5296875 0.5484375 0.04296875 0.07734375
2 0.521875 0.384375 0.05703125 0.06640625
2 0.5203125 0.31875 0.05234375 0.07265625
2 0.5234375 0.259375 0.0453125 0.078125
2 0.52421875 0.1875 0.05 0.06953125
2 0.83203125 0.36171875 0.14609375 0.4375
0 0.45390625 0.471875 0.06953125 0.11796875
0 0.484375 0.46015625 0.04140625 0.071875
0 0.56171875 0.38515625 0.05546875 0.06015625
0 0.56328125 0.31796875 0.05234375 0.0515625
0 0.56171875 0.24921875 0.05859375 0.065625
0 0.56953125 0.18984375 0.05390625 0.06171875
0 0.55703125 0.53671875 0.046875 0.0515625
0 0.5953125 0.53984375 0.07109375 0.10078125
0 0.3796875 0.55234375 0.0734375 0.0765625
0 0.33203125 0.64375 0.06796875 0.0640625
0 0.3328125 0.7109375 0.05859375 0.05703125
0 0.45859375 0.79140625 0.0703125 0.10703125
0 0.63046875 0.70859375 0.06484375 0.09453125
0 0.69609375 0.64609375 0.04453125 0.04921875
0 0.6875 0.67890625 0.078125 0.08359375
0 0.75078125 0.65546875 0.05078125 0.07109375
0 0.81015625 0.6015625 0.0609375 0.08671875
0 0.88046875 0.55703125 0.05078125 0.06875
0 0.8828125 0.83203125 0.05234375 0.06171875