1 0.1546875 0.2515625 0.03125 0.33046875
1 0.09140625 0.7640625 0.0390625 0.22578125
1 0.96640625 0.8015625 0.04453125 0.1390625
1 0.965625 0.546875 0.03203125 0.253125
1 0.96796875 0.271875 0.046875 0.2421875
2 0.325 0.30703125 0.334375 0.52890625
2 0.56875 0.14765625 0.1515625 0.2015625
2 0.55859375 0.31875 0.1421875 0.1828125
2 0.8015625 0.221875 0.33359375 0.36640625
2 0.85703125 0.66953125 0.22578125 0.5359375
2 0.6953125 0.7546875 0.12578125 0.38984375
2 0.44609375 0.66015625 0.10390625 0.153125
2 0.44453125 0.83984375 0.10078125 0.215625
2 0.24140625 0.7625 0.31015625 0.36875
0 0.6625 0.14140625 0.0578125 0.11796875
0 0.665625 0.34921875 0.07421875 0.1453125
0 0.5578125 0.44609375 0.06484375 0.1359375
0 0.66015625 0.540625 0.05859375 0.134375
0 0.5578125 0.884375 0.08046875 0.15703125
0 0.778125 0.61328125 0.0640625 0.103125
0 0.41328125 0.628125 0.075 0.08046875
0 0.46875 0.640625 0.06796875 0.1171875
0 0.4671875 0.78828125 0.06640625 0.1125
0 0.28515625 0.6296875 0.08125 0.13359375
0 0.15234375 0.47734375 0.16640625 0.125